#Step   Etot   PotE Ktot  T
0 0.818304 -2.635731  3.454035 3.45
1 0.820667 -2.628590  3.449257 3.45
2 0.820643 -2.616558  3.437201 3.44
3 0.820605 -2.599363  3.419968 3.42
4 0.820553 -2.576577  3.397131 3.40
5 0.820487 -2.547617  3.368104 3.37
6 0.820407 -2.511748  3.332155 3.33
7 0.820317 -2.468112  3.288429 3.29
8 0.820225 -2.415797  3.236022 3.24
9 0.820146 -2.353964  3.174109 3.17
10 0.820103 -2.282085  3.102188 3.10
11 1.174326 -2.195215  3.369541 3.37
12 1.174437 -2.097936  3.272373 3.27
13 1.174674 -1.992943  3.167617 3.17
14 1.175007 -1.884756  3.059763 3.06
15 1.175347 -1.779165  2.954513 2.95
16 1.175586 -1.681882  2.857468 2.86
17 1.175659 -1.596933  2.772591 2.77
18 1.175585 -1.525730  2.701315 2.70
19 1.175438 -1.467322  2.642760 2.64
20 1.175289 -1.419444  2.594733 2.59
21 2.036865 -1.371040  3.407905 3.41
22 2.036817 -1.325001  3.361818 3.36
23 2.036786 -1.280140  3.316925 3.32
24 2.036745 -1.235650  3.272395 3.27
25 2.036688 -1.190773  3.227460 3.23
26 2.036628 -1.144712  3.181340 3.18
27 2.036602 -1.096861  3.133463 3.13
28 2.036663 -1.047332  3.083995 3.08
29 2.036849 -0.997659  3.034508 3.03
30 2.037134 -0.951219  2.988353 2.99
31 2.505483 -0.908379  3.413862 3.41
32 2.505608 -0.875930  3.381538 3.38
33 2.505460 -0.855950  3.361411 3.36
34 2.505104 -0.846444  3.351549 3.35
35 2.504716 -0.842258  3.346974 3.35
36 2.504439 -0.837591  3.342030 3.34
37 2.504323 -0.828199  3.332522 3.33
38 2.504342 -0.812260  3.316603 3.32
39 2.504451 -0.790148  3.294599 3.29
40 2.504620 -0.763833  3.268453 3.27
41 2.692804 -0.734985  3.427788 3.43
42 2.693110 -0.707928  3.401038 3.40
43 2.693491 -0.688104  3.381595 3.38
44 2.693866 -0.681883  3.375749 3.38
45 2.694084 -0.695254  3.389338 3.39
46 2.694001 -0.731544  3.425545 3.43
47 2.693606 -0.789384  3.482990 3.48
48 2.693046 -0.862563  3.555609 3.56
49 2.692527 -0.942138  3.634665 3.63
50 2.692187 -1.019440  3.711627 3.71
51 2.436818 -1.086595  3.523413 3.52
52 2.436810 -1.143752  3.580563 3.58
53 2.436878 -1.189735  3.626613 3.63
54 2.436968 -1.224690  3.661659 3.66
55 2.437055 -1.249337  3.686392 3.69
56 2.437136 -1.264570  3.701706 3.70
57 2.437218 -1.271379  3.708596 3.71
58 2.437310 -1.270928  3.708238 3.71
59 2.437411 -1.264638  3.702049 3.70
60 2.437506 -1.254135  3.691641 3.69
61 2.202336 -1.241947  3.444282 3.44
62 2.202340 -1.229367  3.431708 3.43
63 2.202278 -1.216710  3.418989 3.42
64 2.202167 -1.203361  3.405528 3.41
65 2.202042 -1.188021  3.390062 3.39
66 2.201946 -1.169238  3.371184 3.37
67 2.201916 -1.146047  3.347963 3.35
68 2.201977 -1.118522  3.320499 3.32
69 2.202135 -1.088129  3.290264 3.29
70 2.202370 -1.057793  3.260163 3.26
71 2.398886 -1.030126  3.429012 3.43
72 2.399117 -1.009925  3.409041 3.41
73 2.399225 -1.001034  3.400259 3.40
74 2.399167 -1.005412  3.404579 3.40
75 2.398962 -1.022460  3.421421 3.42
76 2.398695 -1.049313  3.448008 3.45
77 2.398470 -1.082053  3.480523 3.48
78 2.398344 -1.117171  3.515516 3.52
79 2.398304 -1.152421  3.550725 3.55
80 2.398291 -1.186669  3.584960 3.58
81 2.269705 -1.218952  3.488657 3.49
82 2.269662 -1.249263  3.518925 3.52
83 2.269650 -1.276434  3.546084 3.55
84 2.269689 -1.299719  3.569408 3.57
85 2.269766 -1.319122  3.588889 3.59
86 2.269841 -1.335240  3.605081 3.61
87 2.269873 -1.348718  3.618591 3.62
88 2.269839 -1.359698  3.629537 3.63
89 2.269737 -1.367486  3.637222 3.64
90 2.269580 -1.370531  3.640111 3.64
91 2.085700 -1.367194  3.452894 3.45
92 2.085519 -1.355641  3.441161 3.44
93 2.085372 -1.333703  3.419075 3.42
94 2.085308 -1.299942  3.385250 3.39
95 2.085388 -1.254398  3.339786 3.34
96 2.085665 -1.199448  3.285113 3.29
97 2.086134 -1.140450  3.226585 3.23
98 2.086692 -1.085479  3.172172 3.17
99 2.087159 -1.043649  3.130808 3.13
100 2.087375 -1.022404  3.109779 3.11
101 2.087294 -1.025174  3.112468 3.11
102 2.086986 -1.050646  3.137632 3.14
103 2.086576 -1.093757  3.180334 3.18
104 2.086185 -1.147597  3.233782 3.23
105 2.085884 -1.205279  3.291164 3.29
106 2.085692 -1.261152  3.346844 3.35
107 2.085585 -1.311186  3.396771 3.40
108 2.085526 -1.352745  3.438272 3.44
109 2.085485 -1.384120  3.469605 3.47
110 2.085444 -1.404090  3.489533 3.49
111 2.085400 -1.411673  3.497074 3.50
112 2.085366 -1.406100  3.491466 3.49
113 2.085363 -1.386965  3.472328 3.47
114 2.085417 -1.354529  3.439947 3.44
115 2.085551 -1.310074  3.395626 3.40
116 2.085773 -1.256189  3.341962 3.34
117 2.086060 -1.196810  3.282870 3.28
118 2.086358 -1.136833  3.223191 3.22
119 2.086600 -1.081278  3.167878 3.17
120 2.086738 -1.034275  3.121013 3.12
121 2.086770 -0.998349  3.085119 3.09
122 2.086732 -0.974362  3.061094 3.06
123 2.086662 -0.961979  3.048642 3.05
124 2.086582 -0.960235  3.046817 3.05
125 2.086490 -0.967856  3.054346 3.05
126 2.086379 -0.983290  3.069669 3.07
127 2.086248 -1.004646  3.090894 3.09
128 2.086107 -1.029709  3.115817 3.12
129 2.085975 -1.056114  3.142089 3.14
130 2.085871 -1.081628  3.167499 3.17
131 2.085812 -1.104461  3.190273 3.19
132 2.085809 -1.123527  3.209336 3.21
133 2.085866 -1.138619  3.224484 3.22
134 2.085974 -1.150446  3.236420 3.24
135 2.086115 -1.160518  3.246633 3.25
136 2.086256 -1.170827  3.257083 3.26
137 2.086361 -1.183364  3.269725 3.27
138 2.086403 -1.199581  3.285984 3.29
139 2.086379 -1.219996  3.306374 3.31
140 2.086304 -1.244116  3.330420 3.33
141 2.086206 -1.270676  3.356881 3.36
142 2.086105 -1.298017  3.384122 3.38
143 2.086011 -1.324413  3.410425 3.41
144 2.085923 -1.348224  3.434147 3.43
145 2.085837 -1.367908  3.453744 3.45
146 2.085752 -1.382005  3.467757 3.47
147 2.085672 -1.389153  3.474825 3.47
148 2.085606 -1.388161  3.473767 3.47
149 2.085567 -1.378159  3.463726 3.46
150 2.085573 -1.358801  3.444374 3.44
151 2.085639 -1.330518  3.416157 3.42
152 2.085776 -1.294736  3.380512 3.38
153 2.085979 -1.253996  3.339975 3.34
154 2.086221 -1.211834  3.298055 3.30
155 2.086448 -1.172309  3.258757 3.26
156 2.086593 -1.139175  3.225768 3.23
157 2.086605 -1.114889  3.201494 3.20
158 2.086483 -1.099891  3.186374 3.19
159 2.086284 -1.092579  3.178863 3.18
160 2.086097 -1.090132  3.176229 3.18
161 2.085997 -1.089793  3.175791 3.18
162 2.086009 -1.089953  3.175962 3.18
163 2.086098 -1.090507  3.176605 3.18
164 2.086204 -1.092422  3.178626 3.18
165 2.086275 -1.096895  3.183170 3.18
166 2.086288 -1.104608  3.190896 3.19
167 2.086249 -1.115404  3.201653 3.20
168 2.086181 -1.128374  3.214555 3.21
169 2.086107 -1.142174  3.228281 3.23
170 2.086047 -1.155392  3.241439 3.24
171 2.086012 -1.166841  3.252853 3.25
172 2.086005 -1.175739  3.261744 3.26
173 2.086018 -1.181747  3.267765 3.27
174 2.086038 -1.184865  3.270903 3.27
175 2.086054 -1.185254  3.271309 3.27
176 2.086061 -1.183079  3.269141 3.27
177 2.086060 -1.178422  3.264482 3.26
178 2.086053 -1.171280  3.257332 3.26
179 2.086042 -1.161604  3.247646 3.25
180 2.086031 -1.149339  3.235370 3.24
181 2.086022 -1.134457  3.220479 3.22
182 2.086021 -1.117009  3.203030 3.20
183 2.086034 -1.097205  3.183240 3.18
184 2.086069 -1.075505  3.161573 3.16
185 2.086128 -1.052710  3.138837 3.14
186 2.086210 -1.030010  3.116220 3.12
187 2.086309 -1.008950  3.095259 3.10
188 2.086408 -0.991304  3.077713 3.08
189 2.086489 -0.978833  3.065322 3.07
190 2.086536 -0.972998  3.059534 3.06
191 2.086546 -0.974727  3.061273 3.06
192 2.086531 -0.984357  3.070888 3.07
193 2.086517 -1.001809  3.088326 3.09
194 2.086520 -1.026900  3.113420 3.11
195 2.086538 -1.059573  3.146111 3.15
196 2.086547 -1.099857  3.186404 3.19
197 2.086513 -1.147517  3.234030 3.23
198 2.086412 -1.201578  3.287990 3.29
199 2.086246 -1.260013  3.346259 3.35
200 2.086044 -1.319809  3.405853 3.41
201 2.085847 -1.377397  3.463244 3.46
202 2.085689 -1.429270  3.514959 3.51
203 2.085591 -1.472532  3.558123 3.56
204 2.085555 -1.505222  3.590777 3.59
205 2.085567 -1.526372  3.611939 3.61
206 2.085610 -1.535854  3.621464 3.62
207 2.085665 -1.534133  3.619798 3.62
208 2.085717 -1.521990  3.607707 3.61
209 2.085756 -1.500302  3.586058 3.59
210 2.085781 -1.469904  3.555685 3.56
211 2.085799 -1.431559  3.517359 3.52
212 2.085823 -1.386051  3.471874 3.47
213 2.085870 -1.334349  3.420218 3.42
214 2.085954 -1.277829  3.363782 3.36
215 2.086086 -1.218472  3.304558 3.30
216 2.086268 -1.158986  3.245254 3.25
217 2.086489 -1.102791  3.189280 3.19
218 2.086726 -1.053821  3.140547 3.14
219 2.086942 -1.016136  3.103078 3.10
220 2.087094 -0.993348  3.080442 3.08
221 2.087145 -0.987974  3.075119 3.08
222 2.087072 -1.000863  3.087935 3.09
223 2.086877 -1.030870  3.117748 3.12
224 2.086587 -1.074902  3.161489 3.16
225 2.086247 -1.128325  3.214572 3.21
226 2.085911 -1.185675  3.271586 3.27
227 2.085630 -1.241489  3.327118 3.33
228 2.085439 -1.291083  3.376522 3.38
229 2.085356 -1.331129  3.416485 3.42
230 2.085380 -1.359941  3.445321 3.45
231 2.085498 -1.377495  3.462992 3.46
232 2.085683 -1.385230  3.470913 3.47
233 2.085905 -1.385680  3.471585 3.47
234 2.086123 -1.381969  3.468092 3.47
235 2.086298 -1.377217  3.463515 3.46
236 2.086399 -1.373934  3.460333 3.46
237 2.086416 -1.373566  3.459982 3.46
238 2.086361 -1.376324  3.462685 3.46
239 2.086264 -1.381356  3.467620 3.47
240 2.086160 -1.387183  3.473343 3.47
241 2.086078 -1.392213  3.478290 3.48
242 2.086031 -1.395159  3.481189 3.48
243 2.086019 -1.395263  3.481282 3.48
244 2.086033 -1.392302  3.478335 3.48
245 2.086056 -1.386436  3.472492 3.47
246 2.086081 -1.377995  3.464076 3.46
247 2.086113 -1.367372  3.453485 3.45
248 2.086169 -1.355082  3.441251 3.44
249 2.086261 -1.341969  3.428230 3.43
250 2.086390 -1.329384  3.415774 3.42
251 2.086533 -1.319154  3.405687 3.41
252 2.086656 -1.313266  3.399922 3.40
253 2.086726 -1.313364  3.400090 3.40
254 2.086728 -1.320289  3.407017 3.41
255 2.086666 -1.333846  3.420513 3.42
256 2.086560 -1.352873  3.439433 3.44
257 2.086431 -1.375518  3.461949 3.46
258 2.086299 -1.399584  3.485882 3.49
259 2.086177 -1.422820  3.508997 3.51
260 2.086073 -1.443147  3.529220 3.53
261 2.085992 -1.458795  3.544788 3.54
262 2.085938 -1.468397  3.554335 3.55
263 2.085910 -1.471039  3.556949 3.56
264 2.085908 -1.466276  3.552185 3.55
265 2.085933 -1.454141  3.540074 3.54
266 2.085982 -1.435128  3.521110 3.52
267 2.086056 -1.410184  3.496240 3.50
268 2.086152 -1.380681  3.466833 3.47
269 2.086265 -1.348371  3.434636 3.43
270 2.086386 -1.315291  3.401677 3.40
271 2.086500 -1.283604  3.370104 3.37
272 2.086589 -1.255364  3.341953 3.34
273 2.086632 -1.232222  3.318854 3.32
274 2.086618 -1.215134  3.301752 3.30
275 2.086545 -1.204177  3.290722 3.29
276 2.086432 -1.198555  3.284987 3.28
277 2.086302 -1.196836  3.283138 3.28
278 2.086179 -1.197317  3.283496 3.28
279 2.086078 -1.198374  3.284451 3.28
280 2.085993 -1.198673  3.284666 3.28
281 2.085907 -1.197135  3.283042 3.28
282 2.085791 -1.192690  3.278480 3.28
283 2.085616 -1.183908  3.269525 3.27
284 2.085367 -1.168673  3.254040 3.25
285 2.085043 -1.144020  3.229063 3.23
286 2.084679 -1.106285  3.190964 3.19
287 2.084380 -1.051807  3.136187 3.14
288 2.084368 -0.978672  3.063040 3.06
289 2.084948 -0.890008  2.974956 2.97
290 2.086208 -0.797895  2.884103 2.88
291 2.087570 -0.723503  2.811073 2.81
292 2.088027 -0.687969  2.775997 2.78
293 2.087314 -0.698388  2.785702 2.79
294 2.086212 -0.744171  2.830382 2.83
295 2.085445 -0.807608  2.893053 2.89
296 2.085076 -0.874635  2.959710 2.96
297 2.084876 -0.936972  3.021847 3.02
298 2.084714 -0.989576  3.074290 3.07
299 2.084620 -1.028836  3.113456 3.11
300 2.084682 -1.052786  3.137469 3.14
301 2.084947 -1.062167  3.147114 3.15
302 2.085359 -1.060875  3.146234 3.15
303 2.085766 -1.054977  3.140744 3.14
304 2.086010 -1.050436  3.136446 3.14
305 2.086020 -1.050750  3.136770 3.14
306 2.085847 -1.055906  3.141753 3.14
307 2.085598 -1.063045  3.148643 3.15
308 2.085374 -1.068044  3.153418 3.15
309 2.085244 -1.067073  3.152317 3.15
310 2.085247 -1.057704  3.142951 3.14
311 2.085398 -1.039564  3.124962 3.12
312 2.085678 -1.014553  3.100231 3.10
313 2.086036 -0.986564  3.072601 3.07
314 2.086399 -0.960706  3.047106 3.05
315 2.086687 -0.942171  3.028858 3.03
316 2.086844 -0.935038  3.021882 3.02
317 2.086853 -0.941415  3.028268 3.03
318 2.086741 -0.961166  3.047907 3.05
319 2.086556 -0.992257  3.078812 3.08
320 2.086350 -1.031464  3.117814 3.12
321 2.086164 -1.075159  3.161324 3.16
322 2.086021 -1.119936  3.205957 3.21
323 2.085925 -1.162981  3.248906 3.25
324 2.085872 -1.202211  3.288083 3.29
325 2.085850 -1.236227  3.322077 3.32
326 2.085845 -1.264169  3.350014 3.35
327 2.085847 -1.285539  3.371386 3.37
328 2.085851 -1.300057  3.385908 3.39
329 2.085855 -1.307582  3.393437 3.39
330 2.085865 -1.308100  3.393966 3.39
331 2.085889 -1.301789  3.387679 3.39
332 2.085936 -1.289129  3.375065 3.38
333 2.086013 -1.271020  3.357033 3.36
334 2.086118 -1.248856  3.334974 3.33
335 2.086238 -1.224471  3.310709 3.31
336 2.086346 -1.199924  3.286270 3.29
337 2.086413 -1.177098  3.263511 3.26
338 2.086414 -1.157249  3.243663 3.24
339 2.086347 -1.140653  3.227000 3.23
340 2.086232 -1.126571  3.212804 3.21
341 2.086112 -1.113570  3.199682 3.20
342 2.086032 -1.100122  3.186153 3.19
343 2.086026 -1.085268  3.171294 3.17
344 2.086108 -1.069128  3.155236 3.16
345 2.086266 -1.053090  3.139355 3.14
346 2.086459 -1.039606  3.126065 3.13
347 2.086633 -1.031608  3.118241 3.12
348 2.086733 -1.031689  3.118422 3.12
349 2.086728 -1.041314  3.128042 3.13
350 2.086618 -1.060349  3.146967 3.15
351 2.086437 -1.087077  3.173514 3.17
352 2.086234 -1.118670  3.204904 3.20
353 2.086056 -1.151901  3.237957 3.24
354 2.085938 -1.183864  3.269801 3.27
355 2.085892 -1.212483  3.298374 3.30
356 2.085909 -1.236728  3.322637 3.32
357 2.085963 -1.256508  3.342471 3.34
358 2.086021 -1.272309  3.358329 3.36
359 2.086052 -1.284713  3.370765 3.37
360 2.086043 -1.293983  3.380026 3.38
361 2.086003 -1.299874  3.385877 3.39
362 2.085951 -1.301742  3.387693 3.39
363 2.085912 -1.298838  3.384750 3.38
364 2.085906 -1.290662  3.376568 3.38
365 2.085939 -1.277237  3.363177 3.36
366 2.086012 -1.259232  3.345245 3.35
367 2.086114 -1.237942  3.324056 3.32
368 2.086225 -1.215116  3.301341 3.30
369 2.086320 -1.192659  3.278979 3.28
370 2.086373 -1.172239  3.258612 3.26
371 2.086370 -1.154905  3.241274 3.24
372 2.086312 -1.140865  3.227178 3.23
373 2.086222 -1.129530  3.215752 3.22
374 2.086125 -1.119794  3.205919 3.21
375 2.086043 -1.110425  3.196468 3.20
376 2.085986 -1.100379  3.186365 3.19
377 2.085955 -1.088962  3.174917 3.17
378 2.085944 -1.075850  3.161794 3.16
379 2.085945 -1.061011  3.146956 3.15
380 2.085948 -1.044576  3.130525 3.13
381 2.085945 -1.026699  3.112644 3.11
382 2.085933 -1.007436  3.093369 3.09
383 2.085917 -0.986726  3.072643 3.07
384 2.085908 -0.964467  3.050375 3.05
385 2.085920 -0.940688  3.026608 3.03
386 2.085964 -0.915754  3.001718 3.00
387 2.086042 -0.890522  2.976565 2.98
388 2.086141 -0.866363  2.952504 2.95
389 2.086232 -0.844950  2.931183 2.93
390 2.086284 -0.827863  2.914147 2.91
391 2.086268 -0.816107  2.902375 2.90
392 2.086171 -0.809733  2.895903 2.90
393 2.085997 -0.807664  2.893661 2.89
394 2.085775 -0.807809  2.893584 2.89
395 2.085570 -0.807544  2.893114 2.89
396 2.085479 -0.804697  2.890176 2.89
397 2.085607 -0.798981  2.884589 2.88
398 2.085986 -0.793365  2.879351 2.88
399 2.086498 -0.794298  2.880796 2.88
400 2.086896 -0.809801  2.896697 2.90
401 2.086946 -0.845748  2.932694 2.93
402 2.086609 -0.902514  2.989123 2.99
403 2.086059 -0.974408  3.060467 3.06
404 2.085540 -1.052208  3.137748 3.14
405 2.085200 -1.126761  3.211961 3.21
406 2.085057 -1.191383  3.276440 3.28
407 2.085058 -1.242401  3.327459 3.33
408 2.085141 -1.278536  3.363677 3.36
409 2.085274 -1.300082  3.385356 3.39
410 2.085446 -1.308392  3.393838 3.39
411 2.085659 -1.305678  3.391336 3.39
412 2.085900 -1.294930  3.380830 3.38
413 2.086141 -1.279684  3.365825 3.37
414 2.086338 -1.263525  3.349863 3.35
415 2.086457 -1.249424  3.335881 3.34
416 2.086497 -1.239233  3.325730 3.33
417 2.086488 -1.233636  3.320124 3.32
418 2.086471 -1.232553  3.319025 3.32
419 2.086470 -1.235705  3.322175 3.32
420 2.086482 -1.242956  3.329438 3.33
421 2.086485 -1.254296  3.340781 3.34
422 2.086456 -1.269548  3.356004 3.36
423 2.086383 -1.288051  3.374434 3.37
424 2.086271 -1.308507  3.394778 3.39
425 2.086138 -1.329061  3.415199 3.42
426 2.086010 -1.347587  3.433597 3.43
427 2.085913 -1.362079  3.447992 3.45
428 2.085867 -1.371041  3.456909 3.46
429 2.085883 -1.373786  3.459669 3.46
430 2.085954 -1.370574  3.456528 3.46
431 2.086058 -1.362514  3.448573 3.45
432 2.086164 -1.351238  3.437402 3.44
433 2.086239 -1.338415  3.424654 3.42
434 2.086269 -1.325296  3.411565 3.41
435 2.086258 -1.312478  3.398736 3.40
436 2.086233 -1.299989  3.386222 3.39
437 2.086225 -1.287647  3.373872 3.37
438 2.086259 -1.275518  3.361776 3.36
439 2.086338 -1.264248  3.350586 3.35
440 2.086441 -1.255107  3.341549 3.34
441 2.086532 -1.249675  3.336207 3.34
442 2.086573 -1.249293  3.335866 3.34
443 2.086543 -1.254515  3.341058 3.34
444 2.086446 -1.264805  3.351251 3.35
445 2.086306 -1.278594  3.364900 3.36
446 2.086152 -1.293626  3.379778 3.38
447 2.086009 -1.307406  3.393416 3.39
448 2.085894 -1.317595  3.403489 3.40
449 2.085814 -1.322273  3.408087 3.41
450 2.085773 -1.320094  3.405867 3.41
451 2.085769 -1.310349  3.396118 3.40
452 2.085802 -1.292971  3.378773 3.38
453 2.085867 -1.268514  3.354381 3.35
454 2.085962 -1.238098  3.324059 3.32
455 2.086081 -1.203352  3.289432 3.29
456 2.086216 -1.166322  3.252539 3.25
457 2.086356 -1.129337  3.215693 3.22
458 2.086480 -1.094786  3.181266 3.18
459 2.086565 -1.064812  3.151377 3.15
460 2.086595 -1.040965  3.127560 3.13
461 2.086562 -1.023937  3.110499 3.11
462 2.086475 -1.013465  3.099941 3.10
463 2.086350 -1.008458  3.094808 3.09
464 2.086203 -1.007231  3.093435 3.09
465 2.086053 -1.007790  3.093843 3.09
466 2.085924 -1.008132  3.094056 3.09
467 2.085846 -1.006627  3.092473 3.09
468 2.085850 -1.002474  3.088324 3.09
469 2.085941 -0.996106  3.082047 3.08
470 2.086080 -0.989210  3.075291 3.08
471 2.086184 -0.984084  3.070268 3.07
472 2.086181 -0.982439  3.068620 3.07
473 2.086070 -0.984383  3.070453 3.07
474 2.085921 -0.988385  3.074307 3.07
475 2.085822 -0.992281  3.078104 3.08
476 2.085811 -0.994499  3.080311 3.08
477 2.085865 -0.994652  3.080516 3.08
478 2.085930 -0.993269  3.079199 3.08
479 2.085966 -0.991099  3.077065 3.08
480 2.085964 -0.988533  3.074497 3.07
481 2.085940 -0.985464  3.071404 3.07
482 2.085918 -0.981511  3.067429 3.07
483 2.085912 -0.976358  3.062270 3.06
484 2.085926 -0.969974  3.055901 3.06
485 2.085963 -0.962699  3.048661 3.05
486 2.086020 -0.955241  3.041262 3.04
487 2.086095 -0.948656  3.034751 3.03
488 2.086174 -0.944240  3.030414 3.03
489 2.086239 -0.943309  3.029548 3.03
490 2.086273 -0.946906  3.033179 3.03
491 2.086265 -0.955537  3.041802 3.04
492 2.086217 -0.969027  3.055243 3.06
493 2.086134 -0.986521  3.072655 3.07
494 2.086033 -1.006618  3.092651 3.09
495 2.085933 -1.027613  3.113547 3.11
496 2.085850 -1.047805  3.133655 3.13
497 2.085791 -1.065761  3.151553 3.15
498 2.085750 -1.080448  3.166198 3.17
499 2.085710 -1.091164  3.176874 3.18
500 2.085659 -1.097356  3.183015 3.18
501 2.085590 -1.098450  3.184040 3.18
502 2.085509 -1.093786  3.179295 3.18
503 2.085443 -1.082750  3.168193 3.17
504 2.085447 -1.065191  3.150638 3.15
505 2.085611 -1.042268  3.127879 3.13
506 2.085999 -1.017626  3.103625 3.10
507 2.086537 -0.998055  3.084592 3.08
508 2.086952 -0.992080  3.079032 3.08
509 2.086951 -1.005939  3.092891 3.09
510 2.086515 -1.039485  3.126000 3.13
511 2.085919 -1.085939  3.171859 3.17
512 2.085460 -1.135775  3.221236 3.22
513 2.085254 -1.181089  3.266343 3.27
514 2.085271 -1.217611  3.302881 3.30
515 2.085437 -1.244547  3.329984 3.33
516 2.085682 -1.263592  3.349274 3.35
517 2.085936 -1.277843  3.363778 3.36
518 2.086125 -1.290679  3.376804 3.38
519 2.086198 -1.304625  3.390823 3.39
520 2.086161 -1.320576  3.406737 3.41
521 2.086077 -1.337843  3.423920 3.42
522 2.086018 -1.355003  3.441021 3.44
523 2.086014 -1.370906  3.456920 3.46
524 2.086045 -1.385134  3.471179 3.47
525 2.086064 -1.397748  3.483813 3.48
526 2.086043 -1.408679  3.494722 3.49
527 2.085981 -1.417322  3.503303 3.50
528 2.085901 -1.422561  3.508462 3.51
529 2.085819 -1.423066  3.508885 3.51
530 2.085742 -1.417577  3.503319 3.50
531 2.085671 -1.405038  3.490709 3.49
532 2.085615 -1.384648  3.470263 3.47
533 2.085604 -1.356038  3.441641 3.44
534 2.085687 -1.319707  3.405394 3.41
535 2.085913 -1.277707  3.363620 3.36
536 2.086287 -1.234238  3.320525 3.32
537 2.086720 -1.195547  3.282267 3.28
538 2.087039 -1.168500  3.255539 3.26
539 2.087091 -1.158048  3.245139 3.25
540 2.086865 -1.165053  3.251918 3.25
541 2.086493 -1.186108  3.272601 3.27
542 2.086143 -1.215431  3.301574 3.30
543 2.085908 -1.247291  3.333199 3.33
544 2.085795 -1.277502  3.363297 3.36
545 2.085764 -1.303680  3.389444 3.39
546 2.085763 -1.324758  3.410521 3.41
547 2.085754 -1.340290  3.426044 3.43
548 2.085717 -1.349897  3.435614 3.44
549 2.085654 -1.352971  3.438625 3.44
550 2.085587 -1.348686  3.434273 3.43
551 2.085549 -1.336299  3.421848 3.42
552 2.085575 -1.315615  3.401190 3.40
553 2.085674 -1.287423  3.373097 3.37
554 2.085828 -1.253616  3.339443 3.34
555 2.085991 -1.216868  3.302859 3.30
556 2.086119 -1.179970  3.266089 3.27
557 2.086191 -1.145156  3.231347 3.23
558 2.086217 -1.113795  3.200011 3.20
559 2.086218 -1.086497  3.172715 3.17
560 2.086209 -1.063415  3.149624 3.15
561 2.086192 -1.044456  3.130648 3.13
562 2.086168 -1.029357  3.115524 3.12
563 2.086140 -1.017706  3.103846 3.10
564 2.086122 -1.009044  3.095166 3.10
565 2.086122 -1.003036  3.089158 3.09
566 2.086140 -0.999603  3.085743 3.09
567 2.086167 -0.998932  3.085099 3.09
568 2.086189 -1.001338  3.087527 3.09
569 2.086197 -1.007071  3.093268 3.09
570 2.086188 -1.016168  3.102356 3.10
571 2.086170 -1.028432  3.114602 3.11
572 2.086150 -1.043513  3.129662 3.13
573 2.086138 -1.061033  3.147171 3.15
574 2.086140 -1.080719  3.166860 3.17
575 2.086157 -1.102487  3.188644 3.19
576 2.086178 -1.126423  3.212601 3.21
577 2.086178 -1.152607  3.238785 3.24
578 2.086136 -1.180763  3.266899 3.27
579 2.086046 -1.209947  3.295993 3.30
580 2.085925 -1.238465  3.324390 3.32
581 2.085802 -1.264140  3.349942 3.35
582 2.085704 -1.284763  3.370468 3.37
583 2.085645 -1.298512  3.384158 3.38
584 2.085627 -1.304181  3.389808 3.39
585 2.085645 -1.301238  3.386883 3.39
586 2.085699 -1.289802  3.375501 3.38
587 2.085788 -1.270623  3.356411 3.36
588 2.085912 -1.245064  3.330976 3.33
589 2.086066 -1.215083  3.301148 3.30
590 2.086237 -1.183131  3.269368 3.27
591 2.086404 -1.151943  3.238346 3.24
592 2.086540 -1.124187  3.210727 3.21
593 2.086624 -1.102075  3.188699 3.19
594 2.086647 -1.087036  3.173683 3.17
595 2.086616 -1.079570  3.166185 3.17
596 2.086547 -1.079330  3.165877 3.17
597 2.086460 -1.085364  3.171825 3.17
598 2.086370 -1.096392  3.182762 3.18
599 2.086284 -1.111023  3.197308 3.20
600 2.086202 -1.127877  3.214079 3.21
601 2.086123 -1.145606  3.231729 3.23
602 2.086046 -1.162891  3.248937 3.25
603 2.085972 -1.178440  3.264412 3.26
604 2.085906 -1.191027  3.276934 3.28
605 2.085859 -1.199594  3.285453 3.29
606 2.085842 -1.203393  3.289234 3.29
607 2.085864 -1.202162  3.288026 3.29
608 2.085929 -1.196267  3.282196 3.28
609 2.086031 -1.186751  3.272782 3.27
610 2.086156 -1.175247  3.261403 3.26
611 2.086284 -1.163748  3.250031 3.25
612 2.086394 -1.154298  3.240693 3.24
613 2.086477 -1.148705  3.235182 3.24
614 2.086530 -1.148350  3.234880 3.23
615 2.086559 -1.154148  3.240707 3.24
616 2.086568 -1.166595  3.253163 3.25
617 2.086555 -1.185818  3.272373 3.27
618 2.086508 -1.211526  3.298034 3.30
619 2.086417 -1.242864  3.329280 3.33
620 2.086279 -1.278270  3.364549 3.36
621 2.086108 -1.315470  3.401579 3.40
622 2.085932 -1.351699  3.437631 3.44
623 2.085781 -1.384110  3.469891 3.47
624 2.085679 -1.410235  3.495914 3.50
625 2.085635 -1.428348  3.513983 3.51
626 2.085644 -1.437616  3.523260 3.52
627 2.085692 -1.438042  3.523734 3.52
628 2.085765 -1.430280  3.516045 3.52
629 2.085854 -1.415426  3.501280 3.50
630 2.085960 -1.394884  3.480844 3.48
631 2.086088 -1.370356  3.456444 3.46
632 2.086244 -1.343901  3.430145 3.43
633 2.086423 -1.317981  3.404405 3.40
634 2.086602 -1.295342  3.381944 3.38
635 2.086744 -1.278650  3.365395 3.37
636 2.086816 -1.269965  3.356781 3.36
637 2.086798 -1.270226  3.357024 3.36
638 2.086699 -1.278996  3.365695 3.37
639 2.086542 -1.294572  3.381114 3.38
640 2.086359 -1.314366  3.400725 3.40
641 2.086173 -1.335377  3.421550 3.42
642 2.085993 -1.354566  3.440559 3.44
643 2.085821 -1.369053  3.454875 3.45
644 2.085652 -1.376180  3.461832 3.46
645 2.085484 -1.373487  3.458971 3.46
646 2.085327 -1.358746  3.444073 3.44
647 2.085204 -1.330126  3.415330 3.42
648 2.085157 -1.286571  3.371728 3.37
649 2.085237 -1.228398  3.313635 3.31
650 2.085492 -1.158024  3.243516 3.24
651 2.085934 -1.080564  3.166498 3.17
652 2.086505 -1.003860  3.090366 3.09
653 2.087065 -0.937473  3.024538 3.02
654 2.087435 -0.890506  2.977941 2.98
655 2.087494 -0.868966  2.956460 2.96
656 2.087255 -0.874010  2.961266 2.96
657 2.086848 -0.902111  2.988959 2.99
658 2.086430 -0.946908  3.033338 3.03
659 2.086104 -1.001523  3.087627 3.09
660 2.085897 -1.060174  3.146071 3.15
661 2.085776 -1.118696  3.204472 3.20
662 2.085691 -1.174188  3.259879 3.26
663 2.085610 -1.224369  3.309979 3.31
664 2.085530 -1.267141  3.352671 3.35
665 2.085476 -1.300589  3.386064 3.39
666 2.085473 -1.323307  3.408779 3.41
667 2.085539 -1.334794  3.420333 3.42
668 2.085677 -1.335708  3.421386 3.42
669 2.085874 -1.327882  3.413756 3.41
670 2.086101 -1.314106  3.400206 3.40
671 2.086319 -1.297688  3.384007 3.38
672 2.086487 -1.281858  3.368346 3.37
673 2.086573 -1.269137  3.355711 3.36
674 2.086564 -1.260849  3.347413 3.35
675 2.086468 -1.256922  3.343390 3.34
676 2.086310 -1.256004  3.342313 3.34
677 2.086124 -1.255834  3.341958 3.34
678 2.085945 -1.253742  3.339686 3.34
679 2.085803 -1.247170  3.332973 3.33
680 2.085721 -1.234141  3.319863 3.32
681 2.085714 -1.213616  3.299331 3.30
682 2.085784 -1.185707  3.271491 3.27
683 2.085918 -1.151697  3.237615 3.24
684 2.086092 -1.113858  3.199950 3.20
685 2.086270 -1.075065  3.161335 3.16
686 2.086416 -1.038271  3.124687 3.12
687 2.086500 -1.005949  3.092449 3.09
688 2.086506 -0.979633  3.066139 3.07
689 2.086436 -0.959675  3.046111 3.05
690 2.086309 -0.945269  3.031578 3.03
691 2.086152 -0.934720  3.020872 3.02
692 2.085998 -0.925863  3.011860 3.01
693 2.085878 -0.916560  3.002437 3.00
694 2.085820 -0.905192  2.991012 2.99
695 2.085845 -0.891093  2.976938 2.98
696 2.085954 -0.874838  2.960791 2.96
697 2.086117 -0.858239  2.944357 2.94
698 2.086276 -0.843900  2.930176 2.93
699 2.086365 -0.834319  2.920684 2.92
700 2.086352 -0.830928  2.917280 2.92
701 2.086265 -0.833642  2.919907 2.92
702 2.086167 -0.841235  2.927402 2.93
703 2.086107 -0.852221  2.938328 2.94
704 2.086090 -0.865557  2.951647 2.95
705 2.086091 -0.880769  2.966861 2.97
706 2.086086 -0.897642  2.983728 2.98
707 2.086063 -0.915870  3.001933 3.00
708 2.086025 -0.934909  3.020934 3.02
709 2.085978 -0.954007  3.039984 3.04
710 2.085923 -0.972281  3.058204 3.06
711 2.085865 -0.988772  3.074637 3.07
712 2.085816 -1.002522  3.088339 3.09
713 2.085796 -1.012765  3.098561 3.10
714 2.085823 -1.019203  3.105027 3.11
715 2.085911 -1.022291  3.108201 3.11
716 2.086054 -1.023379  3.109433 3.11
717 2.086233 -1.024638  3.110871 3.11
718 2.086412 -1.028726  3.115138 3.12
719 2.086545 -1.038224  3.124768 3.12
720 2.086588 -1.054944  3.141533 3.14
721 2.086522 -1.079293  3.165814 3.17
722 2.086360 -1.109976  3.196336 3.20
723 2.086150 -1.144246  3.230396 3.23
724 2.085940 -1.178585  3.264525 3.26
725 2.085763 -1.209464  3.295227 3.30
726 2.085627 -1.233873  3.319499 3.32
727 2.085528 -1.249510  3.335038 3.34
728 2.085462 -1.254781  3.340243 3.34
729 2.085437 -1.248782  3.334218 3.33
730 2.085469 -1.231403  3.316871 3.32
731 2.085579 -1.203563  3.289141 3.29
732 2.085777 -1.167467  3.253243 3.25
733 2.086045 -1.126693  3.212738 3.21
734 2.086329 -1.085857  3.172186 3.17
735 2.086549 -1.049744  3.136293 3.14
736 2.086643 -1.022125  3.108768 3.11
737 2.086604 -1.004830  3.091433 3.09
738 2.086486 -0.997632  3.084117 3.08
739 2.086359 -0.998967  3.085326 3.09
740 2.086264 -1.006921  3.093185 3.09
741 2.086204 -1.019854  3.106058 3.11
742 2.086165 -1.036491  3.122655 3.12
743 2.086140 -1.055782  3.141923 3.14
744 2.086138 -1.076864  3.163002 3.16
745 2.086161 -1.099166  3.185327 3.19
746 2.086203 -1.122488  3.208691 3.21
747 2.086248 -1.146910  3.233159 3.23
748 2.086284 -1.172597  3.258881 3.26
749 2.086305 -1.199620  3.285925 3.29
750 2.086312 -1.227882  3.314194 3.31
751 2.086306 -1.257120  3.343426 3.34
752 2.086283 -1.286905  3.373188 3.37
753 2.086239 -1.316599  3.402837 3.40
754 2.086173 -1.345298  3.431470 3.43
755 2.086091 -1.371826  3.457917 3.46
756 2.086007 -1.394830  3.480836 3.48
757 2.085939 -1.412982  3.498921 3.50
758 2.085902 -1.425248  3.511150 3.51
759 2.085903 -1.431111  3.517014 3.52
760 2.085933 -1.430653  3.516586 3.52
761 2.085967 -1.424419  3.510386 3.51
762 2.085976 -1.413064  3.499040 3.50
763 2.085942 -1.396946  3.482888 3.48
764 2.085871 -1.375872  3.461743 3.46
765 2.085793 -1.349198  3.434991 3.43
766 2.085751 -1.316277  3.402028 3.40
767 2.085782 -1.277080  3.362862 3.36
768 2.085904 -1.232727  3.318631 3.32
769 2.086113 -1.185748  3.271860 3.27
770 2.086379 -1.139979  3.226358 3.23
771 2.086651 -1.100087  3.186737 3.19
772 2.086859 -1.070739  3.157597 3.16
773 2.086939 -1.055550  3.142489 3.14
774 2.086863 -1.056117  3.142980 3.14
775 2.086666 -1.071612  3.158278 3.16
776 2.086420 -1.099237  3.185657 3.19
777 2.086193 -1.135266  3.221459 3.22
778 2.086001 -1.175995  3.261997 3.26
779 2.085825 -1.218064  3.303889 3.30
780 2.085643 -1.258253  3.343895 3.34
781 2.085459 -1.293250  3.378708 3.38
782 2.085304 -1.319787  3.405091 3.41
783 2.085212 -1.335116  3.420328 3.42
784 2.085199 -1.337524  3.422723 3.42
785 2.085257 -1.326595  3.411852 3.41
786 2.085364 -1.303138  3.388502 3.39
787 2.085499 -1.268888  3.354387 3.35
788 2.085658 -1.226204  3.311862 3.31
789 2.085861 -1.177994  3.263855 3.26
790 2.086135 -1.127940  3.214076 3.21
791 2.086486 -1.080806  3.167292 3.17
792 2.086857 -1.042353  3.129211 3.13
793 2.087136 -1.018421  3.105557 3.11
794 2.087215 -1.013254  3.100469 3.10
795 2.087067 -1.027958  3.115025 3.12
796 2.086761 -1.060107  3.146867 3.15
797 2.086407 -1.104730  3.191137 3.19
798 2.086092 -1.155946  3.242039 3.24
799 2.085857 -1.208309  3.294166 3.29
800 2.085705 -1.257497  3.343201 3.34
801 2.085622 -1.300455  3.386077 3.39
802 2.085593 -1.335270  3.420863 3.42
803 2.085601 -1.360953  3.446553 3.45
804 2.085630 -1.377204  3.462834 3.46
805 2.085668 -1.384188  3.469856 3.47
806 2.085703 -1.382330  3.468033 3.47
807 2.085731 -1.372157  3.457888 3.46
808 2.085751 -1.354213  3.439963 3.44
809 2.085770 -1.329060  3.414830 3.41
810 2.085800 -1.297376  3.383175 3.38
811 2.085852 -1.260103  3.345955 3.35
812 2.085938 -1.218625  3.304563 3.30
813 2.086058 -1.174885  3.260943 3.26
814 2.086203 -1.131371  3.217574 3.22
815 2.086351 -1.090928  3.177279 3.18
816 2.086469 -1.056387  3.142856 3.14
817 2.086521 -1.030044  3.116565 3.12
818 2.086480 -1.013101  3.099581 3.10
819 2.086343 -1.005248  3.091591 3.09
820 2.086145 -1.004654  3.090799 3.09
821 2.085950 -1.008488  3.094438 3.09
822 2.085831 -1.013890  3.099720 3.10
823 2.085834 -1.019036  3.104870 3.10
824 2.085958 -1.023862  3.109820 3.11
825 2.086132 -1.030001  3.116133 3.12
826 2.086251 -1.039778  3.126029 3.13
827 2.086239 -1.054694  3.140933 3.14
828 2.086101 -1.074337  3.160438 3.16
829 2.085916 -1.096457  3.182373 3.18
830 2.085767 -1.118047  3.203814 3.20
831 2.085694 -1.136554  3.222249 3.22
832 2.085688 -1.150511  3.236198 3.24
833 2.085712 -1.159456  3.245168 3.25
834 2.085731 -1.163464  3.249195 3.25
835 2.085722 -1.162631  3.248353 3.25
836 2.085686 -1.156771  3.242457 3.24
837 2.085634 -1.145382  3.231016 3.23
838 2.085588 -1.127829  3.213418 3.21
839 2.085571 -1.103656  3.189227 3.19
840 2.085601 -1.072903  3.158504 3.16
841 2.085684 -1.036362  3.122046 3.12
842 2.085812 -0.995658  3.081470 3.08
843 2.085963 -0.953111  3.039074 3.04
844 2.086109 -0.911395  2.997504 3.00
845 2.086228 -0.873115  2.959342 2.96
846 2.086316 -0.840487  2.926803 2.93
847 2.086384 -0.815247  2.901631 2.90
848 2.086443 -0.798758  2.885201 2.89
849 2.086495 -0.792156  2.878651 2.88
850 2.086525 -0.796340  2.882865 2.88
851 2.086505 -0.811730  2.898235 2.90
852 2.086416 -0.837874  2.924290 2.92
853 2.086263 -0.873177  2.959440 2.96
854 2.086079 -0.915006  3.001085 3.00
855 2.085910 -0.960182  3.046091 3.05
856 2.085790 -1.005650  3.091441 3.09
857 2.085736 -1.049030  3.134766 3.13
858 2.085741 -1.088868  3.174608 3.17
859 2.085785 -1.124588  3.210373 3.21
860 2.085841 -1.156215  3.242056 3.24
861 2.085885 -1.183992  3.269877 3.27
862 2.085909 -1.208052  3.293962 3.29
863 2.085917 -1.228278  3.314196 3.31
864 2.085926 -1.244378  3.330304 3.33
865 2.085953 -1.256124  3.342078 3.34
866 2.086012 -1.263618  3.349630 3.35
867 2.086104 -1.267470  3.353574 3.35
868 2.086220 -1.268827  3.355047 3.36
869 2.086344 -1.269239  3.355584 3.36
870 2.086456 -1.270414  3.356870 3.36
871 2.086532 -1.273900  3.360432 3.36
872 2.086557 -1.280769  3.367326 3.37
873 2.086519 -1.291351  3.377870 3.38
874 2.086418 -1.305080  3.391498 3.39
875 2.086265 -1.320498  3.406763 3.41
876 2.086080 -1.335423  3.421503 3.42
877 2.085892 -1.347282  3.433174 3.43
878 2.085734 -1.353543  3.439277 3.44
879 2.085640 -1.352226  3.437866 3.44
880 2.085639 -1.342401  3.428041 3.43
881 2.085747 -1.324607  3.410354 3.41
882 2.085956 -1.301041  3.386997 3.39
883 2.086228 -1.275393  3.361621 3.36
884 2.086492 -1.252212  3.338704 3.34
885 2.086657 -1.235805  3.322462 3.32
886 2.086645 -1.228870  3.315515 3.32
887 2.086435 -1.231350  3.317785 3.32
888 2.086095 -1.240187  3.326282 3.33
889 2.085749 -1.250334  3.336084 3.34
890 2.085515 -1.256587  3.342102 3.34
891 2.085454 -1.255330  3.340784 3.34
892 2.085567 -1.245517  3.331084 3.33
893 2.085805 -1.228723  3.314529 3.31
894 2.086088 -1.208439  3.294527 3.29
895 2.086321 -1.188843  3.275164 3.28
896 2.086434 -1.173416  3.259850 3.26
897 2.086401 -1.163872  3.250273 3.25
898 2.086247 -1.159754  3.246001 3.25
899 2.086027 -1.158780  3.244806 3.24
900 2.085800 -1.157640  3.243440 3.24
901 2.085613 -1.152906  3.238519 3.24
902 2.085494 -1.141763  3.227257 3.23
903 2.085452 -1.122456  3.207908 3.21
904 2.085484 -1.094468  3.179951 3.18
905 2.085581 -1.058487  3.144067 3.14
906 2.085735 -1.016296  3.102031 3.10
907 2.085937 -0.970627  3.056564 3.06
908 2.086171 -0.924980  3.011151 3.01
909 2.086414 -0.883344  2.969758 2.97
910 2.086631 -0.849788  2.936420 2.94
911 2.086781 -0.827914  2.914695 2.91
912 2.086815 -0.820187  2.907003 2.91
913 2.086696 -0.827218  2.913914 2.91
914 2.086424 -0.847205  2.933629 2.93
915 2.086064 -0.875999  2.962063 2.96
916 2.085715 -0.908048  2.993762 2.99
917 2.085462 -0.937874  3.023336 3.02
918 2.085340 -0.961374  3.046714 3.05
919 2.085336 -0.976400  3.061736 3.06
920 2.085418 -0.982653  3.068070 3.07
921 2.085559 -0.981249  3.066808 3.07
922 2.085747 -0.974331  3.060077 3.06
923 2.085970 -0.964815  3.050785 3.05
924 2.086203 -0.956154  3.042357 3.04
925 2.086403 -0.951897  3.038300 3.04
926 2.086531 -0.955039  3.041570 3.04
927 2.086570 -0.967432  3.054002 3.05
928 2.086534 -0.989527  3.076060 3.08
929 2.086448 -1.020543  3.106991 3.11
930 2.086336 -1.058858  3.145194 3.15
931 2.086209 -1.102360  3.188569 3.19
932 2.086071 -1.148652  3.234723 3.23
933 2.085923 -1.195142  3.281065 3.28
934 2.085778 -1.239134  3.324912 3.32
935 2.085655 -1.278032  3.363687 3.36
936 2.085578 -1.309663  3.395242 3.40
937 2.085566 -1.332637  3.418202 3.42
938 2.085620 -1.346606  3.432226 3.43
939 2.085724 -1.352310  3.438034 3.44
940 2.085838 -1.351294  3.437132 3.44
941 2.085911 -1.345328  3.431239 3.43
942 2.085904 -1.335672  3.421576 3.42
943 2.085804 -1.322490  3.408294 3.41
944 2.085636 -1.304692  3.390329 3.39
945 2.085446 -1.280296  3.365743 3.37
946 2.085282 -1.247109  3.332391 3.33
947 2.085175 -1.203443  3.288618 3.29
948 2.085143 -1.148630  3.233773 3.23
949 2.085191 -1.083297  3.168488 3.17
950 2.085325 -1.009461  3.094786 3.09
951 2.085556 -0.930584  3.016140 3.02
952 2.085899 -0.851685  2.937584 2.94
953 2.086341 -0.779417  2.865758 2.87
954 2.086789 -0.721652  2.808441 2.81
955 2.087079 -0.685983  2.773062 2.77
956 2.087054 -0.677233  2.764286 2.76
957 2.086692 -0.695233  2.781925 2.78
958 2.086130 -0.734528  2.820658 2.82
959 2.085563 -0.786319  2.871882 2.87
960 2.085130 -0.841331  2.926461 2.93
961 2.084879 -0.891992  2.976871 2.98
962 2.084798 -0.933335  3.018134 3.02
963 2.084853 -0.962986  3.047838 3.05
964 2.084994 -0.980710  3.065704 3.07
965 2.085168 -0.987740  3.072908 3.07
966 2.085329 -0.985980  3.071309 3.07
967 2.085466 -0.977353  3.062819 3.06
968 2.085602 -0.963598  3.049200 3.05
969 2.085773 -0.946560  3.032333 3.03
970 2.085993 -0.928644  3.014637 3.01
971 2.086233 -0.912956  2.999188 3.00
972 2.086430 -0.902842  2.989272 2.99
973 2.086530 -0.901003  2.987533 2.99
974 2.086518 -0.908686  2.995204 3.00
975 2.086427 -0.925462  3.011889 3.01
976 2.086313 -0.949683  3.035997 3.04
977 2.086219 -0.979271  3.065490 3.07
978 2.086156 -1.012340  3.098496 3.10
979 2.086111 -1.047413  3.133524 3.13
980 2.086066 -1.083280  3.169345 3.17
981 2.086008 -1.118752  3.204760 3.20
982 2.085942 -1.152532  3.238474 3.24
983 2.085880 -1.183270  3.269150 3.27
984 2.085836 -1.209760  3.295596 3.30
985 2.085815 -1.231133  3.316948 3.32
986 2.085809 -1.246947  3.332756 3.33
987 2.085801 -1.257088  3.342890 3.34
988 2.085772 -1.261538  3.347309 3.35
989 2.085710 -1.260105  3.345815 3.35
990 2.085634 -1.252333  3.337967 3.34
991 2.085598 -1.237784  3.323382 3.32
992 2.085680 -1.216827  3.302507 3.30
993 2.085939 -1.191707  3.277646 3.28
994 2.086327 -1.167197  3.253524 3.25
995 2.086658 -1.149690  3.236348 3.24
996 2.086712 -1.144380  3.231092 3.23
997 2.086440 -1.152155  3.238594 3.24
998 2.086015 -1.168932  3.254948 3.25
999 2.085664 -1.188106  3.273771 3.27
1000 2.085500 -1.203844  3.289343 3.29
1001 2.085512 -1.212935  3.298447 3.30
1002 2.085641 -1.214874  3.300516 3.30
1003 2.085826 -1.211074  3.296900 3.30
1004 2.086016 -1.203962  3.289978 3.29
1005 2.086171 -1.196208  3.282379 3.28
1006 2.086255 -1.190056  3.276311 3.28
1007 2.086252 -1.186776  3.273028 3.27
1008 2.086173 -1.186409  3.272582 3.27
1009 2.086057 -1.187920  3.273977 3.27
1010 2.085952 -1.189749  3.275702 3.28
1011 2.085900 -1.190521  3.276421 3.28
1012 2.085915 -1.189616  3.275531 3.28
1013 2.085974 -1.187365  3.273339 3.27
1014 2.086030 -1.184737  3.270767 3.27
1015 2.086031 -1.182628  3.268659 3.27
1016 2.085958 -1.181141  3.267099 3.27
1017 2.085843 -1.179331  3.265174 3.27
1018 2.085740 -1.175635  3.261375 3.26
1019 2.085692 -1.168663  3.254355 3.25
1020 2.085705 -1.157829  3.243533 3.24
1021 2.085752 -1.143469  3.229220 3.23
1022 2.085798 -1.126520  3.212318 3.21
1023 2.085823 -1.108056  3.193879 3.19
1024 2.085825 -1.088991  3.174816 3.17
1025 2.085829 -1.070097  3.155926 3.16
1026 2.085870 -1.052312  3.138182 3.14
1027 2.085980 -1.037225  3.123205 3.12
1028 2.086147 -1.027420  3.113567 3.11
1029 2.086273 -1.026128  3.112401 3.11
1030 2.086207 -1.035695  3.121902 3.12
1031 2.085883 -1.055418  3.141301 3.14
1032 2.085430 -1.080676  3.166106 3.17
1033 2.085089 -1.104771  3.189861 3.19
1034 2.085019 -1.122349  3.207368 3.21
1035 2.085198 -1.131730  3.216928 3.22
1036 2.085487 -1.134782  3.220269 3.22
1037 2.085756 -1.135091  3.220847 3.22
1038 2.085949 -1.136105  3.222054 3.22
1039 2.086081 -1.140294  3.226374 3.23
1040 2.086190 -1.149289  3.235479 3.24
1041 2.086296 -1.164368  3.250663 3.25
1042 2.086382 -1.186685  3.273067 3.27
1043 2.086413 -1.217049  3.303462 3.30
1044 2.086353 -1.255383  3.341736 3.34
1045 2.086201 -1.300240  3.386441 3.39
1046 2.085996 -1.348791  3.434787 3.43
1047 2.085797 -1.397383  3.483180 3.48
1048 2.085655 -1.442405  3.528060 3.53
1049 2.085594 -1.481060  3.566654 3.57
1050 2.085611 -1.511751  3.597362 3.60
1051 2.085683 -1.534077  3.619761 3.62
1052 2.085783 -1.548547  3.634330 3.63
1053 2.085884 -1.556171  3.642055 3.64
1054 2.085970 -1.558095  3.644065 3.64
1055 2.086035 -1.555357  3.641392 3.64
1056 2.086078 -1.548782  3.634861 3.63
1057 2.086099 -1.538961  3.625061 3.63
1058 2.086095 -1.526236  3.612331 3.61
1059 2.086060 -1.510652  3.596712 3.60
1060 2.085988 -1.491881  3.577868 3.58
1061 2.085878 -1.469159  3.555037 3.56
1062 2.085736 -1.441294  3.527030 3.53
1063 2.085574 -1.406778  3.492352 3.49
1064 2.085412 -1.364009  3.449422 3.45
1065 2.085284 -1.311649  3.396933 3.40
1066 2.085243 -1.249161  3.334403 3.33
1067 2.085375 -1.177663  3.263038 3.26
1068 2.085785 -1.101182  3.186967 3.19
1069 2.086518 -1.027988  3.114506 3.11
1070 2.087421 -0.970852  3.058273 3.06
1071 2.088087 -0.944333  3.032420 3.03
1072 2.088107 -0.958725  3.046832 3.05
1073 2.087436 -1.014211  3.101647 3.10
1074 2.086428 -1.100232  3.186659 3.19
1075 2.085505 -1.200497  3.286001 3.29
1076 2.084897 -1.299265  3.384163 3.38
1077 2.084632 -1.385135  3.469767 3.47
1078 2.084629 -1.451852  3.536482 3.54
1079 2.084785 -1.497392  3.582178 3.58
1080 2.085021 -1.522557  3.607577 3.61
1081 2.085285 -1.529780  3.615065 3.62
1082 2.085551 -1.522329  3.607880 3.61
1083 2.085801 -1.503811  3.589612 3.59
1084 2.086021 -1.477841  3.563862 3.56
1085 2.086196 -1.447744  3.533940 3.53
1086 2.086315 -1.416282  3.502597 3.50
1087 2.086380 -1.385463  3.471844 3.47
1088 2.086404 -1.356533  3.442937 3.44
1089 2.086403 -1.330114  3.416517 3.42
1090 2.086389 -1.306427  3.392816 3.39
1091 2.086366 -1.285447  3.371814 3.37
1092 2.086335 -1.266973  3.353308 3.35
1093 2.086299 -1.250636  3.336935 3.34
1094 2.086266 -1.235960  3.322226 3.32
1095 2.086252 -1.222499  3.308751 3.31
1096 2.086266 -1.210043  3.296309 3.30
1097 2.086308 -1.198758  3.285065 3.29
1098 2.086364 -1.189184  3.275548 3.28
1099 2.086417 -1.182057  3.268474 3.27
1100 2.086451 -1.178048  3.264499 3.26
1101 2.086459 -1.177545  3.264004 3.26
1102 2.086443 -1.180549  3.266993 3.27
1103 2.086414 -1.186720  3.273134 3.27
1104 2.086380 -1.195504  3.281884 3.28
1105 2.086352 -1.206286  3.292638 3.29
1106 2.086335 -1.218529  3.304863 3.30
1107 2.086330 -1.231858  3.318188 3.32
1108 2.086336 -1.246093  3.332429 3.33
1109 2.086346 -1.261214  3.347560 3.35
1110 2.086348 -1.277251  3.363600 3.36
1111 2.086334 -1.294138  3.380472 3.38
1112 2.086300 -1.311569  3.397869 3.40
1113 2.086251 -1.328958  3.415209 3.42
1114 2.086201 -1.345513  3.431714 3.43
1115 2.086168 -1.360448  3.446616 3.45
1116 2.086164 -1.373232  3.459396 3.46
1117 2.086190 -1.383759  3.469949 3.47
1118 2.086234 -1.392358  3.478592 3.48
1119 2.086277 -1.399618  3.485895 3.49
1120 2.086304 -1.406123  3.492427 3.49
1121 2.086308 -1.412220  3.498528 3.50
1122 2.086293 -1.417924  3.504217 3.50
1123 2.086263 -1.422957  3.509220 3.51
1124 2.086224 -1.426837  3.513061 3.51
1125 2.086175 -1.428943  3.515118 3.52
1126 2.086114 -1.428536  3.514649 3.51
1127 2.086041 -1.424752  3.510793 3.51
1128 2.085963 -1.416635  3.502598 3.50
1129 2.085890 -1.403228  3.489117 3.49
1130 2.085839 -1.383752  3.469591 3.47
1131 2.085831 -1.357875  3.443706 3.44
1132 2.085878 -1.325979  3.411857 3.41
1133 2.085974 -1.289309  3.375283 3.38
1134 2.086094 -1.249856  3.335950 3.34
1135 2.086208 -1.209979  3.296187 3.30
1136 2.086293 -1.171922  3.258215 3.26
1137 2.086348 -1.137472  3.223820 3.22
1138 2.086381 -1.107894  3.194275 3.19
1139 2.086394 -1.084016  3.170410 3.17
1140 2.086383 -1.066281  3.152664 3.15
1141 2.086342 -1.054696  3.141038 3.14
1142 2.086275 -1.048775  3.135050 3.14
1143 2.086194 -1.047605  3.133799 3.13
1144 2.086115 -1.050035  3.136150 3.14
1145 2.086054 -1.054938  3.140992 3.14
1146 2.086022 -1.061446  3.147468 3.15
1147 2.086024 -1.069118  3.155142 3.16
1148 2.086062 -1.078021  3.164083 3.16
1149 2.086132 -1.088738  3.174870 3.17
1150 2.086217 -1.102272  3.188488 3.19
1151 2.086286 -1.119769  3.206055 3.21
1152 2.086299 -1.142037  3.228336 3.23
1153 2.086226 -1.168946  3.255172 3.26
1154 2.086074 -1.199034  3.285108 3.29
1155 2.085883 -1.229619  3.315502 3.32
1156 2.085706 -1.257413  3.343119 3.34
1157 2.085579 -1.279309  3.364888 3.36
1158 2.085516 -1.292974  3.378490 3.38
1159 2.085516 -1.297106  3.382622 3.38
1160 2.085571 -1.291450  3.377021 3.38
1161 2.085674 -1.276707  3.362381 3.36
1162 2.085813 -1.254406  3.340220 3.34
1163 2.085975 -1.226732  3.312707 3.31
1164 2.086137 -1.196263  3.282400 3.28
1165 2.086280 -1.165642  3.251922 3.25
1166 2.086390 -1.137251  3.223641 3.22
1167 2.086463 -1.112988  3.199452 3.20
1168 2.086503 -1.094198  3.180701 3.18
1169 2.086512 -1.081689  3.168200 3.17
1170 2.086488 -1.075763  3.162251 3.16
1171 2.086433 -1.076210  3.162644 3.16
1172 2.086355 -1.082329  3.168684 3.17
1173 2.086274 -1.093062  3.179335 3.18
1174 2.086212 -1.107280  3.193492 3.19
1175 2.086184 -1.124106  3.210291 3.21
1176 2.086183 -1.143099  3.229283 3.23
1177 2.086186 -1.164148  3.250334 3.25
1178 2.086165 -1.187130  3.273295 3.27
1179 2.086113 -1.211552  3.297665 3.30
1180 2.086042 -1.236426  3.322468 3.32
1181 2.085973 -1.260457  3.346430 3.35
1182 2.085920 -1.282343  3.368263 3.37
1183 2.085881 -1.300995  3.386876 3.39
1184 2.085848 -1.315553  3.401401 3.40
1185 2.085817 -1.325304  3.411121 3.41
1186 2.085786 -1.329614  3.415400 3.42
1187 2.085762 -1.327943  3.413704 3.41
1188 2.085748 -1.319912  3.405660 3.41
1189 2.085747 -1.305379  3.391126 3.39
1190 2.085760 -1.284474  3.370234 3.37
1191 2.085786 -1.257604  3.343391 3.34
1192 2.085823 -1.225444  3.311267 3.31
1193 2.085866 -1.188893  3.274758 3.27
1194 2.085906 -1.148994  3.234900 3.23
1195 2.085937 -1.106822  3.192758 3.19
1196 2.085959 -1.063376  3.149336 3.15
1197 2.085987 -1.019601  3.105588 3.11
1198 2.086050 -0.976580  3.062630 3.06
1199 2.086175 -0.935921  3.022096 3.02
1200 2.086370 -0.900105  2.986475 2.99
1201 2.086597 -0.872509  2.959106 2.96
1202 2.086773 -0.856774  2.943547 2.94
1203 2.086805 -0.855565  2.942370 2.94
1204 2.086643 -0.869223  2.955866 2.96
1205 2.086315 -0.895088  2.981403 2.98
1206 2.085911 -0.927944  3.013855 3.01
1207 2.085538 -0.961382  3.046920 3.05
1208 2.085279 -0.989429  3.074707 3.07
1209 2.085181 -1.007863  3.093044 3.09
1210 2.085255 -1.014990  3.100245 3.10
1211 2.085480 -1.011833  3.097313 3.10
1212 2.085794 -1.001772  3.087566 3.09
1213 2.086116 -0.989612  3.075728 3.08
1214 2.086368 -0.980304  3.066672 3.07
1215 2.086517 -0.977766  3.064283 3.06
1216 2.086579 -0.984343  3.070922 3.07
1217 2.086591 -1.000969  3.087560 3.09
1218 2.086573 -1.027646  3.114219 3.11
1219 2.086529 -1.063778  3.150307 3.15
1220 2.086459 -1.108268  3.194727 3.19
1221 2.086375 -1.159576  3.245950 3.25
1222 2.086287 -1.215883  3.302170 3.30
1223 2.086204 -1.275293  3.361497 3.36
1224 2.086121 -1.335941  3.422063 3.42
1225 2.086027 -1.395953  3.481980 3.48
1226 2.085915 -1.453316  3.539231 3.54
1227 2.085787 -1.505804  3.591592 3.59
1228 2.085655 -1.551032  3.636686 3.64
1229 2.085533 -1.586626  3.672159 3.67
1230 2.085437 -1.610477  3.695914 3.70
1231 2.085381 -1.620983  3.706365 3.71
1232 2.085378 -1.617273  3.702650 3.70
1233 2.085433 -1.599381  3.684814 3.68
1234 2.085550 -1.568359  3.653909 3.65
1235 2.085720 -1.526277  3.611997 3.61
1236 2.085921 -1.476076  3.561997 3.56
1237 2.086116 -1.421204  3.507320 3.51
1238 2.086265 -1.365051  3.451316 3.45
1239 2.086343 -1.310347  3.396690 3.40
1240 2.086355 -1.258772  3.345127 3.35
1241 2.086339 -1.211023  3.297361 3.30
1242 2.086343 -1.167343  3.253686 3.25
1243 2.086396 -1.128194  3.214590 3.21
1244 2.086491 -1.094661  3.181152 3.18
1245 2.086582 -1.068316  3.154898 3.15
1246 2.086615 -1.050584  3.137199 3.14
1247 2.086560 -1.041973  3.128533 3.13
1248 2.086433 -1.041666  3.128099 3.13
1249 2.086280 -1.047737  3.134016 3.13
1250 2.086151 -1.057827  3.143978 3.14
1251 2.086077 -1.069894  3.155971 3.16
1252 2.086062 -1.082678  3.168740 3.17
1253 2.086090 -1.095806  3.181896 3.18
1254 2.086129 -1.109562  3.195691 3.20
1255 2.086138 -1.124419  3.210557 3.21
1256 2.086080 -1.140441  3.226521 3.23
1257 2.085950 -1.156777  3.242727 3.24
1258 2.085785 -1.171587  3.257372 3.26
1259 2.085655 -1.182589  3.268243 3.27
1260 2.085620 -1.188038  3.273659 3.27
1261 2.085690 -1.187569  3.273258 3.27
1262 2.085800 -1.182253  3.268053 3.27
1263 2.085858 -1.173704  3.259562 3.26
1264 2.085807 -1.162754  3.248561 3.25
1265 2.085671 -1.148674  3.234345 3.23
1266 2.085527 -1.129505  3.215032 3.22
1267 2.085449 -1.103168  3.188617 3.19
1268 2.085471 -1.068559  3.154030 3.15
1269 2.085585 -1.026085  3.111671 3.11
1270 2.085764 -0.977606  3.063370 3.06
1271 2.085973 -0.926034  3.012006 3.01
1272 2.086179 -0.874815  2.960994 2.96
1273 2.086353 -0.827420  2.913772 2.91
1274 2.086465 -0.786851  2.873316 2.87
1275 2.086500 -0.755212  2.841712 2.84
1276 2.086458 -0.733427  2.819885 2.82
1277 2.086370 -0.721276  2.807647 2.81
1278 2.086283 -0.717808  2.804091 2.80
1279 2.086226 -0.721965  2.808191 2.81
1280 2.086190 -0.732999  2.819189 2.82
1281 2.086127 -0.750312  2.836439 2.84
1282 2.085996 -0.772816  2.858812 2.86
1283 2.085814 -0.798414  2.884229 2.88
1284 2.085662 -0.824287  2.909949 2.91
1285 2.085630 -0.848034  2.933664 2.93
1286 2.085759 -0.868973  2.954733 2.95
1287 2.085999 -0.888685  2.974685 2.97
1288 2.086226 -0.910279  2.996505 3.00
1289 2.086308 -0.936621  3.022929 3.02
1290 2.086183 -0.968466  3.054649 3.05
1291 2.085894 -1.003601  3.089495 3.09
1292 2.085544 -1.037454  3.122998 3.12
1293 2.085232 -1.064595  3.149827 3.15
1294 2.085021 -1.080242  3.165263 3.17
1295 2.084949 -1.081284  3.166233 3.17
1296 2.085043 -1.066902  3.151946 3.15
1297 2.085324 -1.038985  3.124309 3.12
1298 2.085776 -1.002332  3.088108 3.09
1299 2.086316 -0.964289  3.050605 3.05
1300 2.086795 -0.933392  3.020188 3.02
1301 2.087051 -0.917082  3.004134 3.00
1302 2.087006 -0.919334  3.006340 3.01
1303 2.086710 -0.939516  3.026226 3.03
1304 2.086296 -0.973096  3.059392 3.06
1305 2.085888 -1.013550  3.099439 3.10
1306 2.085558 -1.054280  3.139838 3.14
1307 2.085319 -1.089762  3.175080 3.18
1308 2.085161 -1.115909  3.201071 3.20
1309 2.085076 -1.130049  3.215126 3.22
1310 2.085065 -1.130834  3.215899 3.22
1311 2.085138 -1.118283  3.203421 3.20
1312 2.085310 -1.093933  3.179243 3.18
1313 2.085577 -1.060977  3.146554 3.15
1314 2.085891 -1.024098  3.109990 3.11
1315 2.086160 -0.988665  3.074825 3.07
1316 2.086291 -0.959310  3.045601 3.05
1317 2.086267 -0.938588  3.024854 3.02
1318 2.086153 -0.926674  3.012827 3.01
1319 2.086034 -0.922259  3.008293 3.01
1320 2.085950 -0.923749  3.009699 3.01
1321 2.085908 -0.929943  3.015851 3.02
1322 2.085922 -0.940260  3.026182 3.03
1323 2.086006 -0.954951  3.040957 3.04
1324 2.086126 -0.975226  3.061352 3.06
1325 2.086176 -1.002664  3.088841 3.09
1326 2.086041 -1.037658  3.123700 3.12
1327 2.085710 -1.077809  3.163519 3.16
1328 2.085311 -1.117823  3.203134 3.20
1329 2.085020 -1.151355  3.236375 3.24
1330 2.084942 -1.173548  3.258489 3.26
1331 2.085077 -1.182646  3.267723 3.27
1332 2.085358 -1.180121  3.265479 3.27
1333 2.085690 -1.169712  3.255402 3.26
1334 2.085989 -1.156051  3.242041 3.24
1335 2.086197 -1.143380  3.229577 3.23
1336 2.086291 -1.134638  3.220929 3.22
1337 2.086285 -1.131099  3.217384 3.22
1338 2.086217 -1.132535  3.218752 3.22
1339 2.086133 -1.137767  3.223900 3.22
1340 2.086064 -1.145302  3.231366 3.23
1341 2.086023 -1.153826  3.239849 3.24
1342 2.086011 -1.162425  3.248436 3.25
1343 2.086021 -1.170615  3.256636 3.26
1344 2.086048 -1.178273  3.264322 3.26
1345 2.086091 -1.185572  3.271663 3.27
1346 2.086148 -1.192948  3.279096 3.28
1347 2.086214 -1.201070  3.287284 3.29
1348 2.086276 -1.210740  3.297016 3.30
1349 2.086316 -1.222696  3.309011 3.31
1350 2.086317 -1.237344  3.323661 3.32
1351 2.086273 -1.254523  3.340795 3.34
1352 2.086192 -1.273413  3.359606 3.36
1353 2.086094 -1.292661  3.378754 3.38
1354 2.085997 -1.310642  3.396639 3.40
1355 2.085919 -1.325776  3.411694 3.41
1356 2.085865 -1.336763  3.422628 3.42
1357 2.085834 -1.342701  3.428535 3.43
1358 2.085824 -1.343090  3.428914 3.43
1359 2.085829 -1.337792  3.423622 3.42
1360 2.085849 -1.326979  3.412828 3.41
1361 2.085881 -1.311109  3.396990 3.40
1362 2.085922 -1.290901  3.376823 3.38
1363 2.085959 -1.267265  3.353224 3.35
1364 2.085975 -1.241129  3.327104 3.33
1365 2.085951 -1.213193  3.299143 3.30
1366 2.085879 -1.183674  3.269553 3.27
1367 2.085778 -1.152243  3.238021 3.24
1368 2.085698 -1.118312  3.204010 3.20
1369 2.085719 -1.081784  3.167503 3.17
1370 2.085917 -1.044168  3.130085 3.13
1371 2.086293 -1.009525  3.095818 3.10
1372 2.086704 -0.984262  3.070966 3.07
1373 2.086897 -0.974881  3.061778 3.06
1374 2.086703 -0.984342  3.071045 3.07
1375 2.086204 -1.009705  3.095909 3.10
1376 2.085657 -1.043291  3.128948 3.13
1377 2.085281 -1.076364  3.161645 3.16
1378 2.085145 -1.102425  3.187571 3.19
1379 2.085209 -1.118477  3.203686 3.20
1380 2.085396 -1.124613  3.210009 3.21
1381 2.085631 -1.122960  3.208590 3.21
1382 2.085856 -1.116575  3.202431 3.20
1383 2.086027 -1.108531  3.194559 3.19
1384 2.086120 -1.101218  3.187339 3.19
1385 2.086131 -1.095929  3.182060 3.18
1386 2.086078 -1.092774  3.178852 3.18
1387 2.085992 -1.090919  3.176911 3.18
1388 2.085911 -1.089040  3.174950 3.17
1389 2.085863 -1.085853  3.171716 3.17
1390 2.085866 -1.080558  3.166424 3.17
1391 2.085920 -1.073087  3.159007 3.16
1392 2.086011 -1.064116  3.150127 3.15
1393 2.086115 -1.054860  3.140975 3.14
1394 2.086206 -1.046730  3.132936 3.13
1395 2.086262 -1.040950  3.127212 3.13
1396 2.086274 -1.038253  3.124527 3.12
1397 2.086245 -1.038741  3.124986 3.12
1398 2.086190 -1.041933  3.128122 3.13
1399 2.086124 -1.046957  3.133081 3.13
1400 2.086063 -1.052803  3.138866 3.14
1401 2.086013 -1.058528  3.144541 3.14
1402 2.085977 -1.063385  3.149361 3.15
1403 2.085950 -1.066840  3.152790 3.15
1404 2.085929 -1.068538  3.154467 3.15
1405 2.085913 -1.068245  3.154158 3.15
1406 2.085909 -1.065853  3.151762 3.15
1407 2.085928 -1.061462  3.147390 3.15
1408 2.085980 -1.055535  3.141514 3.14
1409 2.086065 -1.049018  3.135083 3.14
1410 2.086170 -1.043330  3.129499 3.13
1411 2.086268 -1.040135  3.126404 3.13
1412 2.086336 -1.040977  3.127313 3.13
1413 2.086360 -1.046907  3.133267 3.13
1414 2.086348 -1.058311  3.144660 3.14
1415 2.086322 -1.075006  3.161328 3.16
1416 2.086304 -1.096531  3.182835 3.18
1417 2.086305 -1.122462  3.208767 3.21
1418 2.086318 -1.152570  3.238888 3.24
1419 2.086325 -1.186731  3.273056 3.27
1420 2.086303 -1.224672  3.310975 3.31
1421 2.086240 -1.265673  3.351912 3.35
1422 2.086134 -1.308390  3.394524 3.39
1423 2.085997 -1.350876  3.436873 3.44
1424 2.085846 -1.390769  3.476615 3.48
1425 2.085699 -1.425573  3.511272 3.51
1426 2.085579 -1.452978  3.538557 3.54
1427 2.085515 -1.471226  3.556741 3.56
1428 2.085550 -1.479584  3.565133 3.57
1429 2.085720 -1.478937  3.564657 3.56
1430 2.086026 -1.472262  3.558288 3.56
1431 2.086383 -1.464464  3.550846 3.55
1432 2.086634 -1.461030  3.547664 3.55
1433 2.086645 -1.465730  3.552375 3.55
1434 2.086415 -1.478715  3.565130 3.57
1435 2.086063 -1.496475  3.582538 3.58
1436 2.085723 -1.513540  3.599263 3.60
1437 2.085457 -1.524468  3.609925 3.61
1438 2.085261 -1.524902  3.610163 3.61
1439 2.085108 -1.511676  3.596784 3.60
1440 2.084985 -1.482537  3.567522 3.57
1441 2.084904 -1.436013  3.520917 3.52
1442 2.084900 -1.371608  3.456508 3.46
1443 2.085022 -1.290299  3.375321 3.38
1444 2.085322 -1.195227  3.280549 3.28
1445 2.085826 -1.092357  3.178183 3.18
1446 2.086488 -0.990677  3.077164 3.08
1447 2.087151 -0.901295  2.988446 2.99
1448 2.087578 -0.834963  2.922541 2.92
1449 2.087587 -0.798569  2.886156 2.89
1450 2.087189 -0.792532  2.879721 2.88
1451 2.086586 -0.810979  2.897565 2.90
1452 2.086021 -0.844614  2.930635 2.93
1453 2.085647 -0.884296  2.969943 2.97
1454 2.085500 -0.923438  3.008938 3.01
1455 2.085533 -0.958720  3.044254 3.04
1456 2.085667 -0.989542  3.075209 3.08
1457 2.085825 -1.016928  3.102754 3.10
1458 2.085954 -1.042422  3.128376 3.13
1459 2.086033 -1.067299  3.153332 3.15
1460 2.086062 -1.092215  3.178277 3.18
1461 2.086054 -1.117185  3.203240 3.20
1462 2.086025 -1.141751  3.227776 3.23
1463 2.085990 -1.165186  3.251176 3.25
1464 2.085960 -1.186707  3.272667 3.27
1465 2.085945 -1.205658  3.291603 3.29
1466 2.085946 -1.221636  3.307582 3.31
1467 2.085950 -1.234485  3.320435 3.32
1468 2.085934 -1.244113  3.330047 3.33
1469 2.085881 -1.250199  3.336081 3.34
1470 2.085786 -1.251955  3.337741 3.34
1471 2.085661 -1.248084  3.333745 3.33
1472 2.085529 -1.236981  3.322510 3.32
1473 2.085413 -1.217091  3.302504 3.30
1474 2.085341 -1.187308  3.272649 3.27
1475 2.085346 -1.147409  3.232754 3.23
1476 2.085464 -1.098526  3.183990 3.18
1477 2.085727 -1.043662  3.129389 3.13
1478 2.086133 -0.988038  3.074171 3.07
1479 2.086611 -0.938880  3.025491 3.03
1480 2.087025 -0.904239  2.991265 2.99
1481 2.087222 -0.890884  2.978106 2.98
1482 2.087111 -0.901998  2.989110 2.99
1483 2.086723 -0.935874  3.022597 3.02
1484 2.086187 -0.986352  3.072540 3.07
1485 2.085660 -1.044759  3.130419 3.13
1486 2.085254 -1.102266  3.187520 3.19
1487 2.085019 -1.151705  3.236724 3.24
1488 2.084953 -1.188440  3.273392 3.27
1489 2.085030 -1.210476  3.295506 3.30
1490 2.085213 -1.218133  3.303346 3.30
1491 2.085459 -1.213500  3.298960 3.30
1492 2.085723 -1.199792  3.285515 3.29
1493 2.085962 -1.180638  3.266599 3.27
1494 2.086141 -1.159416  3.245557 3.25
1495 2.086246 -1.138729  3.224975 3.22
1496 2.086278 -1.120144  3.206422 3.21
1497 2.086259 -1.104216  3.190475 3.19
1498 2.086215 -1.090762  3.176977 3.18
1499 2.086171 -1.079247  3.165419 3.17
1500 2.086145 -1.069157  3.155302 3.16
1501 2.086138 -1.060234  3.146371 3.15
1502 2.086136 -1.052491  3.138627 3.14
1503 2.086122 -1.046024  3.132146 3.13
1504 2.086088 -1.040766  3.126854 3.13
1505 2.086042 -1.036363  3.122404 3.12
1506 2.085999 -1.032272  3.118271 3.12
1507 2.085971 -1.027974  3.113945 3.11
1508 2.085963 -1.023151  3.109114 3.11
1509 2.085972 -1.017751  3.103723 3.10
1510 2.085993 -1.011960  3.097953 3.10
1511 2.086024 -1.006139  3.092162 3.09
1512 2.086057 -1.000769  3.086826 3.09
1513 2.086087 -0.996375  3.082462 3.08
1514 2.086105 -0.993413  3.079518 3.08
1515 2.086114 -0.992174  3.078287 3.08
1516 2.086127 -0.992818  3.078945 3.08
1517 2.086162 -0.995570  3.081732 3.08
1518 2.086216 -1.000920  3.087136 3.09
1519 2.086261 -1.009567  3.095828 3.10
1520 2.086255 -1.022000  3.108255 3.11
1521 2.086169 -1.037911  3.124080 3.12
1522 2.086011 -1.055815  3.141826 3.14
1523 2.085821 -1.073178  3.158998 3.16
1524 2.085647 -1.086989  3.172636 3.17
1525 2.085533 -1.094518  3.180050 3.18
1526 2.085502 -1.093959  3.179461 3.18
1527 2.085562 -1.084814  3.170376 3.17
1528 2.085708 -1.068015  3.153723 3.15
1529 2.085924 -1.045847  3.131771 3.13
1530 2.086182 -1.021681  3.107863 3.11
1531 2.086441 -0.999520  3.085962 3.09
1532 2.086658 -0.983369  3.070028 3.07
1533 2.086797 -0.976558  3.063356 3.06
1534 2.086842 -0.981199  3.068042 3.07
1535 2.086799 -0.997933  3.084732 3.08
1536 2.086689 -1.025996  3.112685 3.11
1537 2.086539 -1.063535  3.150074 3.15
1538 2.086373 -1.108015  3.194388 3.19
1539 2.086208 -1.156600  3.242808 3.24
1540 2.086048 -1.206413  3.292461 3.29
1541 2.085893 -1.254642  3.340536 3.34
1542 2.085742 -1.298572  3.384314 3.38
1543 2.085598 -1.335600  3.421198 3.42
1544 2.085470 -1.363317  3.448786 3.45
1545 2.085369 -1.379664  3.465033 3.47
1546 2.085306 -1.383126  3.468433 3.47
1547 2.085286 -1.372904  3.458189 3.46
1548 2.085304 -1.348996  3.434300 3.43
1549 2.085348 -1.312177  3.397524 3.40
1550 2.085405 -1.263845  3.349250 3.35
1551 2.085481 -1.205889  3.291369 3.29
1552 2.085624 -1.140800  3.226424 3.23
1553 2.085927 -1.072376  3.158303 3.16
1554 2.086448 -1.006884  3.093332 3.09
1555 2.087069 -0.953526  3.040595 3.04
1556 2.087464 -0.922355  3.009819 3.01
1557 2.087357 -0.919509  3.006866 3.01
1558 2.086828 -0.943405  3.030233 3.03
1559 2.086220 -0.985821  3.072041 3.07
1560 2.085810 -1.036755  3.122565 3.12
1561 2.085658 -1.088606  3.174264 3.17
1562 2.085685 -1.137415  3.223100 3.22
1563 2.085788 -1.181997  3.267785 3.27
1564 2.085885 -1.222507  3.308393 3.31
1565 2.085940 -1.259289  3.345229 3.35
1566 2.085947 -1.292273  3.378220 3.38
1567 2.085921 -1.320857  3.406779 3.41
1568 2.085884 -1.344107  3.429991 3.43
1569 2.085851 -1.361033  3.446885 3.45
1570 2.085827 -1.370814  3.456641 3.46
1571 2.085807 -1.372864  3.458671 3.46
1572 2.085782 -1.366783  3.452565 3.45
1573 2.085747 -1.352245  3.437992 3.44
1574 2.085700 -1.328911  3.414611 3.41
1575 2.085651 -1.296424  3.382075 3.38
1576 2.085621 -1.254566  3.340187 3.34
1577 2.085644 -1.203583  3.289227 3.29
1578 2.085764 -1.144689  3.230454 3.23
1579 2.086017 -1.080668  3.166685 3.17
1580 2.086399 -1.016307  3.102705 3.10
1581 2.086826 -0.958190  3.045016 3.05
1582 2.087141 -0.913320  3.000461 3.00
1583 2.087199 -0.886732  2.973930 2.97
1584 2.086982 -0.879412  2.966394 2.97
1585 2.086609 -0.888062  2.974671 2.97
1586 2.086229 -0.906799  2.993028 2.99
1587 2.085938 -0.929412  3.015350 3.02
1588 2.085764 -0.950910  3.036674 3.04
1589 2.085699 -0.968087  3.053786 3.05
1590 2.085718 -0.979459  3.065178 3.07
1591 2.085797 -0.984945  3.070741 3.07
1592 2.085906 -0.985450  3.071355 3.07
1593 2.086020 -0.982434  3.068454 3.07
1594 2.086117 -0.977496  3.063613 3.06
1595 2.086184 -0.972025  3.058209 3.06
1596 2.086221 -0.966991  3.053211 3.05
1597 2.086235 -0.962914  3.049149 3.05
1598 2.086242 -0.959985  3.046227 3.05
1599 2.086250 -0.958258  3.044509 3.04
1600 2.086265 -0.957810  3.044076 3.04
1601 2.086284 -0.958811  3.045095 3.05
1602 2.086300 -0.961485  3.047785 3.05
1603 2.086305 -0.966019  3.052323 3.05
1604 2.086296 -0.972459  3.058755 3.06
1605 2.086276 -0.980665  3.066941 3.07
1606 2.086254 -0.990348  3.076602 3.08
1607 2.086240 -1.001183  3.087423 3.09
1608 2.086242 -1.012945  3.099187 3.10
1609 2.086260 -1.025614  3.111874 3.11
1610 2.086287 -1.039380  3.125668 3.13
1611 2.086310 -1.054534  3.140844 3.14
1612 2.086314 -1.071271  3.157584 3.16
1613 2.086292 -1.089497  3.175789 3.18
1614 2.086249 -1.108735  3.194984 3.19
1615 2.086202 -1.128202  3.214404 3.21
1616 2.086172 -1.147067  3.233239 3.23
1617 2.086175 -1.164767  3.250942 3.25
1618 2.086211 -1.181238  3.267449 3.27
1619 2.086257 -1.196901  3.283158 3.28
1620 2.086277 -1.212349  3.298627 3.30
1621 2.086238 -1.227847  3.314085 3.31
1622 2.086121 -1.242841  3.328961 3.33
1623 2.085937 -1.255727  3.341664 3.34
1624 2.085721 -1.264026  3.349747 3.35
1625 2.085525 -1.264918  3.350443 3.35
1626 2.085405 -1.256021  3.341426 3.34
1627 2.085418 -1.236251  3.321669 3.32
1628 2.085613 -1.206660  3.292273 3.29
1629 2.086005 -1.171097  3.257102 3.26
1630 2.086528 -1.136278  3.222806 3.22
1631 2.087004 -1.110625  3.197629 3.20
1632 2.087208 -1.101559  3.188767 3.19
1633 2.087021 -1.112255  3.199276 3.20
1634 2.086535 -1.139968  3.226503 3.23
1635 2.085973 -1.177311  3.263284 3.26
1636 2.085529 -1.215464  3.300993 3.30
1637 2.085284 -1.247086  3.332370 3.33
1638 2.085227 -1.267689  3.352916 3.35
1639 2.085308 -1.275646  3.360954 3.36
1640 2.085474 -1.271554  3.357028 3.36
1641 2.085679 -1.257464  3.343143 3.34
1642 2.085887 -1.236196  3.322083 3.32
1643 2.086070 -1.210770  3.296841 3.30
1644 2.086206 -1.183949  3.270156 3.27
1645 2.086282 -1.157886  3.244168 3.24
1646 2.086294 -1.133896  3.220190 3.22
1647 2.086251 -1.112394  3.198645 3.20
1648 2.086172 -1.093002  3.179175 3.18
1649 2.086087 -1.074845  3.160931 3.16
1650 2.086022 -1.056945  3.142967 3.14
1651 2.085995 -1.038627  3.124622 3.12
1652 2.086006 -1.019757  3.105764 3.11
1653 2.086041 -1.000749  3.086790 3.09
1654 2.086077 -0.982338  3.068415 3.07
1655 2.086101 -0.965277  3.051377 3.05
1656 2.086115 -0.950136  3.036251 3.04
1657 2.086138 -0.937347  3.023485 3.02
1658 2.086187 -0.927428  3.013615 3.01
1659 2.086269 -0.921236  3.007504 3.01
1660 2.086369 -0.920040  3.006409 3.01
1661 2.086458 -0.925335  3.011793 3.01
1662 2.086496 -0.938391  3.024886 3.02
1663 2.086449 -0.959705  3.046153 3.05
1664 2.086306 -0.988541  3.074847 3.07
1665 2.086087 -1.022801  3.108888 3.11
1666 2.085853 -1.059376  3.145229 3.15
1667 2.085698 -1.095067  3.180765 3.18
1668 2.085727 -1.127958  3.213686 3.21
1669 2.085994 -1.158861  3.244855 3.24
1670 2.086420 -1.191919  3.278339 3.28
1671 2.086763 -1.233254  3.320017 3.32
1672 2.086765 -1.287456  3.374221 3.37
1673 2.086381 -1.353995  3.440376 3.44
1674 2.085817 -1.426608  3.512425 3.51
1675 2.085326 -1.496160  3.581487 3.58
1676 2.085034 -1.554332  3.639366 3.64
1677 2.084929 -1.595637  3.680566 3.68
1678 2.084947 -1.617515  3.702462 3.70
1679 2.085027 -1.619515  3.704542 3.70
1680 2.085135 -1.602462  3.687597 3.69
1681 2.085256 -1.567922  3.653178 3.65
1682 2.085389 -1.517953  3.603342 3.60
1683 2.085542 -1.455053  3.540595 3.54
1684 2.085724 -1.382210  3.467934 3.47
1685 2.085939 -1.302979  3.388918 3.39
1686 2.086183 -1.221503  3.307686 3.31
1687 2.086432 -1.142353  3.228786 3.23
1688 2.086647 -1.070126  3.156774 3.16
1689 2.086785 -1.008811  3.095596 3.10
1690 2.086811 -0.961107  3.047918 3.05
1691 2.086712 -0.927911  3.014623 3.01
1692 2.086499 -0.908116  2.994614 2.99
1693 2.086206 -0.898800  2.985006 2.99
1694 2.085892 -0.895790  2.981683 2.98
1695 2.085629 -0.894574  2.980203 2.98
1696 2.085483 -0.891402  2.976885 2.98
1697 2.085499 -0.884316  2.969815 2.97
1698 2.085675 -0.873788  2.959464 2.96
1699 2.085952 -0.862670  2.948622 2.95
1700 2.086216 -0.855252  2.941468 2.94
1701 2.086332 -0.855524  2.941856 2.94
1702 2.086224 -0.865216  2.951440 2.95
1703 2.085928 -0.882688  2.968617 2.97
1704 2.085584 -0.903472  2.989056 2.99
1705 2.085348 -0.922276  3.007624 3.01
1706 2.085309 -0.935288  3.020597 3.02
1707 2.085452 -0.941527  3.026979 3.03
1708 2.085676 -0.942690  3.028365 3.03
1709 2.085853 -0.941752  3.027605 3.03
1710 2.085891 -0.941140  3.027031 3.03
1711 2.085779 -0.941406  3.027186 3.03
1712 2.085586 -0.941055  3.026641 3.03
1713 2.085419 -0.937510  3.022929 3.02
1714 2.085374 -0.928660  3.014034 3.01
1715 2.085497 -0.914239  2.999736 3.00
1716 2.085754 -0.896448  2.982202 2.98
1717 2.086026 -0.879387  2.965414 2.97
1718 2.086158 -0.867292  2.953451 2.95
1719 2.086056 -0.862287  2.948343 2.95
1720 2.085766 -0.863063  2.948829 2.95
1721 2.085455 -0.865566  2.951021 2.95
1722 2.085296 -0.865350  2.950646 2.95
1723 2.085367 -0.860072  2.945439 2.95
1724 2.085632 -0.850673  2.936304 2.94
1725 2.085975 -0.840882  2.926857 2.93
1726 2.086269 -0.835569  2.921838 2.92
1727 2.086424 -0.838864  2.925288 2.93
1728 2.086414 -0.852806  2.939220 2.94
1729 2.086277 -0.876941  2.963218 2.96
1730 2.086087 -0.908862  2.994949 2.99
1731 2.085917 -0.945283  3.031199 3.03
1732 2.085816 -0.983132  3.068947 3.07
1733 2.085805 -1.020336  3.106141 3.11
1734 2.085867 -1.056141  3.142007 3.14
1735 2.085949 -1.090873  3.176822 3.18
1736 2.085981 -1.125181  3.211162 3.21
1737 2.085919 -1.159048  3.244967 3.24
1738 2.085771 -1.191160  3.276931 3.28
1739 2.085595 -1.219043  3.304638 3.30
1740 2.085453 -1.239865  3.325318 3.33
1741 2.085386 -1.251368  3.336754 3.34
1742 2.085394 -1.252454  3.337848 3.34
1743 2.085451 -1.243227  3.328678 3.33
1744 2.085523 -1.224642  3.310166 3.31
1745 2.085588 -1.198020  3.283608 3.28
1746 2.085649 -1.164706  3.250355 3.25
1747 2.085728 -1.126081  3.211809 3.21
1748 2.085851 -1.083850  3.169701 3.17
1749 2.086020 -1.040349  3.126370 3.13
1750 2.086205 -0.998516  3.084721 3.08
1751 2.086360 -0.961428  3.047788 3.05
1752 2.086454 -0.931655  3.018110 3.02
1753 2.086485 -0.910809  2.997295 3.00
1754 2.086463 -0.899469  2.985933 2.99
1755 2.086399 -0.897339  2.983738 2.98
1756 2.086303 -0.903423  2.989726 2.99
1757 2.086196 -0.916223  3.002419 3.00
1758 2.086115 -0.934079  3.020194 3.02
1759 2.086090 -0.955685  3.041776 3.04
1760 2.086130 -0.980525  3.066656 3.07
1761 2.086213 -1.008968  3.095180 3.10
1762 2.086299 -1.041933  3.128232 3.13
1763 2.086353 -1.080331  3.166684 3.17
1764 2.086352 -1.124524  3.210876 3.21
1765 2.086285 -1.173984  3.260269 3.26
1766 2.086155 -1.227143  3.313298 3.31
1767 2.085979 -1.281463  3.367442 3.37
1768 2.085785 -1.333719  3.419504 3.42
1769 2.085602 -1.380441  3.466043 3.47
1770 2.085454 -1.418395  3.503848 3.50
1771 2.085353 -1.444959  3.530313 3.53
1772 2.085310 -1.458380  3.543690 3.54
1773 2.085330 -1.457924  3.543254 3.54
1774 2.085428 -1.444020  3.529448 3.53
1775 2.085619 -1.418444  3.504063 3.50
1776 2.085911 -1.384517  3.470428 3.47
1777 2.086283 -1.347129  3.433412 3.43
1778 2.086662 -1.312310  3.398972 3.40
1779 2.086944 -1.286097  3.373040 3.37
1780 2.087044 -1.272964  3.360008 3.36
1781 2.086956 -1.274590  3.361546 3.36
1782 2.086744 -1.289712  3.376456 3.38
1783 2.086492 -1.315040  3.401531 3.40
1784 2.086251 -1.346472  3.432724 3.43
1785 2.086041 -1.379947  3.465987 3.47
1786 2.085862 -1.411804  3.497666 3.50
1787 2.085718 -1.438904  3.524622 3.52
1788 2.085613 -1.458712  3.544324 3.54
1789 2.085551 -1.469392  3.554943 3.55
1790 2.085535 -1.469905  3.555440 3.56
1791 2.085564 -1.460054  3.545618 3.55
1792 2.085636 -1.440473  3.526109 3.53
1793 2.085746 -1.412588  3.498334 3.50
1794 2.085887 -1.378524  3.464410 3.46
1795 2.086045 -1.340961  3.427006 3.43
1796 2.086202 -1.302895  3.389096 3.39
1797 2.086334 -1.267296  3.353631 3.35
1798 2.086421 -1.236716  3.323137 3.32
1799 2.086443 -1.212904  3.299348 3.30
1800 2.086395 -1.196518  3.282913 3.28
1801 2.086286 -1.187001  3.273286 3.27
1802 2.086152 -1.182773  3.268925 3.27
1803 2.086040 -1.181785  3.267826 3.27
1804 2.085979 -1.182213  3.268192 3.27
1805 2.085968 -1.182931  3.268900 3.27
1806 2.085986 -1.183563  3.269549 3.27
1807 2.086003 -1.184201  3.270204 3.27
1808 2.085995 -1.185016  3.271012 3.27
1809 2.085943 -1.185899  3.271842 3.27
1810 2.085833 -1.186173  3.272006 3.27
1811 2.085669 -1.184443  3.270112 3.27
1812 2.085477 -1.178681  3.264158 3.26
1813 2.085322 -1.166689  3.252011 3.25
1814 2.085301 -1.147069  3.232370 3.23
1815 2.085498 -1.120576  3.206074 3.21
1816 2.085896 -1.091178  3.177074 3.18
1817 2.086295 -1.065505  3.151799 3.15
1818 2.086421 -1.049851  3.136272 3.14
1819 2.086185 -1.046336  3.132521 3.13
1820 2.085779 -1.051673  3.137452 3.14
1821 2.085475 -1.059830  3.145306 3.15
1822 2.085388 -1.065882  3.151270 3.15
1823 2.085457 -1.067853  3.153310 3.15
1824 2.085560 -1.066083  3.151642 3.15
1825 2.085623 -1.061622  3.147245 3.15
1826 2.085658 -1.055206  3.140864 3.14
1827 2.085728 -1.047346  3.133074 3.13
1828 2.085886 -1.039143  3.125029 3.13
1829 2.086126 -1.032963  3.119089 3.12
1830 2.086365 -1.032228  3.118592 3.12
1831 2.086499 -1.040210  3.126709 3.13
1832 2.086474 -1.058539  3.145013 3.15
1833 2.086311 -1.086390  3.172701 3.17
1834 2.086080 -1.120798  3.206877 3.21
1835 2.085844 -1.157650  3.243494 3.24
1836 2.085641 -1.192684  3.278325 3.28
1837 2.085484 -1.222111  3.307596 3.31
1838 2.085375 -1.242902  3.328276 3.33
1839 2.085308 -1.252850  3.338158 3.34
1840 2.085281 -1.250563  3.335844 3.34
1841 2.085300 -1.235452  3.320752 3.32
1842 2.085374 -1.207804  3.293178 3.29
1843 2.085522 -1.168938  3.254460 3.25
1844 2.085755 -1.121425  3.207180 3.21
1845 2.086067 -1.069202  3.155270 3.16
1846 2.086419 -1.017393  3.103812 3.10
1847 2.086743 -0.971665  3.058408 3.06
1848 2.086966 -0.937195  3.024161 3.02
1849 2.087044 -0.917576  3.004621 3.00
1850 2.086975 -0.914135  3.001111 3.00
1851 2.086795 -0.925887  3.012682 3.01
1852 2.086553 -0.950048  3.036601 3.04
1853 2.086299 -0.982791  3.069090 3.07
1854 2.086071 -1.020009  3.106080 3.11
1855 2.085892 -1.057924  3.143816 3.14
1856 2.085769 -1.093473  3.179242 3.18
1857 2.085697 -1.124457  3.210155 3.21
1858 2.085663 -1.149487  3.235151 3.24
1859 2.085657 -1.167830  3.253487 3.25
1860 2.085674 -1.179262  3.264936 3.26
1861 2.085716 -1.184004  3.269720 3.27
1862 2.085788 -1.182736  3.268524 3.27
1863 2.085893 -1.176657  3.262549 3.26
1864 2.086029 -1.167512  3.253541 3.25
1865 2.086185 -1.157542  3.243727 3.24
1866 2.086337 -1.149275  3.235612 3.24
1867 2.086449 -1.145150  3.231600 3.23
1868 2.086483 -1.146968  3.233451 3.23
1869 2.086411 -1.155310  3.241721 3.24
1870 2.086235 -1.169165  3.255399 3.26
1871 2.085983 -1.185947  3.271930 3.27
1872 2.085703 -1.201957  3.287659 3.29
1873 2.085441 -1.213093  3.298534 3.30
1874 2.085238 -1.215600  3.300838 3.30
1875 2.085125 -1.206711  3.291835 3.29
1876 2.085118 -1.185126  3.270243 3.27
1877 2.085212 -1.151275  3.236487 3.24
1878 2.085370 -1.107208  3.192578 3.19
1879 2.085536 -1.056009  3.141544 3.14
1880 2.085681 -1.000981  3.086661 3.09
1881 2.085836 -0.945197  3.031033 3.03
1882 2.086062 -0.891858  2.977920 2.98
1883 2.086372 -0.845018  2.931390 2.93
1884 2.086681 -0.809641  2.896322 2.90
1885 2.086857 -0.790349  2.877205 2.88
1886 2.086812 -0.789533  2.876345 2.88
1887 2.086567 -0.806144  2.892710 2.89
1888 2.086225 -0.835988  2.922214 2.92
1889 2.085905 -0.873255  2.959159 2.96
1890 2.085679 -0.912266  2.997944 3.00
1891 2.085566 -0.948668  3.034234 3.03
1892 2.085545 -0.979815  3.065360 3.07
1893 2.085578 -1.004542  3.090120 3.09
1894 2.085631 -1.022673  3.108304 3.11
1895 2.085684 -1.034537  3.120221 3.12
1896 2.085735 -1.040672  3.126407 3.13
1897 2.085799 -1.041782  3.127580 3.13
1898 2.085903 -1.038928  3.124830 3.12
1899 2.086073 -1.033890  3.119963 3.12
1900 2.086308 -1.029465  3.115773 3.12
1901 2.086557 -1.029343  3.115899 3.12
1902 2.086724 -1.037278  3.124002 3.12
1903 2.086728 -1.055691  3.142419 3.14
1904 2.086562 -1.084489  3.171051 3.17
1905 2.086301 -1.120966  3.207267 3.21
1906 2.086045 -1.160881  3.246926 3.25
1907 2.085860 -1.199933  3.285793 3.29
1908 2.085759 -1.234783  3.320543 3.32
1909 2.085726 -1.263364  3.349090 3.35
1910 2.085732 -1.284700  3.370432 3.37
1911 2.085756 -1.298556  3.384312 3.38
1912 2.085778 -1.305100  3.390878 3.39
1913 2.085784 -1.304620  3.390404 3.39
1914 2.085764 -1.297303  3.383068 3.38
1915 2.085719 -1.283100  3.368819 3.37
1916 2.085659 -1.261717  3.347375 3.35
1917 2.085604 -1.232774  3.318378 3.32
1918 2.085580 -1.196102  3.281683 3.28
1919 2.085610 -1.152098  3.237708 3.24
1920 2.085712 -1.102047  3.187759 3.19
1921 2.085893 -1.048369  3.134262 3.13
1922 2.086132 -0.994639  3.080771 3.08
1923 2.086371 -0.945199  3.031571 3.03
1924 2.086540 -0.904259  2.990799 2.99
1925 2.086609 -0.874851  2.961459 2.96
1926 2.086613 -0.858372  2.944985 2.94
1927 2.086605 -0.855024  2.941629 2.94
1928 2.086591 -0.864507  2.951099 2.95
1929 2.086532 -0.886147  2.972679 2.97
1930 2.086389 -0.918417  3.004806 3.00
1931 2.086164 -0.958501  3.044664 3.04
1932 2.085894 -1.002378  3.088272 3.09
1933 2.085623 -1.045407  3.131031 3.13
1934 2.085388 -1.083033  3.168421 3.17
1935 2.085210 -1.111377  3.196587 3.20
1936 2.085106 -1.127635  3.212741 3.21
1937 2.085097 -1.130374  3.215471 3.22
1938 2.085209 -1.119848  3.205057 3.21
1939 2.085469 -1.098369  3.183838 3.18
1940 2.085866 -1.070573  3.156439 3.16
1941 2.086308 -1.043096  3.129404 3.13
1942 2.086605 -1.023004  3.109609 3.11
1943 2.086577 -1.014965  3.101542 3.10
1944 2.086218 -1.018686  3.104903 3.10
1945 2.085733 -1.028864  3.114596 3.11
1946 2.085376 -1.038105  3.123481 3.12
1947 2.085277 -1.040605  3.125882 3.13
1948 2.085407 -1.034187  3.119594 3.12
1949 2.085647 -1.020066  3.105713 3.11
1950 2.085868 -1.001226  3.087094 3.09
1951 2.085993 -0.980602  3.066595 3.07
1952 2.086015 -0.959940  3.045955 3.05
1953 2.085981 -0.939649  3.025629 3.03
1954 2.085961 -0.919454  3.005415 3.01
1955 2.086017 -0.899386  2.985403 2.99
1956 2.086172 -0.880613  2.966784 2.97
1957 2.086390 -0.865702  2.952092 2.95
1958 2.086591 -0.858059  2.944649 2.94
1959 2.086686 -0.860694  2.947380 2.95
1960 2.086641 -0.874969  2.961609 2.96
1961 2.086483 -0.900064  2.986547 2.99
1962 2.086271 -0.933375  3.019645 3.02
1963 2.086051 -0.971352  3.057402 3.06
1964 2.085851 -1.010263  3.096114 3.10
1965 2.085694 -1.046691  3.132385 3.13
1966 2.085596 -1.077896  3.163492 3.16
1967 2.085567 -1.102102  3.187670 3.19
1968 2.085602 -1.118650  3.204252 3.20
1969 2.085677 -1.127880  3.213557 3.21
1970 2.085768 -1.130812  3.216581 3.22
1971 2.085871 -1.128799  3.214670 3.21
1972 2.085992 -1.123404  3.209396 3.21
1973 2.086139 -1.116475  3.202614 3.20
1974 2.086297 -1.110192  3.196489 3.20
1975 2.086428 -1.106820  3.193248 3.19
1976 2.086495 -1.108173  3.194668 3.19
1977 2.086480 -1.115078  3.201558 3.20
1978 2.086395 -1.127131  3.213526 3.21
1979 2.086267 -1.142865  3.229133 3.23
1980 2.086127 -1.160161  3.246288 3.25
1981 2.085993 -1.176691  3.262684 3.26
1982 2.085879 -1.190249  3.276127 3.28
1983 2.085788 -1.198950  3.284739 3.28
1984 2.085727 -1.201346  3.287072 3.29
1985 2.085698 -1.196501  3.282200 3.28
1986 2.085712 -1.184091  3.269802 3.27
1987 2.085778 -1.164518  3.250296 3.25
1988 2.085911 -1.139084  3.224995 3.22
1989 2.086122 -1.110167  3.196288 3.20
1990 2.086408 -1.081336  3.167744 3.17
1991 2.086737 -1.057243  3.143980 3.14
1992 2.087041 -1.043072  3.130113 3.13
1993 2.087227 -1.043480  3.130707 3.13
1994 2.087224 -1.061244  3.148468 3.15
1995 2.087019 -1.096211  3.183230 3.18
1996 2.086668 -1.145127  3.231796 3.23
1997 2.086265 -1.202465  3.288730 3.29
1998 2.085889 -1.261777  3.347666 3.35
1999 2.085585 -1.316930  3.402515 3.40
