#Step   Etot   PotE Ktot  T
0 0.818305 -2.635526  3.453831 3.45
1 0.818293 -2.627775  3.446068 3.45
2 0.818268 -2.614721  3.432989 3.43
3 0.818230 -2.596081  3.414311 3.41
4 0.818180 -2.571428  3.389608 3.39
5 0.818119 -2.540205  3.358324 3.36
6 0.818049 -2.501742  3.319791 3.32
7 0.817972 -2.455290  3.273262 3.27
8 0.817894 -2.400069  3.217963 3.22
9 0.817821 -2.335345  3.153166 3.15
10 0.817765 -2.260545  3.078310 3.08
11 0.817738 -2.175406  2.993145 2.99
12 0.817757 -2.080174  2.897931 2.90
13 0.817835 -1.975812  2.793647 2.79
14 0.817983 -1.864206  2.682188 2.68
15 0.818201 -1.748282  2.566482 2.57
16 0.818474 -1.631979  2.450453 2.45
17 0.818773 -1.519996  2.338770 2.34
18 0.819057 -1.417325  2.236382 2.24
19 0.819281 -1.328615  2.147897 2.15
20 0.819415 -1.257538  2.076953 2.08
21 0.819442 -1.206292  2.025735 2.03
22 0.819368 -1.175378  1.994745 1.99
23 0.819213 -1.163663  1.982876 1.98
24 0.819008 -1.168709  1.987717 1.99
25 0.818786 -1.187226  2.006012 2.01
26 0.818572 -1.215572  2.034144 2.03
27 0.818386 -1.250168  2.068554 2.07
28 0.821756 -1.286872  2.108628 2.11
29 0.821651 -1.323699  2.145350 2.15
30 0.821585 -1.358666  2.180251 2.18
31 0.821551 -1.390397  2.211948 2.21
32 0.821544 -1.418052  2.239596 2.24
33 0.821558 -1.441238  2.262796 2.26
34 0.821588 -1.459931  2.281520 2.28
35 0.821631 -1.474400  2.296031 2.30
36 0.821682 -1.485141  2.306823 2.31
37 0.821738 -1.492821  2.314558 2.31
38 0.821792 -1.498193  2.319985 2.32
39 0.821840 -1.502018  2.323858 2.32
40 0.821877 -1.504974  2.326851 2.33
41 0.821903 -1.507589  2.329492 2.33
42 0.821918 -1.510225  2.332143 2.33
43 0.821930 -1.513103  2.335033 2.34
44 0.821941 -1.516375  2.338316 2.34
45 0.821958 -1.520198  2.342156 2.34
46 0.821979 -1.524792  2.346772 2.35
47 0.822004 -1.530448  2.352452 2.35
48 0.822026 -1.537493  2.359519 2.36
49 0.822040 -1.546217  2.368258 2.37
50 0.822041 -1.556785  2.378826 2.38
51 0.822023 -1.569152  2.391174 2.39
52 0.821985 -1.582997  2.404982 2.40
53 0.821928 -1.597707  2.419635 2.42
54 0.821857 -1.612394  2.434252 2.43
55 0.821779 -1.625974  2.447753 2.45
56 0.821702 -1.637266  2.458968 2.46
57 0.821635 -1.645125  2.466760 2.47
58 0.821585 -1.648573  2.470158 2.47
59 0.821559 -1.646918  2.468477 2.47
60 0.821561 -1.639851  2.461412 2.46
61 0.821594 -1.627517  2.449111 2.45
62 0.821659 -1.610553  2.432212 2.43
63 0.821751 -1.590087  2.411838 2.41
64 0.821866 -1.567682  2.389549 2.39
65 0.821994 -1.545241  2.367235 2.37
66 0.822122 -1.524841  2.346962 2.35
67 0.822234 -1.508539  2.330773 2.33
68 0.822317 -1.498136  2.320453 2.32
69 0.822355 -1.494935  2.317290 2.32
70 0.822338 -1.499523  2.321861 2.32
71 0.822266 -1.511632  2.333898 2.33
72 0.822148 -1.530128  2.352276 2.35
73 0.822001 -1.553154  2.375155 2.38
74 0.822893 -1.580722  2.403615 2.40
75 0.822747 -1.607413  2.430160 2.43
76 0.822628 -1.630881  2.453509 2.45
77 0.822543 -1.649200  2.471743 2.47
78 0.822494 -1.660979  2.483473 2.48
79 0.822481 -1.665416  2.487897 2.49
80 0.822506 -1.662322  2.484829 2.48
81 0.822569 -1.652131  2.474700 2.47
82 0.822666 -1.635889  2.458555 2.46
83 0.822790 -1.615198  2.437988 2.44
84 0.822928 -1.592089  2.415017 2.42
85 0.823060 -1.568800  2.391860 2.39
86 0.823167 -1.547477  2.370644 2.37
87 0.823233 -1.529878  2.353111 2.35
88 0.823255 -1.517144  2.340399 2.34
89 0.823239 -1.509729  2.332968 2.33
90 0.806610 -1.507168  2.313778 2.31
91 0.806553 -1.509189  2.315743 2.32
92 0.806492 -1.514953  2.321445 2.32
93 0.806432 -1.523522  2.329954 2.33
94 0.806376 -1.533955  2.340331 2.34
95 0.806324 -1.545350  2.351674 2.35
96 0.806279 -1.556875  2.363154 2.36
97 0.806243 -1.567797  2.374040 2.37
98 0.806218 -1.577526  2.383744 2.38
99 0.806205 -1.585647  2.391852 2.39
100 0.806202 -1.591932  2.398134 2.40
101 0.806202 -1.596297  2.402498 2.40
102 0.806197 -1.598709  2.404905 2.40
103 0.806181 -1.599074  2.405255 2.41
104 0.806154 -1.597159  2.403313 2.40
105 0.806121 -1.592585  2.398706 2.40
106 0.806092 -1.584908  2.391000 2.39
107 0.806078 -1.573762  2.379840 2.38
108 0.806087 -1.559018  2.365105 2.37
109 0.806124 -1.540914  2.347039 2.35
110 0.806189 -1.520123  2.326312 2.33
111 0.806274 -1.497739  2.304013 2.30
112 0.806369 -1.475173  2.281543 2.28
113 0.806459 -1.453984  2.260443 2.26
114 0.806529 -1.435646  2.242175 2.24
115 0.806569 -1.421337  2.227906 2.23
116 0.806575 -1.411774  2.218349 2.22
117 0.806552 -1.407162  2.213714 2.21
118 0.806510 -1.407249  2.213759 2.21
119 0.806460 -1.411470  2.217930 2.22
120 0.806414 -1.419119  2.225533 2.23
121 0.806379 -1.429515  2.235894 2.24
122 0.806360 -1.442115  2.248474 2.25
123 0.806355 -1.456577  2.262932 2.26
124 0.806361 -1.472760  2.279120 2.28
125 0.806370 -1.490663  2.297033 2.30
126 0.806373 -1.510319  2.316692 2.32
127 0.806362 -1.531658  2.338019 2.34
128 0.806333 -1.554395  2.360728 2.36
129 0.806288 -1.577983  2.384272 2.38
130 0.806236 -1.601650  2.407886 2.41
131 0.806187 -1.624517  2.430705 2.43
132 0.806155 -1.645774  2.451929 2.45
133 0.806147 -1.664855  2.471002 2.47
134 0.806167 -1.681569  2.487736 2.49
135 0.806207 -1.696128  2.502336 2.50
136 0.806256 -1.709062  2.515318 2.52
137 0.806298 -1.721020  2.527319 2.53
138 0.806322 -1.732551  2.538872 2.54
139 0.806324 -1.743930  2.550254 2.55
140 0.806311 -1.755128  2.561439 2.56
141 0.806290 -1.765883  2.572173 2.57
142 0.806267 -1.775821  2.582088 2.58
143 0.806242 -1.784536  2.590778 2.59
144 0.806211 -1.791596  2.597807 2.60
145 0.806173 -1.796514  2.602687 2.60
146 0.806131 -1.798745  2.604877 2.60
147 0.806095 -1.797747  2.603842 2.60
148 0.806076 -1.793113  2.599189 2.60
149 0.806079 -1.784719  2.590798 2.59
150 0.806102 -1.772810  2.578913 2.58
151 0.870051 -1.757046  2.627097 2.63
152 0.870071 -1.738480  2.608551 2.61
153 0.870076 -1.717704  2.587780 2.59
154 0.870070 -1.695115  2.565186 2.57
155 0.870068 -1.670967  2.541035 2.54
156 0.870087 -1.645570  2.515657 2.52
157 0.870133 -1.619520  2.489653 2.49
158 0.870202 -1.593797  2.463999 2.46
159 0.870279 -1.569681  2.439960 2.44
160 0.870345 -1.548527  2.418872 2.42
161 0.870385 -1.531479  2.401864 2.40
162 0.870394 -1.519256  2.389650 2.39
163 0.870381 -1.512089  2.382470 2.38
164 0.870357 -1.509819  2.380177 2.38
165 0.870329 -1.512055  2.382383 2.38
166 0.870295 -1.518276  2.388571 2.39
167 0.870251 -1.527840  2.398091 2.40
168 0.870194 -1.539922  2.410116 2.41
169 0.870124 -1.553482  2.423606 2.42
170 0.870048 -1.567293  2.437341 2.44
171 0.869973 -1.580050  2.450023 2.45
172 0.869906 -1.590490  2.460397 2.46
173 0.869849 -1.597494  2.467344 2.47
174 0.869805 -1.600137  2.469942 2.47
175 0.837322 -1.591887  2.429209 2.43
176 0.818992 -1.577439  2.396431 2.40
177 0.819074 -1.558496  2.377570 2.38
178 0.819188 -1.536435  2.355623 2.36
179 0.819323 -1.513113  2.332436 2.33
180 0.819457 -1.490673  2.310130 2.31
181 0.819564 -1.471216  2.290779 2.29
182 0.819616 -1.456395  2.276011 2.28
183 0.819597 -1.447028  2.266624 2.27
184 0.819500 -1.442839  2.262338 2.26
185 0.819334 -1.442394  2.261728 2.26
186 0.819121 -1.443263  2.262384 2.26
187 0.818895 -1.442386  2.261281 2.26
188 0.818700 -1.436629  2.255329 2.26
189 0.818593 -1.423496  2.242088 2.24
190 0.818641 -1.402008  2.220648 2.22
191 0.818903 -1.373686  2.192589 2.19
192 0.819374 -1.343292  2.162666 2.16
193 0.819923 -1.318540  2.138463 2.14
194 0.869260 -1.309286  2.178546 2.18
195 0.869301 -1.320098  2.189399 2.19
196 0.869012 -1.351537  2.220549 2.22
197 0.868582 -1.399044  2.267625 2.27
198 0.868194 -1.455606  2.323800 2.32
199 0.867926 -1.514522  2.382448 2.38
200 0.867769 -1.570722  2.438491 2.44
201 0.867691 -1.620837  2.488528 2.49
202 0.867666 -1.662823  2.530489 2.53
203 0.867680 -1.695609  2.563290 2.56
204 0.867720 -1.718861  2.586582 2.59
205 0.867774 -1.732779  2.600553 2.60
206 0.867829 -1.737898  2.605728 2.61
207 0.867878 -1.734896  2.602773 2.60
208 0.867917 -1.724456  2.592373 2.59
209 0.867951 -1.707224  2.575175 2.58
210 0.867990 -1.683861  2.551851 2.55
211 0.868045 -1.655164  2.523209 2.52
212 0.868123 -1.622213  2.490336 2.49
213 0.868226 -1.586466  2.454691 2.45
214 0.868349 -1.549773  2.418122 2.42
215 0.868479 -1.514283  2.382763 2.38
216 0.868599 -1.482236  2.350835 2.35
217 0.868689 -1.455677  2.324366 2.32
218 0.868734 -1.436168  2.304903 2.30
219 0.868728 -1.424558  2.293286 2.29
220 0.868675 -1.420879  2.289554 2.29
221 0.868588 -1.424403  2.292991 2.29
222 0.868483 -1.433832  2.302315 2.30
223 0.868378 -1.447555  2.315934 2.32
224 0.868287 -1.463913  2.332200 2.33
225 0.868217 -1.481406  2.349623 2.35
226 0.868171 -1.498826  2.366998 2.37
227 0.868148 -1.515317  2.383465 2.38
228 0.868143 -1.530353  2.398496 2.40
229 0.868147 -1.543678  2.411825 2.41
230 0.872663 -1.547438  2.420101 2.42
231 0.872688 -1.549068  2.421755 2.42
232 0.872705 -1.548842  2.421547 2.42
233 0.872716 -1.546948  2.419664 2.42
234 0.872721 -1.543476  2.416197 2.42
235 0.872724 -1.538445  2.411169 2.41
236 0.872730 -1.531863  2.404593 2.40
237 0.872741 -1.523783  2.396524 2.40
238 0.872759 -1.514352  2.387111 2.39
239 0.872784 -1.503838  2.376622 2.38
240 0.872813 -1.492631  2.365444 2.37
241 0.872844 -1.481209  2.354053 2.35
242 0.872874 -1.470099  2.342973 2.34
243 0.872900 -1.459829  2.332729 2.33
244 0.872918 -1.450881  2.323799 2.32
245 0.872927 -1.443639  2.316566 2.32
246 0.872925 -1.438340  2.311265 2.31
247 0.872913 -1.435051  2.307964 2.31
248 0.872896 -1.433679  2.306575 2.31
249 0.872880 -1.434032  2.306912 2.31
250 0.872868 -1.435898  2.308766 2.31
251 0.872860 -1.439090  2.311951 2.31
252 0.872856 -1.443455  2.316311 2.32
253 0.872852 -1.448851  2.321703 2.32
254 0.872850 -1.455131  2.327981 2.33
255 0.872951 -1.461932  2.334883 2.33
256 0.872953 -1.469511  2.342464 2.34
257 0.872956 -1.477747  2.350703 2.35
258 0.872959 -1.486528  2.359487 2.36
259 0.872961 -1.495740  2.368701 2.37
260 0.872963 -1.505255  2.378217 2.38
261 0.872964 -1.514947  2.387911 2.39
262 0.872967 -1.524705  2.397672 2.40
263 0.872969 -1.534442  2.407411 2.41
264 0.872964 -1.544059  2.417022 2.42
265 0.837713 -1.553361  2.391074 2.39
266 0.837675 -1.562571  2.400246 2.40
267 0.837616 -1.571058  2.408674 2.41
268 0.837540 -1.577899  2.415438 2.42
269 0.837454 -1.581942  2.419396 2.42
270 0.837370 -1.581941  2.419311 2.42
271 0.837299 -1.576727  2.414026 2.41
272 0.837251 -1.565388  2.402639 2.40
273 0.837234 -1.547426  2.384661 2.38
274 0.837262 -1.522914  2.360176 2.36
275 0.837347 -1.492664  2.330011 2.33
276 0.837502 -1.458418  2.295920 2.30
277 0.837725 -1.422987  2.260712 2.26
278 0.837983 -1.390150  2.228133 2.23
279 0.838206 -1.364104  2.202310 2.20
280 0.838315 -1.348404  2.186719 2.19
281 0.838264 -1.344779  2.183043 2.18
282 0.838076 -1.352495  2.190572 2.19
283 0.837826 -1.368688  2.206514 2.21
284 0.837589 -1.389424  2.227013 2.23
285 0.837413 -1.410848  2.248261 2.25
286 0.837310 -1.429939  2.267249 2.27
287 0.837271 -1.444765  2.282036 2.28
288 0.837276 -1.454389  2.291665 2.29
289 0.837305 -1.458603  2.295908 2.30
290 0.837340 -1.457631  2.294971 2.29
291 0.837376 -1.451894  2.289270 2.29
292 0.837886 -1.440947  2.278833 2.28
293 0.837928 -1.426400  2.264328 2.26
294 0.837978 -1.408943  2.246920 2.25
295 0.838034 -1.389408  2.227441 2.23
296 0.824606 -1.368844  2.193450 2.19
297 0.824647 -1.347999  2.172646 2.17
298 0.824672 -1.327586  2.152257 2.15
299 0.824687 -1.308099  2.132786 2.13
300 0.824704 -1.289910  2.114614 2.11
301 0.824732 -1.273436  2.098168 2.10
302 0.824768 -1.259263  2.084032 2.08
303 0.824796 -1.248087  2.072883 2.07
304 0.824796 -1.240470  2.065266 2.07
305 0.824764 -1.236576  2.061340 2.06
306 0.824714 -1.236082  2.060797 2.06
307 0.824674 -1.238383  2.063057 2.06
308 0.824668 -1.242972  2.067640 2.07
309 0.824701 -1.249784  2.074485 2.07
310 0.824757 -1.259273  2.084030 2.08
311 0.824809 -1.272202  2.097010 2.10
312 0.824823 -1.289217  2.114040 2.11
313 0.824780 -1.310403  2.135183 2.14
314 0.824685 -1.335001  2.159686 2.16
315 0.824565 -1.361474  2.186039 2.19
316 0.824460 -1.387901  2.212361 2.21
317 0.824406 -1.412566  2.236972 2.24
318 0.824412 -1.434453  2.258866 2.26
319 0.824465 -1.453418  2.277883 2.28
320 0.824530 -1.469991  2.294520 2.29
321 0.824570 -1.484908  2.309479 2.31
322 0.824564 -1.498612  2.323176 2.32
323 0.824509 -1.510922  2.335431 2.34
324 0.824421 -1.520999  2.345420 2.35
325 0.824327 -1.527582  2.351909 2.35
326 0.824257 -1.529374  2.353631 2.35
327 0.824235 -1.525468  2.349704 2.35
328 0.824281 -1.515723  2.340004 2.34
329 0.824399 -1.501021  2.325421 2.33
330 0.824573 -1.483325  2.307898 2.31
331 0.824757 -1.465377  2.290133 2.29
332 0.824888 -1.450005  2.274893 2.27
333 0.824920 -1.439219  2.264139 2.26
334 0.824856 -1.433547  2.258402 2.26
335 0.824739 -1.432044  2.256783 2.26
336 0.824629 -1.432933  2.257562 2.26
337 0.824561 -1.434446  2.259007 2.26
338 0.824542 -1.435386  2.259929 2.26
339 0.824556 -1.435262  2.259817 2.26
340 0.824580 -1.434095  2.258676 2.26
341 0.824598 -1.432139  2.256737 2.26
342 0.824597 -1.429621  2.254218 2.25
343 0.824574 -1.426587  2.251161 2.25
344 0.824532 -1.422849  2.247381 2.25
345 0.824489 -1.418067  2.242555 2.24
346 0.824477 -1.412014  2.236491 2.24
347 0.824539 -1.405047  2.229587 2.23
348 0.824701 -1.398667  2.223368 2.22
349 0.824936 -1.395788  2.220724 2.22
350 0.825144 -1.400223  2.225367 2.23
351 0.825206 -1.415188  2.240394 2.24
352 0.825074 -1.441575  2.266649 2.27
353 0.824819 -1.477289  2.302108 2.30
354 0.824565 -1.518234  2.342799 2.34
355 0.824399 -1.560105  2.384504 2.38
356 0.824337 -1.599730  2.424068 2.42
357 0.824352 -1.635433  2.459786 2.46
358 0.824405 -1.666713  2.491118 2.49
359 0.824464 -1.693720  2.518184 2.52
360 0.824511 -1.716808  2.541319 2.54
361 0.824536 -1.736240  2.560776 2.56
362 0.824540 -1.752043  2.576582 2.58
363 0.824529 -1.764000  2.588529 2.59
364 0.824514 -1.771743  2.596257 2.60
365 0.824506 -1.774896  2.599402 2.60
366 0.824510 -1.773218  2.597727 2.60
367 0.824530 -1.766702  2.591232 2.59
368 0.824565 -1.755621  2.580187 2.58
369 0.824613 -1.740519  2.565131 2.57
370 0.824667 -1.722154  2.546821 2.55
371 0.824721 -1.701424  2.526145 2.53
372 0.824769 -1.679266  2.504035 2.50
373 0.824807 -1.656558  2.481365 2.48
374 0.824836 -1.634066  2.458903 2.46
375 0.824862 -1.612447  2.437309 2.44
376 0.824894 -1.592323  2.417218 2.42
377 0.824941 -1.574414  2.399355 2.40
378 0.825001 -1.559621  2.384622 2.38
379 0.825063 -1.549011  2.374073 2.37
380 0.825104 -1.543610  2.368714 2.37
381 0.856809 -1.545497  2.402307 2.40
382 0.856757 -1.553068  2.409825 2.41
383 0.856664 -1.565525  2.422189 2.42
384 0.856549 -1.581419  2.437968 2.44
385 0.856435 -1.598952  2.455387 2.46
386 0.856338 -1.616311  2.472649 2.47
387 0.856260 -1.631903  2.488163 2.49
388 0.856199 -1.644437  2.500636 2.50
389 0.856151 -1.652905  2.509055 2.51
390 0.856111 -1.656521  2.512632 2.51
391 0.856082 -1.654690  2.510772 2.51
392 0.856067 -1.647016  2.503083 2.50
393 0.856072 -1.633365  2.489437 2.49
394 0.856102 -1.613945  2.470046 2.47
395 0.856159 -1.589374  2.445532 2.45
396 0.856238 -1.560700  2.416938 2.42
397 0.856332 -1.529337  2.385669 2.39
398 0.856424 -1.496919  2.353343 2.35
399 0.856500 -1.465079  2.321579 2.32
400 0.856551 -1.435231  2.291781 2.29
401 0.856574 -1.408414  2.264988 2.26
402 0.856577 -1.385267  2.241845 2.24
403 0.856572 -1.366121  2.222693 2.22
404 0.860954 -1.352188  2.213142 2.21
405 0.860942 -1.342654  2.203596 2.20
406 0.860921 -1.337485  2.198406 2.20
407 0.860886 -1.336464  2.197350 2.20
408 0.860839 -1.339131  2.199970 2.20
409 0.860784 -1.344806  2.205590 2.21
410 0.860727 -1.352650  2.213377 2.21
411 0.847788 -1.361803  2.209591 2.21
412 0.847734 -1.371257  2.218992 2.22
413 0.847692 -1.380103  2.227795 2.23
414 0.847674 -1.387594  2.235268 2.24
415 0.847686 -1.393319  2.241006 2.24
416 0.847730 -1.397323  2.245053 2.25
417 0.847790 -1.400088  2.247878 2.25
418 0.847847 -1.402344  2.250191 2.25
419 0.847883 -1.404785  2.252668 2.25
420 0.847888 -1.407809  2.255697 2.26
421 0.847863 -1.411379  2.259243 2.26
422 0.847819 -1.415050  2.262870 2.26
423 0.847770 -1.418113  2.265883 2.27
424 0.847728 -1.419810  2.267537 2.27
425 0.847706 -1.419540  2.267246 2.27
426 0.847714 -1.417050  2.264764 2.26
427 0.847759 -1.412580  2.260340 2.26
428 0.847843 -1.406955  2.254798 2.25
429 0.847956 -1.401581  2.249537 2.25
430 0.848079 -1.398297  2.246376 2.25
431 0.848178 -1.399033  2.247211 2.25
432 0.848219 -1.405316  2.253536 2.25
433 0.848182 -1.417760  2.265942 2.27
434 0.848067 -1.435749  2.283817 2.28
435 0.847901 -1.457481  2.305382 2.31
436 0.847721 -1.480343  2.328063 2.33
437 0.847559 -1.501476  2.349035 2.35
438 0.847439 -1.518305  2.365744 2.37
439 0.847369 -1.528902  2.376271 2.38
440 0.847354 -1.532182  2.379536 2.38
441 0.847397 -1.527990  2.375386 2.38
442 0.847499 -1.517157  2.364656 2.36
443 0.847657 -1.501520  2.349178 2.35
444 0.847841 -1.483790  2.331631 2.33
445 0.847992 -1.467054  2.315046 2.32
446 0.848038 -1.453865  2.301903 2.30
447 0.847945 -1.445189  2.293134 2.29
448 0.847749 -1.439913  2.287662 2.29
449 0.847543 -1.435360  2.282903 2.28
450 0.847415 -1.428611  2.276026 2.28
451 0.847409 -1.417810  2.265219 2.27
452 0.847508 -1.402822  2.250330 2.25
453 0.847668 -1.385076  2.232744 2.23
454 0.847836 -1.366916  2.214753 2.21
455 0.847979 -1.350851  2.198830 2.20
456 0.848084 -1.339026  2.187109 2.19
457 0.848148 -1.332991  2.181139 2.18
458 0.848169 -1.333625  2.181793 2.18
459 0.848137 -1.341065  2.189202 2.19
460 0.848045 -1.354579  2.202623 2.20
461 0.847899 -1.372490  2.220388 2.22
462 0.847718 -1.392297  2.240016 2.24
463 0.847531 -1.411001  2.258531 2.26
464 0.847359 -1.425524  2.272883 2.27
465 0.847221 -1.433107  2.280328 2.28
466 0.847126 -1.431589  2.278715 2.28
467 0.847085 -1.419602  2.266686 2.27
468 0.847109 -1.396732  2.243841 2.24
469 0.847212 -1.363701  2.210913 2.21
470 0.847401 -1.322528  2.169929 2.17
471 0.847663 -1.276576  2.124239 2.12
472 0.847956 -1.230300  2.078256 2.08
473 0.848216 -1.188573  2.036789 2.04
474 0.848376 -1.155681  2.004057 2.00
475 0.848405 -1.134328  1.982733 1.98
476 0.848325 -1.125170  1.973495 1.97
477 0.848198 -1.127122  1.975320 1.98
478 0.848082 -1.138223  1.986305 1.99
479 0.848005 -1.156505  2.004510 2.00
480 0.847963 -1.180447  2.028409 2.03
481 0.847931 -1.208959  2.056890 2.06
482 0.847892 -1.241107  2.089000 2.09
483 0.847839 -1.275861  2.123700 2.12
484 0.847777 -1.312006  2.159783 2.16
485 0.847721 -1.348235  2.195956 2.20
486 0.847684 -1.383351  2.231035 2.23
487 0.847674 -1.416463  2.264137 2.26
488 0.847693 -1.447118  2.294810 2.29
489 0.847734 -1.475311  2.323045 2.32
490 0.847786 -1.501403  2.349189 2.35
491 0.847839 -1.525958  2.373797 2.37
492 0.847881 -1.549570  2.397451 2.40
493 0.847907 -1.572708  2.420615 2.42
494 0.847913 -1.595617  2.443530 2.44
495 0.847901 -1.618270  2.466170 2.47
496 0.847870 -1.640361  2.488231 2.49
497 0.847824 -1.661317  2.509140 2.51
498 0.847764 -1.680325  2.528089 2.53
499 0.847699 -1.696395  2.544093 2.54
500 0.847637 -1.708464  2.556101 2.56
501 0.847591 -1.715551  2.563142 2.56
502 0.847569 -1.716922  2.564491 2.56
503 0.847578 -1.712235  2.559813 2.56
504 0.929957 -1.702752  2.632709 2.63
505 0.929610 -1.688837  2.618447 2.62
506 0.929700 -1.670389  2.600088 2.60
507 0.929799 -1.648821  2.578620 2.58
508 0.929898 -1.625719  2.555616 2.56
509 0.929983 -1.602656  2.532639 2.53
510 0.930047 -1.581026  2.511074 2.51
511 0.930088 -1.561913  2.492000 2.49
512 0.930106 -1.546035  2.476141 2.48
513 0.930108 -1.533769  2.463877 2.46
514 0.930102 -1.525231  2.455333 2.46
515 0.930094 -1.520385  2.450479 2.45
516 0.930089 -1.519143  2.449233 2.45
517 0.930088 -1.521429  2.451517 2.45
518 0.930086 -1.527174  2.457259 2.46
519 0.930077 -1.536275  2.466353 2.47
520 0.930058 -1.548517  2.478575 2.48
521 0.930024 -1.563498  2.493522 2.49
522 0.929977 -1.580592  2.510569 2.51
523 0.929919 -1.598965  2.528884 2.53
524 0.929858 -1.617632  2.547490 2.55
525 0.929799 -1.635550  2.565349 2.57
526 0.929746 -1.651714  2.581460 2.58
527 0.929704 -1.665228  2.594931 2.59
528 0.929671 -1.675359  2.605030 2.61
529 0.929649 -1.681554  2.611204 2.61
530 0.929637 -1.683447  2.613084 2.61
531 0.929633 -1.680846  2.610480 2.61
532 0.929639 -1.673737  2.603376 2.60
533 0.929655 -1.662279  2.591934 2.59
534 0.929679 -1.646808  2.576487 2.58
535 0.929711 -1.627826  2.557537 2.56
536 0.929746 -1.605971  2.535718 2.54
537 0.929781 -1.581965  2.511747 2.51
538 0.929812 -1.556550  2.486362 2.49
539 0.929838 -1.530429  2.460267 2.46
540 0.929858 -1.504243  2.434102 2.43
541 0.929878 -1.478579  2.408458 2.41
542 0.929902 -1.454021  2.383924 2.38
543 0.929933 -1.431205  2.361138 2.36
544 0.929967 -1.410843  2.340810 2.34
545 0.929999 -1.393685  2.323683 2.32
546 0.930015 -1.380400  2.310415 2.31
547 0.930007 -1.371416  2.301424 2.30
548 0.929972 -1.366777  2.296749 2.30
549 0.910913 -1.366644  2.277558 2.28
550 0.910849 -1.370364  2.281213 2.28
551 0.910786 -1.377057  2.287843 2.29
552 0.910736 -1.385837  2.296573 2.30
553 0.910709 -1.395993  2.306702 2.31
554 0.910704 -1.407099  2.317803 2.32
555 0.910714 -1.419021  2.329735 2.33
556 0.910725 -1.431802  2.342527 2.34
557 0.910719 -1.445452  2.356171 2.36
558 0.910684 -1.459689  2.370373 2.37
559 0.910624 -1.473795  2.384420 2.38
560 0.910555 -1.486667  2.397222 2.40
561 0.910497 -1.497060  2.407557 2.41
562 0.910464 -1.503893  2.414356 2.41
563 0.910458 -1.506459  2.416917 2.42
564 0.910473 -1.504494  2.414968 2.41
565 0.910502 -1.498111  2.408613 2.41
566 0.910535 -1.487677  2.398212 2.40
567 0.910563 -1.473681  2.384245 2.38
568 0.910583 -1.456620  2.367203 2.37
569 0.910592 -1.436920  2.347513 2.35
570 0.910591 -1.414898  2.325489 2.33
571 0.910581 -1.390757  2.301338 2.30
572 0.910571 -1.364633  2.275204 2.28
573 0.910567 -1.336673  2.247241 2.25
574 0.910583 -1.307163  2.217746 2.22
575 0.910629 -1.276682  2.187310 2.19
576 0.910714 -1.246264  2.156977 2.16
577 0.910835 -1.217493  2.128327 2.13
578 0.910972 -1.192428  2.103401 2.10
579 0.911094 -1.173303  2.084397 2.08
580 0.911165 -1.162032  2.073197 2.07
581 0.911168 -1.159714  2.070881 2.07
582 0.911111 -1.166381  2.077492 2.08
583 0.911022 -1.181112  2.092134 2.09
584 0.910933 -1.202430  2.113362 2.11
585 0.910863 -1.228769  2.139632 2.14
586 0.910818 -1.258787  2.169604 2.17
587 0.910787 -1.291445  2.202232 2.20
588 0.910754 -1.325893  2.236647 2.24
589 0.910704 -1.361250  2.271955 2.27
590 0.910631 -1.396413  2.307044 2.31
591 0.910535 -1.429949  2.340484 2.34
592 0.910428 -1.460140  2.370568 2.37
593 0.910326 -1.485144  2.395469 2.40
594 0.910245 -1.503238  2.413483 2.41
595 0.910201 -1.513087  2.423288 2.42
596 0.910206 -1.513967  2.424173 2.42
597 0.910263 -1.505932  2.416196 2.42
598 0.910370 -1.489872  2.400242 2.40
599 0.910515 -1.467458  2.377973 2.38
600 0.910677 -1.440958  2.351636 2.35
601 0.910831 -1.412918  2.323749 2.32
602 0.910951 -1.385763  2.296714 2.30
603 0.911022 -1.361420  2.272442 2.27
604 0.911042 -1.341087  2.252130 2.25
605 0.911026 -1.325208  2.236234 2.24
606 0.910993 -1.313656  2.224649 2.22
607 0.910961 -1.306016  2.216977 2.22
608 0.910940 -1.301843  2.212783 2.21
609 0.910929 -1.300809  2.211739 2.21
610 0.910923 -1.302715  2.213638 2.21
611 0.910911 -1.307399  2.218311 2.22
612 0.910888 -1.314611  2.225500 2.23
613 0.910854 -1.323927  2.234781 2.23
614 0.910815 -1.334754  2.245569 2.25
615 0.910782 -1.346433  2.257215 2.26
616 0.910763 -1.358384  2.269147 2.27
617 0.910760 -1.370224  2.280983 2.28
618 0.910765 -1.381789  2.292554 2.29
619 0.910768 -1.393050  2.303817 2.30
620 0.910757 -1.403944  2.314701 2.31
621 0.910725 -1.414222  2.324948 2.32
622 0.910675 -1.423357  2.334032 2.33
623 0.910613 -1.430566  2.341180 2.34
624 0.910552 -1.434932  2.345484 2.35
625 0.910503 -1.435573  2.346077 2.35
626 0.910479 -1.431839  2.342319 2.34
627 0.910489 -1.423481  2.333970 2.33
628 0.910536 -1.410778  2.321314 2.32
629 0.910616 -1.394587  2.305203 2.31
630 0.910717 -1.376271  2.286989 2.29
631 0.910817 -1.357501  2.268319 2.27
632 0.910890 -1.339921  2.250811 2.25
633 0.910915 -1.324766  2.235682 2.24
634 0.910884 -1.312562  2.223445 2.22
635 0.910804 -1.302993  2.213797 2.21
636 0.910697 -1.295029  2.205726 2.21
637 0.910589 -1.287233  2.197822 2.20
638 0.910507 -1.278166  2.188673 2.19
639 0.910467 -1.266760  2.177227 2.18
640 0.910477 -1.252584  2.163061 2.16
641 0.910533 -1.235956  2.146490 2.15
642 0.910624 -1.217904  2.128528 2.13
643 0.910729 -1.199971  2.110699 2.11
644 0.910823 -1.183909  2.094732 2.09
645 0.910887 -1.171324  2.082211 2.08
646 0.916758 -1.163884  2.080642 2.08
647 0.916737 -1.161420  2.078157 2.08
648 0.916680 -1.163802  2.080482 2.08
649 0.916599 -1.170363  2.086962 2.09
650 0.916507 -1.180087  2.096594 2.10
651 0.916419 -1.191811  2.108230 2.11
652 0.916360 -1.204486  2.120846 2.12
653 0.916363 -1.217543  2.133906 2.13
654 0.916451 -1.231354  2.147806 2.15
655 0.916615 -1.247521  2.164136 2.16
656 0.916789 -1.268624  2.185413 2.19
657 0.916877 -1.297233  2.214111 2.21
658 0.916809 -1.334495  2.251305 2.25
659 0.916589 -1.379125  2.295714 2.30
660 0.916291 -1.427468  2.343758 2.34
661 0.916015 -1.474598  2.390613 2.39
662 0.915834 -1.515808  2.431642 2.43
663 0.915771 -1.547741  2.463512 2.46
664 0.915810 -1.568834  2.484644 2.48
665 0.915913 -1.579144  2.495057 2.50
666 0.916038 -1.579835  2.495873 2.50
667 0.916155 -1.572586  2.488741 2.49
668 0.916246 -1.559120  2.475365 2.48
669 0.916314 -1.540939  2.457253 2.46
670 0.916378 -1.519341  2.435720 2.44
671 0.916468 -1.495671  2.412139 2.41
672 0.916609 -1.471698  2.388307 2.39
673 0.916802 -1.449924  2.366727 2.37
674 0.917016 -1.433553  2.350569 2.35
675 0.917185 -1.425951  2.343136 2.34
676 0.917241 -1.429684  2.346925 2.35
677 0.917154 -1.445532  2.362686 2.36
678 0.916951 -1.472051  2.389002 2.39
679 0.916702 -1.505977  2.422679 2.42
680 0.916478 -1.543237  2.459715 2.46
681 0.916328 -1.580046  2.496375 2.50
682 0.916265 -1.613650  2.529915 2.53
683 0.916275 -1.642569  2.558844 2.56
684 0.916332 -1.666447  2.582779 2.58
685 0.916403 -1.685673  2.602075 2.60
686 0.916463 -1.700923  2.617385 2.62
687 0.916496 -1.712778  2.629274 2.63
688 0.916499 -1.721485  2.637984 2.64
689 0.916480 -1.726902  2.643382 2.64
690 0.916452 -1.728605  2.645057 2.65
691 0.916428 -1.726077  2.642505 2.64
692 0.916418 -1.718895  2.635314 2.64
693 0.916426 -1.706874  2.623300 2.62
694 0.916451 -1.690124  2.606575 2.61
695 0.916488 -1.669048  2.585537 2.59
696 0.916530 -1.644271  2.560801 2.56
697 0.916568 -1.616531  2.533098 2.53
698 0.916593 -1.586555  2.503148 2.50
699 0.916601 -1.554946  2.471547 2.47
700 0.916593 -1.522120  2.438712 2.44
701 0.916578 -1.488324  2.404902 2.40
702 0.916576 -1.453796  2.370372 2.37
703 0.916614 -1.419050  2.335664 2.34
704 0.916715 -1.385246  2.301961 2.30
705 0.916882 -1.354481  2.271363 2.27
706 0.917081 -1.329753  2.246834 2.25
707 0.917252 -1.314424  2.231676 2.23
708 0.917338 -1.311308  2.228645 2.23
709 0.917314 -1.321806  2.239120 2.24
710 0.917190 -1.345526  2.262716 2.26
711 0.916995 -1.380415  2.297410 2.30
712 0.916761 -1.423194  2.339955 2.34
713 0.916525 -1.469902  2.386427 2.39
714 0.916322 -1.516495  2.432817 2.43
715 0.916174 -1.559408  2.475583 2.48
716 0.916087 -1.595932  2.512019 2.51
717 0.916054 -1.624333  2.540387 2.54
718 0.916067 -1.643799  2.559866 2.56
719 0.916123 -1.654340  2.570463 2.57
720 0.916217 -1.656709  2.572926 2.57
721 0.916340 -1.652320  2.568661 2.57
722 0.916468 -1.643063  2.559531 2.56
723 0.916571 -1.630930  2.547501 2.55
724 0.916622 -1.617553  2.534175 2.53
725 0.966546 -1.604592  2.571138 2.57
726 0.966517 -1.591265  2.557782 2.56
727 0.966499 -1.577290  2.543789 2.54
728 0.968291 -1.562821  2.531112 2.53
729 0.968360 -1.547976  2.516336 2.52
730 0.968462 -1.533813  2.502275 2.50
731 0.968566 -1.521839  2.490405 2.49
732 0.968642 -1.513582  2.482223 2.48
733 0.968666 -1.510130  2.478796 2.48
734 0.968631 -1.511792  2.480424 2.48
735 0.968548 -1.517993  2.486541 2.49
736 0.968433 -1.527400  2.495833 2.50
737 0.968309 -1.538199  2.506508 2.51
738 0.968192 -1.548410  2.516602 2.52
739 0.968095 -1.556157  2.524252 2.52
740 0.968024 -1.559861  2.527885 2.53
741 0.967983 -1.558364  2.526348 2.53
742 0.967973 -1.550989  2.518962 2.52
743 0.967991 -1.537552  2.505542 2.51
744 0.968033 -1.518337  2.486370 2.49
745 0.968095 -1.494042  2.462137 2.46
746 0.968169 -1.465691  2.433860 2.43
747 0.968247 -1.434529  2.402775 2.40
748 0.968322 -1.401896  2.370217 2.37
749 0.968388 -1.369117  2.337505 2.34
750 0.968442 -1.337412  2.305854 2.31
751 0.968486 -1.307847  2.276333 2.28
752 0.968522 -1.281343  2.249866 2.25
753 0.968556 -1.258711  2.227267 2.23
754 0.968590 -1.240709  2.209299 2.21
755 0.968624 -1.228077  2.196702 2.20
756 0.968652 -1.221510  2.190162 2.19
757 0.968662 -1.221543  2.190205 2.19
758 0.968642 -1.228379  2.197021 2.20
759 0.968587 -1.241711  2.210298 2.21
760 0.968502 -1.260657  2.229159 2.23
761 0.968402 -1.283842  2.252244 2.25
762 0.968304 -1.309617  2.277921 2.28
763 0.968225 -1.336329  2.304554 2.30
764 0.968176 -1.362581  2.330757 2.33
765 0.968162 -1.387412  2.355574 2.36
766 0.968178 -1.410369  2.378546 2.38
767 0.968208 -1.431424  2.399632 2.40
768 0.968236 -1.450772  2.419008 2.42
769 0.968244 -1.468561  2.436805 2.44
770 0.968232 -1.484681  2.452913 2.45
771 0.968208 -1.498733  2.466941 2.47
772 0.968190 -1.510174  2.478364 2.48
773 0.968191 -1.518569  2.486760 2.49
774 0.968216 -1.523796  2.492012 2.49
775 0.968255 -1.526105  2.494361 2.49
776 0.968296 -1.526013  2.494309 2.49
777 0.968325 -1.524101  2.492426 2.49
778 0.968335 -1.520820  2.489155 2.49
779 0.968329 -1.516393  2.484723 2.48
780 0.968315 -1.510837  2.479151 2.48
781 0.968300 -1.504059  2.472359 2.47
782 0.968291 -1.495989  2.464280 2.46
783 0.968290 -1.486658  2.454948 2.45
784 0.968296 -1.476239  2.444536 2.44
785 0.968308 -1.465035  2.433343 2.43
786 0.968318 -1.453435  2.421753 2.42
787 0.968320 -1.441837  2.410157 2.41
788 0.968305 -1.430541  2.398846 2.40
789 0.968268 -1.419635  2.387904 2.39
790 0.968215 -1.408945  2.377160 2.38
791 0.968167 -1.398127  2.366294 2.37
792 0.968157 -1.386982  2.355140 2.36
793 0.968215 -1.375919  2.344134 2.34
794 0.968334 -1.366301  2.334635 2.33
795 0.968454 -1.360283  2.328736 2.33
796 0.968489 -1.359901  2.328390 2.33
797 0.968389 -1.365836  2.334225 2.33
798 0.968187 -1.376716  2.344903 2.34
799 0.967967 -1.389571  2.357538 2.36
800 0.967797 -1.401027  2.368824 2.37
801 0.967697 -1.408340  2.376037 2.38
802 0.967654 -1.409767  2.377421 2.38
803 0.967659 -1.404483  2.372142 2.37
804 0.967722 -1.392493  2.360215 2.36
805 0.967860 -1.374755  2.342615 2.34
806 0.968074 -1.353375  2.321449 2.32
807 0.968333 -1.331577  2.299909 2.30
808 0.968577 -1.313208  2.281785 2.28
809 0.968740 -1.301850  2.270590 2.27
810 0.968777 -1.299829  2.268606 2.27
811 0.968688 -1.307579  2.276267 2.28
812 0.968510 -1.323627  2.292137 2.29
813 0.968300 -1.345143  2.313443 2.31
814 0.968105 -1.368758  2.336863 2.34
815 0.967958 -1.391309  2.359266 2.36
816 0.967871 -1.410343  2.378214 2.38
817 0.967846 -1.424349  2.392195 2.39
818 0.967877 -1.432795  2.400672 2.40
819 0.967950 -1.436035  2.403985 2.40
820 0.968049 -1.435127  2.403176 2.40
821 0.968155 -1.431570  2.399725 2.40
822 0.968242 -1.426981  2.395223 2.40
823 0.968294 -1.422737  2.391030 2.39
824 0.968304 -1.419698  2.388003 2.39
825 0.968285 -1.418126  2.386411 2.39
826 0.968259 -1.417832  2.386090 2.39
827 0.968247 -1.418497  2.386743 2.39
828 0.968258 -1.419968  2.388226 2.39
829 0.968286 -1.422387  2.390672 2.39
830 0.992746 -1.417997  2.410743 2.41
831 0.992834 -1.415168  2.408003 2.41
832 0.992915 -1.415172  2.408088 2.41
833 1.010770 -1.418133  2.428904 2.43
834 1.010807 -1.425695  2.436502 2.44
835 1.010815 -1.438231  2.449046 2.45
836 1.010798 -1.455653  2.466451 2.47
837 1.010763 -1.477447  2.488209 2.49
838 1.010717 -1.502780  2.513497 2.51
839 1.010666 -1.530623  2.541290 2.54
840 1.010610 -1.559826  2.570436 2.57
841 1.010548 -1.589141  2.599689 2.60
842 1.010481 -1.617227  2.627709 2.63
843 1.010416 -1.642698  2.653114 2.65
844 1.010361 -1.664219  2.674580 2.67
845 1.010325 -1.680652  2.690978 2.69
846 1.010314 -1.691200  2.701514 2.70
847 1.010331 -1.695500  2.705831 2.71
848 1.010376 -1.693680  2.704056 2.70
849 1.010446 -1.686360  2.696806 2.70
850 1.010537 -1.674607  2.685144 2.69
851 1.010638 -1.659841  2.670479 2.67
852 0.970178 -1.644342  2.614520 2.61
853 0.970258 -1.629234  2.599492 2.60
854 0.970312 -1.615859  2.586171 2.59
855 0.962094 -1.602106  2.564201 2.56
856 0.962108 -1.591027  2.553135 2.55
857 0.962107 -1.582989  2.545095 2.55
858 0.962091 -1.578099  2.540190 2.54
859 0.962058 -1.576215  2.538273 2.54
860 0.962004 -1.576903  2.538907 2.54
861 0.961931 -1.579401  2.541332 2.54
862 0.945126 -1.586705  2.531831 2.53
863 0.945035 -1.593406  2.538441 2.54
864 0.944962 -1.598161  2.543123 2.54
865 0.944916 -1.599876  2.544793 2.54
866 0.944904 -1.597875  2.542779 2.54
867 0.944921 -1.591976  2.536897 2.54
868 0.944958 -1.582447  2.527405 2.53
869 0.945004 -1.569882  2.514887 2.51
870 0.945052 -1.555043  2.500094 2.50
871 0.945094 -1.538726  2.483820 2.48
872 0.945132 -1.521684  2.466816 2.47
873 0.945164 -1.504603  2.449766 2.45
874 0.945191 -1.488099  2.433290 2.43
875 0.945212 -1.472720  2.417932 2.42
876 0.945225 -1.458915  2.404140 2.40
877 0.945228 -1.447006  2.392234 2.39
878 0.945228 -1.437182  2.382410 2.38
879 0.945229 -1.429559  2.374788 2.37
880 0.945241 -1.424269  2.369510 2.37
881 0.945264 -1.421559  2.366823 2.37
882 0.945292 -1.421807  2.367099 2.37
883 0.949536 -1.425681  2.375217 2.38
884 0.949531 -1.433111  2.382642 2.38
885 0.949497 -1.443951  2.393448 2.39
886 0.949438 -1.457607  2.407045 2.41
887 0.949368 -1.473109  2.422477 2.42
888 0.949298 -1.489293  2.438591 2.44
889 0.949233 -1.504978  2.454211 2.45
890 0.949174 -1.519058  2.468232 2.47
891 0.949121 -1.530530  2.479651 2.48
892 0.949078 -1.538511  2.487589 2.49
893 0.949053 -1.542302  2.491355 2.49
894 0.949058 -1.541521  2.490579 2.49
895 0.949097 -1.536247  2.485344 2.49
896 0.949163 -1.527077  2.476240 2.48
897 0.949237 -1.515021  2.464258 2.46
898 0.949295 -1.501221  2.450516 2.45
899 0.949317 -1.486587  2.435904 2.44
900 0.949296 -1.471510  2.420806 2.42
901 0.949245 -1.455788  2.405033 2.41
902 0.949182 -1.438784  2.387966 2.39
903 0.949126 -1.419713  2.368839 2.37
904 0.949089 -1.397922  2.347010 2.35
905 0.949079 -1.373092  2.322171 2.32
906 0.949107 -1.345400  2.294507 2.29
907 0.949190 -1.315683  2.264872 2.26
908 0.949339 -1.285645  2.234984 2.23
909 0.949550 -1.257995  2.207545 2.21
910 0.949788 -1.236310  2.186098 2.19
911 0.949988 -1.224442  2.174430 2.17
912 0.950081 -1.225519  2.175600 2.18
913 0.950031 -1.240927  2.190958 2.19
914 0.949855 -1.269789  2.219644 2.22
915 0.949612 -1.309219  2.258831 2.26
916 0.949367 -1.355180  2.304548 2.30
917 0.949166 -1.403473  2.352639 2.35
918 0.949025 -1.450455  2.399480 2.40
919 0.948939 -1.493353  2.442292 2.44
920 0.948896 -1.530259  2.479155 2.48
921 0.948886 -1.559991  2.508877 2.51
922 0.948899 -1.581943  2.530842 2.53
923 0.948932 -1.595966  2.544898 2.54
924 0.948980 -1.602298  2.551279 2.55
925 0.949042 -1.601502  2.550544 2.55
926 0.949113 -1.594417  2.543530 2.54
927 0.949190 -1.582101  2.531291 2.53
928 0.949267 -1.565759  2.515026 2.52
929 0.949336 -1.546643  2.495978 2.50
930 0.949388 -1.525931  2.475319 2.48
931 0.949417 -1.504597  2.454013 2.45
932 0.949421 -1.483311  2.432732 2.43
933 0.949408 -1.462422  2.411831 2.41
934 0.949393 -1.442062  2.391455 2.39
935 0.949393 -1.422347  2.371740 2.37
936 0.996367 -1.403694  2.400061 2.40
937 0.996414 -1.386679  2.383093 2.38
938 0.996460 -1.372257  2.368717 2.37
939 0.996477 -1.361311  2.357788 2.36
940 0.996449 -1.354252  2.350701 2.35
941 0.996384 -1.350794  2.347179 2.35
942 0.996313 -1.350082  2.346394 2.35
943 0.996265 -1.351095  2.347360 2.35
944 0.996255 -1.353093  2.349349 2.35
945 0.996279 -1.355846  2.352125 2.35
946 0.996317 -1.359579  2.355896 2.36
947 0.996346 -1.364698  2.361044 2.36
948 0.996348 -1.371462  2.367809 2.37
949 0.996319 -1.379737  2.376056 2.38
950 0.996269 -1.388952  2.385221 2.39
951 0.996214 -1.398220  2.394435 2.39
952 0.996169 -1.406577  2.402746 2.40
953 0.996143 -1.413208  2.409351 2.41
954 0.996136 -1.417588  2.413723 2.41
955 0.996141 -1.419503  2.415644 2.42
956 0.996152 -1.418974  2.415126 2.42
957 0.996162 -1.416151  2.412313 2.41
958 0.996173 -1.411244  2.407417 2.41
959 0.996192 -1.404546  2.400738 2.40
960 0.996226 -1.396519  2.392745 2.39
961 0.996273 -1.387871  2.384144 2.38
962 0.996316 -1.379500  2.375816 2.38
963 0.996335 -1.372237  2.368572 2.37
964 0.996318 -1.366536  2.362854 2.36
965 0.996280 -1.362308  2.358588 2.36
966 0.996253 -1.359131  2.355385 2.36
967 0.996268 -1.356701  2.352968 2.35
968 0.996327 -1.355251  2.351578 2.35
969 0.996408 -1.355619  2.352027 2.35
970 0.996469 -1.358902  2.355371 2.36
971 0.996480 -1.365889  2.362369 2.36
972 0.996435 -1.376621  2.373055 2.37
973 0.996349 -1.390288  2.386637 2.39
974 0.996248 -1.405470  2.401718 2.40
975 0.996152 -1.420509  2.416661 2.42
976 0.996066 -1.433800  2.429866 2.43
977 0.995989 -1.443915  2.439904 2.44
978 0.995921 -1.449616  2.445537 2.45
979 0.995865 -1.449862  2.445727 2.45
980 0.995831 -1.443886  2.439718 2.44
981 0.995833 -1.431347  2.427180 2.43
982 0.995881 -1.412505  2.408386 2.41
983 0.995977 -1.388362  2.384339 2.38
984 0.996115 -1.360681  2.356795 2.36
985 0.996272 -1.331841  2.328114 2.33
986 0.996421 -1.304505  2.300926 2.30
987 0.996530 -1.281161  2.277691 2.28
988 0.996585 -1.263680  2.260266 2.26
989 0.996588 -1.253075  2.249663 2.25
990 0.996559 -1.249525  2.246084 2.25
991 0.996520 -1.252646  2.249166 2.25
992 0.996487 -1.261819  2.258306 2.26
993 0.996461 -1.276415  2.272877 2.27
994 0.996435 -1.295835  2.292270 2.29
995 0.996400 -1.319416  2.315815 2.32
996 0.996352 -1.346321  2.342674 2.34
997 0.996299 -1.375518  2.371817 2.37
998 0.996251 -1.405864  2.402115 2.40
999 0.996219 -1.436289  2.432508 2.43
1000 0.996211 -1.465954  2.462165 2.46
1001 0.996226 -1.494366  2.490591 2.49
1002 0.996258 -1.521380  2.517638 2.52
1003 0.996298 -1.547133  2.543431 2.54
1004 0.996339 -1.571916  2.568254 2.57
1005 0.996371 -1.596042  2.592413 2.59
1006 0.996389 -1.619732  2.616121 2.62
1007 0.996390 -1.643028  2.639419 2.64
1008 0.996375 -1.665760  2.662136 2.66
1009 0.996347 -1.687543  2.683889 2.68
1010 0.996307 -1.707807  2.704113 2.70
1011 0.996259 -1.725846  2.722105 2.72
1012 0.996208 -1.740869  2.737077 2.74
1013 0.996157 -1.752066  2.748223 2.75
1014 0.996113 -1.758672  2.754785 2.75
1015 0.996081 -1.760059  2.756140 2.76
1016 0.996069 -1.755832  2.751900 2.75
1017 0.996081 -1.745919  2.742000 2.74
1018 0.996118 -1.730648  2.726766 2.73
1019 0.996176 -1.710748  2.706924 2.71
1020 0.996244 -1.687276  2.683519 2.68
1021 0.996307 -1.661450  2.657756 2.66
1022 0.996350 -1.634426  2.630775 2.63
1023 0.996364 -1.607085  2.603449 2.60
1024 0.996352 -1.579911  2.576263 2.58
1025 0.996323 -1.553010  2.549333 2.55
1026 1.004676 -1.536199  2.540875 2.54
1027 1.004667 -1.521181  2.525848 2.53
1028 1.004687 -1.508039  2.512726 2.51
1029 1.004742 -1.497276  2.502017 2.50
1030 1.004823 -1.489880  2.494703 2.49
1031 1.004906 -1.487186  2.492092 2.49
1032 1.004952 -1.490478  2.495430 2.50
1033 1.004928 -1.500438  2.505366 2.51
1034 1.004823 -1.516656  2.521479 2.52
1035 1.004660 -1.537495  2.542155 2.54
1036 1.004485 -1.560430  2.564916 2.56
1037 1.004345 -1.582712  2.587058 2.59
1038 1.004269 -1.602057  2.606326 2.61
1039 1.004265 -1.617099  2.621364 2.62
1040 1.004324 -1.627536  2.631859 2.63
1041 1.004425 -1.634009  2.638434 2.64
1042 1.004545 -1.637828  2.642373 2.64
1043 1.004660 -1.640606  2.645266 2.65
1044 1.004752 -1.643908  2.648660 2.65
1045 1.004808 -1.648966  2.653774 2.65
1046 1.004827 -1.656506  2.661334 2.66
1047 1.004812 -1.666698  2.671510 2.67
1048 1.004768 -1.679192  2.683960 2.68
1049 1.004701 -1.693211  2.697912 2.70
1050 1.004620 -1.707644  2.712264 2.71
1051 1.004530 -1.721167  2.725696 2.73
1052 1.004439 -1.732347  2.736786 2.74
1053 1.004356 -1.739771  2.744127 2.74
1054 1.004286 -1.742167  2.746453 2.75
1055 1.004237 -1.738516  2.742753 2.74
1056 1.004214 -1.728154  2.732368 2.73
1057 1.004219 -1.710851  2.715070 2.72
1058 1.004256 -1.686862  2.691117 2.69
1059 1.004321 -1.656948  2.661269 2.66
1060 1.004411 -1.622351  2.626762 2.63
1061 1.004515 -1.584709  2.589224 2.59
1062 1.004617 -1.545884  2.550501 2.55
1063 1.004701 -1.507728  2.512429 2.51
1064 1.004752 -1.471821  2.476573 2.48
1065 1.004768 -1.439268  2.444036 2.44
1066 1.004758 -1.410648  2.415406 2.42
1067 1.004742 -1.386152  2.390894 2.39
1068 1.004741 -1.365857  2.370597 2.37
1069 1.004767 -1.350020  2.354787 2.35
1070 1.004821 -1.339263  2.344084 2.34
1071 1.004885 -1.334550  2.339435 2.34
1072 1.004932 -1.336931  2.341864 2.34
1073 1.004936 -1.347147  2.352083 2.35
1074 1.004882 -1.365229  2.370111 2.37
1075 1.004775 -1.390291  2.395066 2.40
1076 1.004640 -1.420616  2.425256 2.43
1077 1.004506 -1.454004  2.458510 2.46
1078 1.004398 -1.488213  2.492610 2.49
1079 1.004324 -1.521322  2.525646 2.53
1080 1.004284 -1.551908  2.556192 2.56
1081 1.004267 -1.579033  2.583300 2.58
1082 1.004261 -1.602126  2.606387 2.61
1083 1.004259 -1.620829  2.625088 2.63
1084 1.004257 -1.634885  2.639142 2.64
1085 1.004257 -1.644093  2.648350 2.65
1086 1.004265 -1.648336  2.652601 2.65
1087 1.004288 -1.647662  2.651950 2.65
1088 1.004329 -1.642376  2.646705 2.65
1089 1.004391 -1.633096  2.637486 2.64
1090 1.004468 -1.620758  2.625226 2.63
1091 1.004552 -1.606549  2.611101 2.61
1092 1.004637 -1.591789  2.596425 2.60
1093 1.004712 -1.577798  2.582511 2.58
1094 1.004772 -1.565767  2.570539 2.57
1095 1.004810 -1.556634  2.561443 2.56
1096 1.004819 -1.550976  2.555796 2.56
1097 1.004799 -1.548931  2.553731 2.55
1098 1.004754 -1.550168  2.554922 2.55
1099 1.004693 -1.553949  2.558642 2.56
1100 1.004627 -1.559269  2.563896 2.56
1101 1.004567 -1.565033  2.569601 2.57
1102 1.004519 -1.570222  2.574741 2.57
1103 1.004483 -1.573986  2.578469 2.58
1104 1.004458 -1.575673  2.580131 2.58
1105 1.004439 -1.574807  2.579245 2.58
1106 1.004423 -1.571040  2.575464 2.58
1107 1.004412 -1.564134  2.568547 2.57
1108 1.004408 -1.553960  2.558368 2.56
1109 1.004416 -1.540543  2.544958 2.54
1110 1.004441 -1.524129  2.528570 2.53
1111 1.004489 -1.505267  2.509756 2.51
1112 1.004561 -1.484873  2.489433 2.49
1113 1.004653 -1.464234  2.468886 2.47
1114 1.004749 -1.444914  2.449663 2.45
1115 1.004827 -1.428520  2.433348 2.43
1116 1.004865 -1.416352  2.421218 2.42
1117 1.004851 -1.409072  2.413923 2.41
1118 1.004792 -1.406533  2.411325 2.41
1119 1.004711 -1.407887  2.412598 2.41
1120 1.004634 -1.411908  2.416542 2.42
1121 1.004576 -1.417365  2.421941 2.42
1122 1.004542 -1.423287  2.427830 2.43
1123 1.004527 -1.429041  2.433569 2.43
1124 1.004521 -1.434269  2.438790 2.44
1125 1.004516 -1.438766  2.443282 2.44
1126 1.004510 -1.442375  2.446885 2.45
1127 1.004504 -1.444954  2.449458 2.45
1128 1.004502 -1.446385  2.450887 2.45
1129 1.004506 -1.446624  2.451130 2.45
1130 1.004516 -1.445725  2.450241 2.45
1131 1.004528 -1.443833  2.448361 2.45
1132 1.004538 -1.441126  2.445664 2.45
1133 1.004540 -1.437737  2.442277 2.44
1134 1.004533 -1.433690  2.438223 2.44
1135 1.022758 -1.426586  2.449344 2.45
1136 1.022743 -1.419077  2.441819 2.44
1137 1.022728 -1.410938  2.433667 2.43
1138 1.022718 -1.401962  2.424680 2.42
1139 1.022713 -1.392001  2.414713 2.41
1140 1.022655 -1.385469  2.408124 2.41
1141 1.022669 -1.377460  2.400129 2.40
1142 1.022683 -1.368178  2.390861 2.39
1143 1.022698 -1.357858  2.380555 2.38
1144 1.022717 -1.346788  2.369505 2.37
1145 1.022744 -1.335355  2.358099 2.36
1146 1.022780 -1.324085  2.346865 2.35
1147 1.022821 -1.313646  2.336467 2.34
1148 1.022861 -1.304797  2.327659 2.33
1149 1.022891 -1.298273  2.321164 2.32
1150 1.022897 -1.294628  2.317526 2.32
1151 1.022871 -1.294061  2.316932 2.32
1152 1.022807 -1.296261  2.319068 2.32
1153 1.022709 -1.300342  2.323051 2.32
1154 1.022592 -1.304908  2.327500 2.33
1155 1.022481 -1.308289  2.330770 2.33
1156 1.022403 -1.308911  2.331314 2.33
1157 1.022378 -1.305704  2.328082 2.33
1158 1.022414 -1.298399  2.320813 2.32
1159 1.022501 -1.287636  2.310137 2.31
1160 1.022619 -1.274832  2.297451 2.30
1161 1.022743 -1.261874  2.284617 2.28
1162 1.022850 -1.250732  2.273581 2.27
1163 1.022922 -1.243100  2.266022 2.27
1164 1.022952 -1.240138  2.263090 2.26
1165 1.022941 -1.242343  2.265284 2.27
1166 1.022900 -1.249573  2.272473 2.27
1167 1.022841 -1.261182  2.284022 2.28
1168 1.022778 -1.276218  2.298995 2.30
1169 1.022723 -1.293643  2.316366 2.32
1170 1.022688 -1.312528  2.335216 2.34
1171 1.022679 -1.332214  2.354893 2.35
1172 1.022700 -1.352422  2.375122 2.38
1173 1.022745 -1.373293  2.396038 2.40
1174 1.022805 -1.395331  2.418135 2.42
1175 1.022862 -1.419234  2.442096 2.44
1176 1.022900 -1.445659  2.468559 2.47
1177 1.022903 -1.474953  2.497856 2.50
1178 1.022868 -1.506960  2.529828 2.53
1179 1.022797 -1.540945  2.563742 2.56
1180 1.022700 -1.575645  2.598346 2.60
1181 1.022591 -1.609425  2.632015 2.63
1182 1.022481 -1.640474  2.662956 2.66
1183 1.022383 -1.667016  2.689399 2.69
1184 1.022304 -1.687478  2.709782 2.71
1185 1.022249 -1.700624  2.722874 2.72
1186 1.022220 -1.705644  2.727864 2.73
1187 1.076640 -1.700388  2.777029 2.78
1188 1.076653 -1.686710  2.763364 2.76
1189 1.076686 -1.665041  2.741728 2.74
1190 1.076739 -1.636189  2.712929 2.71
1191 1.076817 -1.601344  2.678162 2.68
1192 1.076928 -1.562132  2.639060 2.64
1193 1.077074 -1.520691  2.597765 2.60
1194 1.077250 -1.479690  2.556940 2.56
1195 1.077428 -1.442171  2.519599 2.52
1196 1.077567 -1.411133  2.488700 2.49
1197 1.077624 -1.388895  2.466520 2.47
1198 1.077581 -1.376482  2.454063 2.45
1199 1.077452 -1.373330  2.450782 2.45
1200 1.077283 -1.377526  2.454809 2.45
1201 1.077127 -1.386458  2.463584 2.46
1202 1.077018 -1.397588  2.474606 2.47
1203 1.076968 -1.409004  2.485972 2.49
1204 1.076964 -1.419612  2.496576 2.50
1205 1.076983 -1.428999  2.505982 2.51
1206 1.077002 -1.437121  2.514123 2.51
1207 1.077003 -1.443971  2.520974 2.52
1208 1.076983 -1.449343  2.526326 2.53
1209 1.076945 -1.452763  2.529708 2.53
1210 1.076905 -1.453564  2.530469 2.53
1211 1.076878 -1.451082  2.527960 2.53
1212 1.076879 -1.444888  2.521767 2.52
1213 1.076918 -1.435000  2.511918 2.51
1214 1.076995 -1.422006  2.499001 2.50
1215 1.077101 -1.407066  2.484167 2.48
1216 1.077218 -1.391762  2.468980 2.47
1217 1.077324 -1.377832  2.455155 2.46
1218 1.077399 -1.366835  2.444233 2.44
1219 1.077431 -1.359856  2.437287 2.44
1220 1.077420 -1.357335  2.434754 2.43
1221 1.077376 -1.359055  2.436431 2.44
1222 1.077315 -1.364296  2.441611 2.44
1223 1.077252 -1.372052  2.449304 2.45
1224 1.077196 -1.381254  2.458450 2.46
1225 1.077155 -1.390945  2.468100 2.47
1226 1.077132 -1.400380  2.477512 2.48
1227 1.059748 -1.408343  2.468091 2.47
1228 1.059755 -1.415678  2.475433 2.48
1229 1.059778 -1.422411  2.482189 2.48
1230 1.059817 -1.428828  2.488645 2.49
1231 1.059868 -1.435448  2.495316 2.50
1232 1.059924 -1.442970  2.502894 2.50
1233 1.059979 -1.452179  2.512157 2.51
1234 1.060023 -1.463834  2.523857 2.52
1235 1.060048 -1.478532  2.538580 2.54
1236 1.060048 -1.496581  2.556629 2.56
1237 1.060020 -1.517902  2.577922 2.58
1238 1.059966 -1.541990  2.601956 2.60
1239 1.059891 -1.567942  2.627833 2.63
1240 1.059803 -1.594538  2.654341 2.65
1241 1.059713 -1.620372  2.680085 2.68
1242 1.059628 -1.643997  2.703625 2.70
1243 1.059556 -1.664059  2.723614 2.72
1244 1.059502 -1.679414  2.738916 2.74
1245 1.059470 -1.689216  2.748686 2.75
1246 1.059460 -1.692967  2.752427 2.75
1247 1.059473 -1.690547  2.750020 2.75
1248 1.059507 -1.682204  2.741711 2.74
1249 1.059557 -1.668528  2.728086 2.73
1250 1.059619 -1.650392  2.710010 2.71
1251 1.059683 -1.628856  2.688540 2.69
1252 1.059743 -1.605061  2.664803 2.66
1253 1.059788 -1.580086  2.639873 2.64
1254 1.059811 -1.554818  2.614629 2.61
1255 1.059809 -1.529845  2.589654 2.59
1256 1.059786 -1.505409  2.565196 2.57
1257 1.059751 -1.481454  2.541204 2.54
1258 1.059719 -1.457761  2.517480 2.52
1259 1.059707 -1.434173  2.493880 2.49
1260 1.059729 -1.410831  2.470560 2.47
1261 1.059790 -1.388361  2.448151 2.45
1262 1.059885 -1.367942  2.427827 2.43
1263 1.059995 -1.351198  2.411192 2.41
1264 1.060095 -1.339922  2.400017 2.40
1265 1.060160 -1.335702  2.395862 2.40
1266 1.060174 -1.339540  2.399714 2.40
1267 1.060133 -1.351600  2.411733 2.41
1268 1.060051 -1.371168  2.431219 2.43
1269 1.059947 -1.396834  2.456782 2.46
1270 1.059844 -1.426809  2.486653 2.49
1271 1.059753 -1.459241  2.518994 2.52
1272 1.059680 -1.492434  2.552114 2.55
1273 1.059623 -1.524944  2.584567 2.58
1274 1.059577 -1.555570  2.615147 2.62
1275 1.059540 -1.583317  2.642857 2.64
1276 1.059510 -1.607364  2.666873 2.67
1277 1.059487 -1.627046  2.686533 2.69
1278 1.059473 -1.641872  2.701345 2.70
1279 1.059468 -1.651532  2.711000 2.71
1280 1.059471 -1.655916  2.715388 2.72
1281 1.059483 -1.655109  2.714592 2.71
1282 1.059501 -1.649376  2.708878 2.71
1283 1.059525 -1.639149  2.698674 2.70
1284 1.059555 -1.624999  2.684554 2.68
1285 1.059596 -1.607654  2.667250 2.67
1286 1.059654 -1.588044  2.647698 2.65
1287 1.059737 -1.567389  2.627126 2.63
1288 1.059842 -1.547264  2.607106 2.61
1289 1.059953 -1.529540  2.589492 2.59
1290 1.060036 -1.516099  2.576135 2.58
1291 1.060055 -1.508344  2.568400 2.57
1292 1.059992 -1.506667  2.566659 2.57
1293 1.059858 -1.510182  2.570040 2.57
1294 1.059694 -1.516917  2.576611 2.58
1295 1.059544 -1.524391  2.583935 2.58
1296 1.059438 -1.530277  2.589715 2.59
1297 1.059390 -1.532886  2.592275 2.59
1298 1.059395 -1.531374  2.590768 2.59
1299 1.059444 -1.525730  2.585174 2.59
1300 1.059527 -1.516649  2.576177 2.58
1301 1.059631 -1.505360  2.564991 2.56
1302 1.059740 -1.493421  2.553160 2.55
1303 1.059836 -1.482482  2.542319 2.54
1304 1.059903 -1.474013  2.533916 2.53
1305 1.059924 -1.469022  2.528946 2.53
1306 1.059892 -1.467831  2.527724 2.53
1307 1.059811 -1.469972  2.529783 2.53
1308 1.059693 -1.474230  2.533923 2.53
1309 1.059561 -1.478858  2.538419 2.54
1310 1.059440 -1.481902  2.541343 2.54
1311 1.059354 -1.481590  2.540943 2.54
1312 1.059317 -1.476668  2.535985 2.54
1313 1.059338 -1.466656  2.525995 2.53
1314 1.059414 -1.451953  2.511368 2.51
1315 1.059533 -1.433794  2.493327 2.49
1316 1.059676 -1.414066  2.473742 2.47
1317 1.059819 -1.395015  2.454835 2.45
1318 1.059938 -1.378886  2.438824 2.44
1319 1.060013 -1.367542  2.427555 2.43
1320 1.060033 -1.362167  2.422200 2.42
1321 1.060000 -1.363094  2.423093 2.42
1322 1.059928 -1.369836  2.429763 2.43
1323 1.059838 -1.381286  2.441123 2.44
1324 1.059752 -1.396031  2.455782 2.46
1325 1.059687 -1.412682  2.472369 2.47
1326 1.059654 -1.430140  2.489794 2.49
1327 1.059651 -1.447743  2.507394 2.51
1328 1.059670 -1.465269  2.524939 2.52
1329 1.059694 -1.482806  2.542500 2.54
1330 1.059707 -1.500529  2.560235 2.56
1331 1.059696 -1.518453  2.578149 2.58
1332 1.059659 -1.536272  2.595931 2.60
1333 1.059603 -1.553321  2.612923 2.61
1334 1.059539 -1.568680  2.628219 2.63
1335 1.059476 -1.581342  2.640818 2.64
1336 1.059423 -1.590362  2.649786 2.65
1337 1.059387 -1.594992  2.654379 2.65
1338 1.059377 -1.594792  2.654169 2.65
1339 1.059408 -1.589793  2.649201 2.65
1340 1.059490 -1.580684  2.640174 2.64
1341 1.059619 -1.568935  2.628554 2.63
1342 1.059764 -1.556696  2.616460 2.62
1343 1.059870 -1.546305  2.606175 2.61
1344 1.059878 -1.539463  2.599341 2.60
1345 1.059764 -1.536396  2.596159 2.60
1346 1.059556 -1.535526  2.595082 2.60
1347 1.059322 -1.533893  2.593215 2.59
1348 1.059135 -1.528149  2.587284 2.59
1349 1.059049 -1.515650  2.574699 2.57
1350 1.059089 -1.495275  2.554364 2.55
1351 1.059254 -1.467817  2.527071 2.53
1352 1.059515 -1.435959  2.495474 2.50
1353 1.061580 -1.406942  2.468522 2.47
1354 1.061836 -1.382321  2.444158 2.44
1355 1.061974 -1.366017  2.427991 2.43
1356 1.061953 -1.360135  2.422088 2.42
1357 1.061790 -1.364349  2.426139 2.43
1358 1.061556 -1.376162  2.437718 2.44
1359 1.079200 -1.392565  2.471766 2.47
1360 1.079042 -1.409168  2.488209 2.49
1361 1.078969 -1.423217  2.502186 2.50
1362 1.078974 -1.433215  2.512189 2.51
1363 1.079036 -1.438859  2.517895 2.52
1364 1.079136 -1.440775  2.519910 2.52
1365 1.079252 -1.440207  2.519459 2.52
1366 1.079365 -1.438709  2.518075 2.52
1367 1.079457 -1.437839  2.517296 2.52
1368 1.079509 -1.438847  2.518356 2.52
1369 1.079508 -1.442401  2.521909 2.52
1370 1.079453 -1.448392  2.527845 2.53
1371 1.079356 -1.455928  2.535283 2.54
1372 1.079238 -1.463507  2.542744 2.54
1373 1.079121 -1.469331  2.548452 2.55
1374 1.079022 -1.471645  2.550667 2.55
1375 1.078950 -1.468991  2.547941 2.55
1376 1.078909 -1.460363  2.539271 2.54
1377 1.078900 -1.445278  2.524178 2.52
1378 1.078929 -1.423829  2.502759 2.50
1379 1.079005 -1.396767  2.475772 2.48
1380 1.079134 -1.365609  2.444743 2.44
1381 1.079313 -1.332707  2.412020 2.41
1382 1.079516 -1.301142  2.380659 2.38
1383 1.079696 -1.274304  2.354000 2.35
1384 1.079796 -1.255151  2.334947 2.33
1385 1.079784 -1.245396  2.325180 2.33
1386 1.054641 -1.243479  2.298120 2.30
1387 1.054486 -1.249631  2.304117 2.30
1388 1.054340 -1.261544  2.315884 2.32
1389 1.054240 -1.276944  2.331184 2.33
1390 1.054183 -1.294121  2.348304 2.35
1391 1.054146 -1.311958  2.366104 2.37
1392 1.054110 -1.329644  2.383754 2.38
1393 1.054072 -1.346408  2.400480 2.40
1394 1.054051 -1.361498  2.415549 2.42
1395 1.044563 -1.374416  2.418978 2.42
1396 1.044626 -1.385422  2.430048 2.43
1397 1.044716 -1.395263  2.439979 2.44
1398 1.044796 -1.405054  2.449850 2.45
1399 1.044834 -1.415756  2.460590 2.46
1400 1.044821 -1.427721  2.472542 2.47
1401 1.044770 -1.440549  2.485319 2.49
1402 1.044708 -1.453291  2.497998 2.50
1403 1.044655 -1.464830  2.509486 2.51
1404 1.044622 -1.474205  2.518827 2.52
1405 1.044604 -1.480753  2.525357 2.53
1406 1.044599 -1.484114  2.528713 2.53
1407 1.044605 -1.484186  2.528790 2.53
1408 1.044627 -1.481116  2.525743 2.53
1409 1.044672 -1.475372  2.520044 2.52
1410 1.044741 -1.467817  2.512558 2.51
1411 1.044819 -1.459678  2.504497 2.50
1412 1.044877 -1.452304  2.497180 2.50
1413 1.044886 -1.446718  2.491604 2.49
1414 1.044841 -1.443214  2.488055 2.49
1415 1.044767 -1.441269  2.486036 2.49
1416 1.044705 -1.439896  2.484601 2.48
1417 1.044689 -1.438233  2.482922 2.48
1418 1.044729 -1.436036  2.480765 2.48
1419 1.044815 -1.433848  2.478664 2.48
1420 1.044926 -1.432873  2.477799 2.48
1421 1.045038 -1.434667  2.479705 2.48
1422 1.045128 -1.440784  2.485912 2.49
1423 1.045175 -1.452416  2.497591 2.50
1424 1.045166 -1.470076  2.515242 2.52
1425 1.045103 -1.493413  2.538517 2.54
1426 1.045002 -1.521236  2.566237 2.57
1427 1.053425 -1.551946  2.605371 2.61
1428 1.053311 -1.583298  2.636609 2.64
1429 1.053214 -1.613275  2.666489 2.67
1430 1.053139 -1.640117  2.693255 2.69
1431 1.053089 -1.662427  2.715516 2.72
1432 1.053067 -1.679246  2.732314 2.73
1433 1.053077 -1.690100  2.743177 2.74
1434 1.053118 -1.695038  2.748156 2.75
1435 1.053186 -1.694630  2.747817 2.75
1436 1.053271 -1.689891  2.743162 2.74
1437 1.053356 -1.682107  2.735463 2.74
1438 1.053426 -1.672596  2.726021 2.73
1439 1.053470 -1.662464  2.715934 2.72
1440 1.053489 -1.652453  2.705942 2.71
1441 1.053492 -1.642932  2.696423 2.70
1442 1.053492 -1.634016  2.687508 2.69
1443 1.053498 -1.625753  2.679251 2.68
1444 1.053515 -1.618258  2.671773 2.67
1445 1.053538 -1.611769  2.665307 2.67
1446 1.053563 -1.606606  2.660168 2.66
1447 1.053583 -1.603096  2.656679 2.66
1448 1.036634 -1.600719  2.637353 2.64
1449 1.036640 -1.600213  2.636853 2.64
1450 1.036632 -1.601596  2.638228 2.64
1451 1.036608 -1.604671  2.641279 2.64
1452 1.036570 -1.609011  2.645581 2.65
1453 1.036522 -1.613980  2.650502 2.65
1454 1.036468 -1.618794  2.655262 2.66
1455 1.036415 -1.622597  2.659011 2.66
1456 1.138699 -1.622942  2.761641 2.76
1457 1.138635 -1.619876  2.758511 2.76
1458 1.138570 -1.612498  2.751067 2.75
1459 1.138502 -1.599943  2.738445 2.74
1460 1.138437 -1.581394  2.719831 2.72
1461 1.057157 -1.555942  2.613099 2.61
1462 1.057145 -1.523427  2.580572 2.58
1463 1.057199 -1.484152  2.541352 2.54
1464 1.057342 -1.439476  2.496818 2.50
1465 1.057572 -1.392084  2.449656 2.45
1466 1.057848 -1.345896  2.403744 2.40
1467 1.058095 -1.305411  2.363506 2.36
1468 1.058229 -1.274556  2.332785 2.33
1469 1.058201 -1.255448  2.313649 2.31
1470 1.058026 -1.247688  2.305714 2.31
1471 1.057773 -1.248590  2.306363 2.31
1472 1.057530 -1.254209  2.311739 2.31
1473 1.057362 -1.260646  2.318008 2.32
1474 1.057294 -1.265058  2.322352 2.32
1475 1.057320 -1.266108  2.323428 2.32
1476 1.057412 -1.263909  2.321321 2.32
1477 1.057536 -1.259636  2.317172 2.32
1478 1.057657 -1.255014  2.312671 2.31
1479 1.057752 -1.251815  2.309567 2.31
1480 1.057804 -1.251461  2.309265 2.31
1481 1.057808 -1.254768  2.312576 2.31
1482 1.057765 -1.261840  2.319606 2.32
1483 1.057686 -1.272093  2.329779 2.33
1484 1.057584 -1.284390  2.341974 2.34
1485 1.057478 -1.297263  2.354740 2.35
1486 1.057385 -1.309188  2.366572 2.37
1487 1.057321 -1.318860  2.376181 2.38
1488 1.057297 -1.325433  2.382730 2.38
1489 1.057322 -1.328697  2.386019 2.39
1490 1.057395 -1.329183  2.386579 2.39
1491 1.057512 -1.328171  2.385683 2.39
1492 1.057654 -1.327560  2.385214 2.39
1493 1.057795 -1.329594  2.387389 2.39
1494 1.057907 -1.336449  2.394355 2.39
1495 1.057964 -1.349789  2.407753 2.41
1496 1.057952 -1.370391  2.428343 2.43
1497 1.057875 -1.397933  2.455807 2.46
1498 1.057748 -1.431034  2.488782 2.49
1499 1.057602 -1.467533  2.525135 2.53
1500 1.057464 -1.504917  2.562381 2.56
1501 1.057353 -1.540755  2.598107 2.60
1502 1.057275 -1.573000  2.630275 2.63
1503 1.057227 -1.600123  2.657350 2.66
1504 1.057202 -1.621090  2.678292 2.68
1505 1.057192 -1.635279  2.692472 2.69
1506 1.057192 -1.642372  2.699565 2.70
1507 1.057199 -1.642282  2.699481 2.70
1508 1.057212 -1.635112  2.692324 2.69
1509 1.057231 -1.621144  2.678376 2.68
1510 1.057259 -1.600849  2.658109 2.66
1511 1.057298 -1.574905  2.632203 2.63
1512 1.057352 -1.544223  2.601575 2.60
1513 1.057422 -1.509984  2.567407 2.57
1514 1.057511 -1.473662  2.531174 2.53
1515 1.057617 -1.437023  2.494640 2.49
1516 1.057731 -1.402064  2.459795 2.46
1517 1.057841 -1.370873  2.428714 2.43
1518 1.057929 -1.345409  2.403338 2.40
1519 1.057981 -1.327242  2.385223 2.39
1520 1.057989 -1.317333  2.375321 2.38
1521 1.057950 -1.315891  2.373842 2.37
1522 1.057871 -1.322356  2.380227 2.38
1523 1.057762 -1.335475  2.393237 2.39
1524 1.057641 -1.353484  2.411125 2.41
1525 1.031818 -1.366309  2.398126 2.40
1526 1.031758 -1.379247  2.411005 2.41
1527 1.031744 -1.391195  2.422939 2.42
1528 1.031774 -1.401711  2.433485 2.43
1529 1.031837 -1.411007  2.442843 2.44
1530 1.031909 -1.419765  2.451674 2.45
1531 1.031970 -1.428844  2.460813 2.46
1532 1.032002 -1.438955  2.470956 2.47
1533 1.031996 -1.450417  2.482413 2.48
1534 1.031954 -1.463031  2.494985 2.49
1535 1.031885 -1.476094  2.507980 2.51
1536 1.031806 -1.488544  2.520350 2.52
1537 1.031735 -1.499191  2.530926 2.53
1538 1.031692 -1.507007  2.538699 2.54
1539 1.031691 -1.511396  2.543087 2.54
1540 1.031734 -1.512389  2.544123 2.54
1541 1.031811 -1.510669  2.542479 2.54
1542 1.031895 -1.507385  2.539280 2.54
1543 1.031960 -1.503787  2.535748 2.54
1544 1.031990 -1.500835  2.532825 2.53
1545 1.031984 -1.498948  2.530933 2.53
1546 1.031958 -1.498006  2.529964 2.53
1547 1.031928 -1.497545  2.529473 2.53
1548 1.031906 -1.497016  2.528922 2.53
1549 1.031897 -1.495972  2.527870 2.53
1550 1.031900 -1.494151  2.526051 2.53
1551 1.031910 -1.491462  2.523372 2.52
1552 1.031923 -1.487949  2.519873 2.52
1553 1.031938 -1.483738  2.515675 2.52
1554 1.031950 -1.478995  2.510945 2.51
1555 1.031960 -1.473900  2.505860 2.51
1556 1.031967 -1.468621  2.500588 2.50
1557 1.031973 -1.463316  2.495289 2.50
1558 1.031980 -1.458147  2.490127 2.49
1559 1.031991 -1.453306  2.485297 2.49
1560 1.032005 -1.449036  2.481041 2.48
1561 1.032021 -1.445629  2.477650 2.48
1562 1.032034 -1.443391  2.475425 2.48
1563 1.032039 -1.442572  2.474611 2.47
1564 1.032029 -1.443282  2.475310 2.48
1565 1.032000 -1.445398  2.477399 2.48
1566 1.031955 -1.448531  2.480486 2.48
1567 1.031903 -1.452055  2.483957 2.48
1568 1.031860 -1.455261  2.487121 2.49
1569 1.031842 -1.457592  2.489434 2.49
1570 1.031859 -1.458870  2.490729 2.49
1571 1.031904 -1.459419  2.491324 2.49
1572 1.031960 -1.459973  2.491933 2.49
1573 1.032001 -1.461400  2.493401 2.49
1574 1.032008 -1.464346  2.496354 2.50
1575 1.031977 -1.468950  2.500927 2.50
1576 1.031916 -1.474773  2.506689 2.51
1577 1.031842 -1.480915  2.512758 2.51
1578 1.031774 -1.486270  2.518044 2.52
1579 1.031722 -1.489781  2.521503 2.52
1580 1.031695 -1.490636  2.522331 2.52
1581 1.031693 -1.488386  2.520078 2.52
1582 1.049390 -1.483952  2.533342 2.53
1583 1.049427 -1.476760  2.526186 2.53
1584 1.049474 -1.467387  2.516861 2.52
1585 1.049524 -1.456599  2.506123 2.51
1586 1.049571 -1.445244  2.494815 2.49
1587 1.049609 -1.434148  2.483757 2.48
1588 1.049633 -1.424023  2.473656 2.47
1589 1.049644 -1.415394  2.465039 2.47
1590 1.049646 -1.408594  2.458240 2.46
1591 1.049646 -1.403813  2.453459 2.45
1592 1.049649 -1.401194  2.450843 2.45
1593 1.049650 -1.400881  2.450531 2.45
1594 1.049636 -1.402956  2.452592 2.45
1595 1.049591 -1.407245  2.456836 2.46
1596 1.049505 -1.413106  2.462611 2.46
1597 1.049383 -1.419307  2.468691 2.47
1598 1.049243 -1.424109  2.473352 2.47
1599 1.049107 -1.425525  2.474632 2.47
1600 1.048998 -1.421678  2.470676 2.47
1601 1.048933 -1.411144  2.460076 2.46
1602 1.048924 -1.393221  2.442145 2.44
1603 1.048977 -1.368118  2.417095 2.42
1604 1.049089 -1.337026  2.386115 2.39
1605 1.049243 -1.302052  2.351295 2.35
1606 1.049410 -1.265962  2.315372 2.32
1607 1.049552 -1.231709  2.281262 2.28
1608 1.049641 -1.201867  2.251508 2.25
1609 1.049674 -1.178190  2.227865 2.23
1610 1.049683 -1.161572  2.211255 2.21
1611 1.049705 -1.152424  2.202129 2.20
1612 1.049757 -1.151196  2.200953 2.20
1613 1.049818 -1.158596  2.208414 2.21
1614 1.049850 -1.175319  2.225169 2.23
1615 1.049824 -1.201514  2.251338 2.25
1616 1.049741 -1.236401  2.286142 2.29
1617 1.049627 -1.278295  2.327922 2.33
1618 1.049514 -1.324982  2.374496 2.37
1619 1.049426 -1.374203  2.423629 2.42
1620 1.049371 -1.424025  2.473397 2.47
1621 1.049344 -1.472979  2.522323 2.52
1622 1.049332 -1.520002  2.569334 2.57
1623 1.049323 -1.564289  2.613612 2.61
1624 1.049313 -1.605139  2.654452 2.65
1625 1.049300 -1.641878  2.691178 2.69
1626 1.049286 -1.673843  2.723130 2.72
1627 1.049277 -1.700425  2.749702 2.75
1628 1.049276 -1.721132  2.770408 2.77
1629 1.049289 -1.735664  2.784953 2.78
1630 1.049319 -1.743980  2.793299 2.79
1631 1.049371 -1.746362  2.795734 2.80
1632 1.049445 -1.743457  2.792902 2.79
1633 1.049537 -1.736269  2.785807 2.79
1634 1.049640 -1.726108  2.775748 2.78
1635 1.049743 -1.714464  2.764207 2.76
1636 1.049836 -1.702851  2.752688 2.75
1637 1.049908 -1.692634  2.742543 2.74
1638 1.049955 -1.684882  2.734837 2.73
1639 1.049974 -1.680277  2.730251 2.73
1640 1.049969 -1.679092  2.729060 2.73
1641 1.049943 -1.681213  2.731156 2.73
1642 1.049902 -1.686206  2.736108 2.74
1643 1.049852 -1.693399  2.743251 2.74
1644 1.049799 -1.701975  2.751774 2.75
1645 1.049750 -1.711069  2.760819 2.76
1646 1.058514 -1.719825  2.778339 2.78
1647 1.058483 -1.727589  2.786072 2.79
1648 1.058465 -1.733816  2.792280 2.79
1649 1.058460 -1.738163  2.796622 2.80
1650 1.058467 -1.740498  2.798964 2.80
1651 1.058483 -1.740881  2.799363 2.80
1652 1.058503 -1.739522  2.798025 2.80
1653 1.058523 -1.736712  2.795235 2.80
1654 1.058537 -1.732750  2.791287 2.79
1655 1.058543 -1.727868  2.786411 2.79
1656 1.058541 -1.722192  2.780733 2.78
1657 1.058533 -1.715740  2.774273 2.77
1658 1.058525 -1.708456  2.766980 2.77
1659 1.058520 -1.700278  2.758798 2.76
1660 1.058522 -1.691200  2.749722 2.75
1661 1.058532 -1.681316  2.739848 2.74
1662 1.058547 -1.670831  2.729378 2.73
1663 1.058565 -1.660038  2.718603 2.72
1664 1.058581 -1.649269  2.707850 2.71
1665 1.058592 -1.638839  2.697431 2.70
1666 1.058594 -1.628991  2.687585 2.69
1667 1.058587 -1.619852  2.678439 2.68
1668 1.058571 -1.611426  2.669997 2.67
1669 1.058549 -1.603602  2.662151 2.66
1670 1.058524 -1.596186  2.654710 2.65
1671 1.058496 -1.588946  2.647442 2.65
1672 1.058467 -1.581631  2.640098 2.64
1673 1.058437 -1.573988  2.632426 2.63
1674 1.058406 -1.565765  2.624171 2.62
1675 1.058376 -1.556715  2.615091 2.62
1676 1.058354 -1.546644  2.604998 2.60
1677 1.058345 -1.535485  2.593830 2.59
1678 1.058358 -1.523401  2.581758 2.58
1679 1.058394 -1.510875  2.569269 2.57
1680 1.058446 -1.498731  2.557177 2.56
1681 1.058492 -1.487997  2.546490 2.55
1682 1.058499 -1.479561  2.538060 2.54
1683 1.058439 -1.473689  2.532129 2.53
1684 1.058312 -1.469640  2.527952 2.53
1685 1.058151 -1.465669  2.523820 2.52
1686 1.058015 -1.459553  2.517568 2.52
1687 1.057959 -1.449432  2.507391 2.51
1688 1.058011 -1.434610  2.492621 2.49
1689 1.058168 -1.415998  2.474166 2.47
1690 1.058386 -1.396025  2.454411 2.45
1691 1.058599 -1.378012  2.436611 2.44
1692 1.058733 -1.365150  2.423883 2.42
1693 1.058749 -1.359441  2.418189 2.42
1694 1.058661 -1.361111  2.419772 2.42
1695 1.058529 -1.368816  2.427345 2.43
1696 1.058420 -1.380480  2.438900 2.44
1697 1.058374 -1.394270  2.452644 2.45
1698 1.058392 -1.409195  2.467587 2.47
1699 1.058441 -1.425139  2.483580 2.48
1700 1.058480 -1.442433  2.500913 2.50
1701 1.058483 -1.461287  2.519770 2.52
1702 1.058443 -1.481385  2.539828 2.54
1703 1.058376 -1.501815  2.560192 2.56
1704 1.058307 -1.521292  2.579599 2.58
1705 1.058253 -1.538494  2.596747 2.60
1706 1.058223 -1.552337  2.610559 2.61
1707 1.058214 -1.562105  2.620319 2.62
1708 1.058224 -1.567457  2.625680 2.63
1709 1.058245 -1.568363  2.626608 2.63
1710 1.058275 -1.565030  2.623305 2.62
1711 1.058309 -1.557833  2.616142 2.62
1712 1.058347 -1.547268  2.605615 2.61
1713 1.058387 -1.533921  2.592308 2.59
1714 1.058428 -1.518446  2.576874 2.58
1715 1.058469 -1.501546  2.560015 2.56
1716 1.058510 -1.483960  2.542469 2.54
1717 1.058549 -1.466439  2.524988 2.52
1718 1.058585 -1.449736  2.508321 2.51
1719 1.058618 -1.434575  2.493192 2.49
1720 1.058644 -1.421633  2.480277 2.48
1721 1.058663 -1.411505  2.470168 2.47
1722 1.058669 -1.404661  2.463331 2.46
1723 1.058659 -1.401388  2.460048 2.46
1724 1.058631 -1.401725  2.460356 2.46
1725 1.058584 -1.405422  2.464005 2.46
1726 1.058524 -1.411952  2.470476 2.47
1727 1.058463 -1.420595  2.479058 2.48
1728 1.058409 -1.430583  2.488993 2.49
1729 1.058371 -1.441248  2.499618 2.50
1730 1.058345 -1.452106  2.510452 2.51
1731 1.058325 -1.462853  2.521178 2.52
1732 1.058302 -1.473248  2.531549 2.53
1733 1.058267 -1.482987  2.541254 2.54
1734 1.058223 -1.491618  2.549841 2.55
1735 1.058178 -1.498554  2.556732 2.56
1736 1.058144 -1.503203  2.561348 2.56
1737 1.058133 -1.505146  2.563280 2.56
1738 1.058150 -1.504302  2.562453 2.56
1739 1.058193 -1.501008  2.559201 2.56
1740 1.058248 -1.495965  2.554213 2.55
1741 1.058297 -1.490048  2.548345 2.55
1742 1.058320 -1.484037  2.542357 2.54
1743 1.058306 -1.478341  2.536646 2.54
1744 1.058252 -1.472818  2.531070 2.53
1745 1.058168 -1.466759  2.524926 2.52
1746 1.058074 -1.459034  2.517108 2.52
1747 1.057995 -1.448402  2.506397 2.51
1748 1.057955 -1.433880  2.491836 2.49
1749 1.057968 -1.415092  2.473061 2.47
1750 1.058034 -1.392474  2.450508 2.45
1751 1.058138 -1.367268  2.425407 2.43
1752 1.058254 -1.341298  2.399552 2.40
1753 1.058354 -1.316579  2.374932 2.37
1754 1.058414 -1.294898  2.353312 2.35
1755 1.058426 -1.277471  2.335896 2.34
1756 1.058394 -1.264791  2.323186 2.32
1757 1.058342 -1.256711  2.315053 2.32
1758 1.058295 -1.252737  2.311032 2.31
1759 1.058269 -1.252396  2.310665 2.31
1760 1.058259 -1.255458  2.313718 2.31
1761 1.058243 -1.261852  2.320095 2.32
1762 1.058202 -1.271353  2.329556 2.33
1763 1.058154 -1.283375  2.341529 2.34
1764 1.058139 -1.297191  2.355330 2.36
1765 1.058190 -1.312503  2.370693 2.37
1766 1.058296 -1.329885  2.388181 2.39
1767 1.058395 -1.350583  2.408978 2.41
1768 1.058422 -1.375671  2.434093 2.43
1769 1.058359 -1.405153  2.463512 2.46
1770 1.058248 -1.437718  2.495966 2.50
1771 1.058151 -1.471317  2.529467 2.53
1772 1.058108 -1.504052  2.562160 2.56
1773 1.058119 -1.534777  2.592896 2.59
1774 1.058156 -1.563115  2.621271 2.62
1775 1.058189 -1.589101  2.647290 2.65
1776 1.058201 -1.612752  2.670952 2.67
1777 1.058193 -1.633830  2.692023 2.69
1778 1.058177 -1.651857  2.710034 2.71
1779 1.058166 -1.666278  2.724444 2.72
1780 1.058164 -1.676637  2.734802 2.73
1781 1.058172 -1.682670  2.740841 2.74
1782 1.058182 -1.684296  2.742478 2.74
1783 1.058191 -1.681556  2.739747 2.74
1784 1.058193 -1.674529  2.732722 2.73
1785 1.058187 -1.663272  2.721459 2.72
1786 1.058177 -1.647802  2.705978 2.71
1787 1.058166 -1.628128  2.686294 2.69
1788 1.058165 -1.604325  2.662490 2.66
1789 1.058182 -1.576653  2.634835 2.63
1790 1.058228 -1.545697  2.603925 2.60
1791 1.058309 -1.512492  2.570800 2.57
1792 1.058420 -1.478584  2.537005 2.54
1793 1.058549 -1.445961  2.504510 2.50
1794 1.058672 -1.416819  2.475491 2.48
1795 1.058768 -1.393234  2.452003 2.45
1796 1.058824 -1.376831  2.435655 2.44
1797 1.058838 -1.368573  2.427412 2.43
1798 1.058817 -1.368732  2.427549 2.43
1799 1.058769 -1.376968  2.435737 2.44
1800 1.058698 -1.392456  2.451154 2.45
1801 1.058607 -1.413965  2.472572 2.47
1802 1.058499 -1.439913  2.498412 2.50
1803 1.058379 -1.468423  2.526802 2.53
1804 1.058258 -1.497431  2.555689 2.56
1805 1.058149 -1.524855  2.583005 2.58
1806 1.058067 -1.548813  2.606880 2.61
1807 1.058022 -1.567834  2.625856 2.63
1808 1.058022 -1.581042  2.639064 2.64
1809 1.058068 -1.588261  2.646329 2.65
1810 1.058156 -1.590043  2.648199 2.65
1811 1.058274 -1.587599  2.645873 2.65
1812 1.058406 -1.582628  2.641033 2.64
1813 1.058530 -1.577056  2.635586 2.64
1814 1.058629 -1.572734  2.631363 2.63
1815 1.058691 -1.571156  2.629846 2.63
1816 1.058717 -1.573290  2.632007 2.63
1817 1.058716 -1.579580  2.638296 2.64
1818 1.058700 -1.590063  2.648763 2.65
1819 1.058675 -1.604514  2.663189 2.66
1820 1.058639 -1.622527  2.681166 2.68
1821 1.058587 -1.643488  2.702075 2.70
1822 1.058517 -1.666514  2.725031 2.73
1823 1.058434 -1.690426  2.748860 2.75
1824 1.058350 -1.713838  2.772188 2.77
1825 1.058275 -1.735320  2.793595 2.79
1826 1.058217 -1.753571  2.811789 2.81
1827 1.058178 -1.767541  2.825719 2.83
1828 1.058156 -1.776458  2.834614 2.83
1829 1.058147 -1.779821  2.837968 2.84
1830 1.058153 -1.777373  2.835526 2.84
1831 1.129687 -1.769055  2.898743 2.90
1832 1.162999 -1.755525  2.918524 2.92
1833 1.163058 -1.736479  2.899537 2.90
1834 1.163137 -1.712850  2.875987 2.88
1835 1.163232 -1.685901  2.849133 2.85
1836 1.163336 -1.657161  2.820496 2.82
1837 1.163438 -1.628309  2.791747 2.79
1838 1.163527 -1.601012  2.764538 2.76
1839 1.163590 -1.576733  2.740324 2.74
1840 1.163621 -1.556554  2.720175 2.72
1841 1.163616 -1.541051  2.704667 2.70
1842 1.163581 -1.530260  2.693841 2.69
1843 1.163525 -1.523742  2.687266 2.69
1844 1.163456 -1.520706  2.684161 2.68
1845 1.163384 -1.520159  2.683543 2.68
1846 1.163316 -1.521045  2.684361 2.68
1847 1.163257 -1.522351  2.685608 2.69
1848 1.163207 -1.523184  2.686391 2.69
1849 1.163169 -1.522812  2.685981 2.69
1850 1.163141 -1.520679  2.683820 2.68
1851 1.163123 -1.516405  2.679529 2.68
1852 1.163114 -1.509779  2.672893 2.67
1853 1.163117 -1.500757  2.663873 2.66
1854 1.163132 -1.489491  2.652623 2.65
1855 1.168741 -1.471759  2.640501 2.64
1856 1.168806 -1.453209  2.622015 2.62
1857 1.168871 -1.434976  2.603847 2.60
1858 1.168924 -1.418178  2.587102 2.59
1859 1.168957 -1.403744  2.572701 2.57
1860 1.168962 -1.392260  2.561221 2.56
1861 1.175016 -1.382398  2.557413 2.56
1862 1.174980 -1.375976  2.550956 2.55
1863 1.174929 -1.372506  2.547435 2.55
1864 1.174878 -1.371237  2.546115 2.55
1865 1.174837 -1.371380  2.546217 2.55
1866 1.177552 -1.372370  2.549921 2.55
1867 1.177546 -1.373685  2.551231 2.55
1868 1.177557 -1.375152  2.552709 2.55
1869 1.177580 -1.376828  2.554408 2.55
1870 1.177611 -1.378956  2.556567 2.56
1871 1.177647 -1.381907  2.559553 2.56
1872 1.177680 -1.386107  2.563787 2.56
1873 1.177706 -1.391949  2.569655 2.57
1874 1.177718 -1.399693  2.577411 2.58
1875 1.177713 -1.409389  2.587102 2.59
1876 1.220256 -1.419607  2.639864 2.64
1877 1.220226 -1.430618  2.650844 2.65
1878 1.220188 -1.441833  2.662021 2.66
1879 1.220147 -1.452547  2.672694 2.67
1880 1.220106 -1.462009  2.682116 2.68
1881 1.220071 -1.469493  2.689565 2.69
1882 1.220045 -1.474369  2.694415 2.69
1883 1.220033 -1.476168  2.696201 2.70
1884 1.220035 -1.474640  2.694675 2.69
1885 1.220053 -1.469785  2.689838 2.69
1886 1.220084 -1.461866  2.681950 2.68
1887 1.220125 -1.451377  2.671502 2.67
1888 1.220172 -1.438993  2.659165 2.66
1889 1.220219 -1.425497  2.645716 2.65
1890 1.220264 -1.411711  2.631974 2.63
1891 1.220306 -1.398449  2.618754 2.62
1892 1.220346 -1.386502  2.606849 2.61
1893 1.220388 -1.376659  2.597047 2.60
1894 1.220429 -1.369711  2.590140 2.59
1895 1.220461 -1.366420  2.586880 2.59
1896 1.220468 -1.367374  2.587842 2.59
1897 1.220435 -1.372768  2.593202 2.59
1898 1.220354 -1.382177  2.602530 2.60
1899 1.220232 -1.394456  2.614688 2.61
1900 1.220089 -1.407849  2.627937 2.63
1901 1.219947 -1.420267  2.640213 2.64
1902 1.219826 -1.429652  2.649478 2.65
1903 1.219740 -1.434286  2.654026 2.65
1904 1.219697 -1.433011  2.652708 2.65
1905 1.219704 -1.425368  2.645072 2.65
1906 1.219768 -1.411713  2.631482 2.63
1907 1.219902 -1.393343  2.613245 2.61
1908 1.220110 -1.372633  2.592742 2.59
1909 1.220376 -1.353056  2.573432 2.57
1910 1.220649 -1.338885  2.559533 2.56
1911 1.220838 -1.334349  2.555187 2.56
1912 1.220860 -1.342320  2.563180 2.56
1913 1.220686 -1.363084  2.583770 2.58
1914 1.220374 -1.393973  2.614347 2.61
1915 1.220026 -1.430177  2.650204 2.65
1916 1.219734 -1.466243  2.685977 2.69
1917 1.219540 -1.497422  2.716962 2.72
1918 1.219446 -1.520385  2.739831 2.74
1919 1.219433 -1.533320  2.752753 2.75
1920 1.219479 -1.535706  2.755185 2.76
1921 1.219569 -1.528027  2.747596 2.75
1922 1.219693 -1.511537  2.731230 2.73
1923 1.219844 -1.488101  2.707945 2.71
1924 1.220013 -1.460066  2.680079 2.68
1925 1.220186 -1.430104  2.650290 2.65
1926 1.220345 -1.400981  2.621326 2.62
1927 1.220470 -1.375265  2.595735 2.60
1928 1.220542 -1.355006  2.575548 2.58
1929 1.220552 -1.341468  2.562020 2.56
1930 1.220501 -1.334985  2.555485 2.56
1931 1.220395 -1.334951  2.555346 2.56
1932 1.220249 -1.339948  2.560196 2.56
1933 1.220082 -1.347955  2.568037 2.57
1934 1.219918 -1.356660  2.576577 2.58
1935 1.219781 -1.363818  2.583599 2.58
1936 1.219693 -1.367631  2.587323 2.59
1937 1.219665 -1.367051  2.586716 2.59
1938 1.219695 -1.361949  2.581644 2.58
1939 1.219765 -1.353065  2.572830 2.57
1940 1.219843 -1.341726  2.561569 2.56
1941 1.219886 -1.329340  2.549226 2.55
1942 1.219866 -1.316791  2.536657 2.54
1943 1.192853 -1.300252  2.493105 2.49
1944 1.192742 -1.283561  2.476302 2.48
1945 1.192683 -1.265387  2.458070 2.46
1946 1.192719 -1.245107  2.437826 2.44
1947 1.192851 -1.223426  2.416277 2.42
1948 1.193041 -1.202390  2.395431 2.40
1949 1.193233 -1.184845  2.378078 2.38
1950 1.193376 -1.173616  2.366992 2.37
1951 1.193442 -1.170757  2.364199 2.36
1952 1.193426 -1.177105  2.370531 2.37
1953 1.193344 -1.192201  2.385545 2.39
1954 1.193221 -1.214522  2.407743 2.41
1955 1.193086 -1.241870  2.434955 2.43
1956 1.192959 -1.271808  2.464767 2.46
1957 1.193090 -1.302454  2.495544 2.50
1958 1.193004 -1.331351  2.524355 2.52
1959 1.192931 -1.356813  2.549744 2.55
1960 1.192865 -1.377431  2.570297 2.57
1961 1.192807 -1.392008  2.584815 2.58
1962 1.192765 -1.399575  2.592340 2.59
1963 1.192754 -1.399518  2.592272 2.59
1964 1.192792 -1.391801  2.584593 2.58
1965 1.192890 -1.377203  2.570093 2.57
1966 1.193045 -1.357454  2.550499 2.55
1967 1.193227 -1.335138  2.528365 2.53
1968 1.193386 -1.313229  2.506616 2.51
1969 1.193470 -1.294339  2.487809 2.49
1970 1.193454 -1.279954  2.473408 2.47
1971 1.193364 -1.270106  2.463470 2.46
1972 1.193261 -1.263728  2.456990 2.46
1973 1.193216 -1.259555  2.452771 2.45
1974 1.193264 -1.257095  2.450359 2.45
1975 1.193388 -1.257144  2.450532 2.45
1976 1.193513 -1.261478  2.454990 2.45
1977 1.193548 -1.271772  2.465320 2.47
1978 1.193449 -1.288318  2.481767 2.48
1979 1.193246 -1.309377  2.502623 2.50
1980 1.193022 -1.331633  2.524655 2.52
1981 1.192856 -1.351396  2.544252 2.54
1982 1.192783 -1.365764  2.558547 2.56
1983 1.192797 -1.373206  2.566003 2.57
1984 1.192874 -1.373555  2.566429 2.57
1985 1.192985 -1.367675  2.560660 2.56
1986 1.193111 -1.357061  2.550172 2.55
1987 1.193238 -1.343521  2.536759 2.54
1988 1.193360 -1.328958  2.522318 2.52
1989 1.193473 -1.315237  2.508711 2.51
1990 1.193571 -1.304096  2.497667 2.50
1991 1.193644 -1.297026  2.490670 2.49
1992 1.193678 -1.295108  2.488786 2.49
1993 1.193663 -1.298803  2.492466 2.49
1994 1.193598 -1.307805  2.501403 2.50
1995 1.193498 -1.321044  2.514542 2.51
1996 1.193384 -1.336905  2.530289 2.53
1997 1.193279 -1.353561  2.546840 2.55
1998 1.193196 -1.369311  2.562508 2.56
1999 1.193141 -1.382803  2.575944 2.58
