#Step   Etot   PotE Ktot  T
0 0.818286 -2.635355  3.453641 3.45
1 0.818254 -2.626933  3.445187 3.45
2 0.818213 -2.612436  3.430649 3.43
3 0.818175 -2.591249  3.409424 3.41
4 0.818155 -2.562536  3.380692 3.38
5 0.818179 -2.525237  3.343416 3.34
6 0.818276 -2.478080  3.296356 3.30
7 0.818487 -2.419623  3.238110 3.24
8 0.818867 -2.348346  3.167213 3.17
9 0.819480 -2.262843  3.082323 3.08
10 0.820409 -2.162120  2.982529 2.98
11 0.821747 -2.046056  2.867803 2.87
12 0.823584 -1.915967  2.739551 2.74
13 0.825984 -1.775131  2.601114 2.60
14 0.828959 -1.628991  2.457950 2.46
15 0.832462 -1.484745  2.317208 2.32
16 0.836414 -1.350235  2.186649 2.19
17 0.840750 -1.232537  2.073288 2.07
18 0.845460 -1.136868  1.982328 1.98
19 0.850577 -1.066164  1.916741 1.92
20 0.856160 -1.021212  1.877371 1.88
21 0.862282 -1.000951  1.863233 1.86
22 0.869035 -1.002811  1.871846 1.87
23 0.876526 -1.023070  1.899596 1.90
24 0.884866 -1.057323  1.942189 1.94
25 0.894162 -1.100990  1.995152 2.00
26 0.904498 -1.149814  2.054312 2.05
27 0.915934 -1.200265  2.116199 2.12
28 0.928497 -1.249786  2.178283 2.18
29 0.942188 -1.296867  2.239055 2.24
30 0.956983 -1.340909  2.297892 2.30
31 0.972849 -1.381934  2.354783 2.35
32 0.989756 -1.420234  2.409990 2.41
33 1.007688 -1.456125  2.463813 2.46
34 1.026637 -1.489885  2.516522 2.52
35 1.046594 -1.521831  2.568425 2.57
36 1.067535 -1.552367  2.619902 2.62
37 1.089424 -1.581838  2.671262 2.67
38 1.112225 -1.610208  2.722433 2.72
39 1.135918 -1.636753  2.772671 2.77
40 1.160499 -1.660016  2.820515 2.82
41 1.185962 -1.678109  2.864072 2.86
42 1.212283 -1.689219  2.901502 2.90
43 1.239404 -1.692058  2.931461 2.93
44 1.267242 -1.686120  2.953362 2.95
45 1.295707 -1.671724  2.967431 2.97
46 1.324707 -1.649930  2.974638 2.97
47 1.354162 -1.622397  2.976558 2.98
48 1.384002 -1.591183  2.975185 2.98
49 1.414181 -1.558510  2.972691 2.97
50 1.444672 -1.526487  2.971159 2.97
51 1.475473 -1.496861  2.972334 2.97
52 1.506602 -1.470807  2.977409 2.98
53 1.538090 -1.448785  2.986875 2.99
54 1.569977 -1.430429  3.000406 3.00
55 1.602307 -1.414540  3.016848 3.02
56 1.635130 -1.399230  3.034361 3.03
57 1.668487 -1.382313  3.050800 3.05
58 1.702400 -1.361889  3.064289 3.06
59 1.736861 -1.336981  3.073843 3.07
60 1.771826 -1.307989  3.079815 3.08
61 1.807221 -1.276740  3.083961 3.08
62 1.842965 -1.246034  3.088999 3.09
63 1.879004 -1.218783  3.097787 3.10
64 1.915343 -1.197111  3.112453 3.11
65 1.952053 -1.181854  3.133906 3.13
66 1.989239 -1.172703  3.161942 3.16
67 2.027000 -1.168766  3.195766 3.20
68 2.065403 -1.169153  3.234556 3.23
69 2.104479 -1.173303  3.277782 3.28
70 2.144236 -1.181008  3.325244 3.33
71 2.184669 -1.192223  3.376892 3.38
72 2.225768 -1.206776  3.432544 3.43
73 2.267526 -1.224090  3.491616 3.49
74 2.309934 -1.243030  3.552964 3.55
75 2.352974 -1.261915  3.614889 3.61
76 2.396604 -1.278661  3.675265 3.68
77 2.440755 -1.290961  3.731716 3.73
78 2.485324 -1.296439  3.781762 3.78
79 2.530184 -1.292754  3.822938 3.82
80 2.575192 -1.277725  3.852917 3.85
81 2.620196 -1.249499  3.869695 3.87
82 2.665047 -1.206834  3.871882 3.87
83 2.709615 -1.149542  3.859157 3.86
84 2.753794 -1.079126  3.832921 3.83
85 2.797502 -0.999541  3.797043 3.80
86 2.840641 -0.917652  3.758294 3.76
87 2.883090 -0.842671  3.725761 3.73
88 2.924751 -0.784044  3.708795 3.71
89 2.965678 -0.748467  3.714145 3.71
90 3.006127 -0.737824  3.743951 3.74
91 3.046453 -0.749304  3.795757 3.80
92 3.086956 -0.777055  3.864011 3.86
93 3.127808 -0.813978  3.941786 3.94
94 3.169068 -0.852972  4.022040 4.02
95 3.210701 -0.887801  4.098502 4.10
96 3.252592 -0.913766  4.166358 4.17
97 3.294560 -0.928150  4.222710 4.22
98 3.336382 -0.930294  4.266676 4.27
99 3.377824 -0.921272  4.299096 4.30
100 3.418671 -0.903250  4.321921 4.32
101 3.458746 -0.878704  4.337450 4.34
102 3.497934 -0.849700  4.347634 4.35
103 3.536182 -0.817522  4.353704 4.35
104 3.573498 -0.782824  4.356322 4.36
105 3.609916 -0.746342  4.356258 4.36
106 3.645458 -0.709831  4.355289 4.36
107 3.680077 -0.676572  4.356649 4.36
108 3.713644 -0.650681  4.364325 4.36
109 3.746006 -0.634988  4.380994 4.38
110 3.777111 -0.628388  4.405500 4.41
111 3.807067 -0.624586  4.431654 4.43
112 3.836074 -0.613458  4.449532 4.45
113 3.864318 -0.584543  4.448861 4.45
114 3.891961 -0.531329  4.423290 4.42
115 3.919129 -0.455599  4.374728 4.37
116 3.945733 -0.370740  4.316473 4.32
117 3.971162 -0.300457  4.271619 4.27
118 3.994530 -0.268724  4.263254 4.26
119 4.015665 -0.285114  4.300779 4.30
120 4.035449 -0.339309  4.374757 4.37
121 4.054842 -0.410380  4.465222 4.47
122 4.074106 -0.479641  4.553748 4.55
123 4.092945 -0.536329  4.629274 4.63
124 4.110930 -0.576462  4.687392 4.69
125 4.127728 -0.599705  4.727433 4.73
126 4.143134 -0.607047  4.750181 4.75
127 4.157043 -0.599762  4.756805 4.76
128 4.169420 -0.579257  4.748677 4.75
129 4.180278 -0.547387  4.727666 4.73
130 4.189657 -0.506949  4.696606 4.70
131 4.197588 -0.462044  4.659632 4.66
132 4.204064 -0.417907  4.621971 4.62
133 4.209040 -0.379878  4.588918 4.59
134 4.212493 -0.351742  4.564235 4.56
135 4.214489 -0.334468  4.548957 4.55
136 4.215179 -0.326413  4.541592 4.54
137 4.214697 -0.324922  4.539619 4.54
138 4.213084 -0.328025  4.541109 4.54
139 4.210295 -0.335053  4.545348 4.55
140 4.206255 -0.346118  4.552373 4.55
141 4.200914 -0.361225  4.562139 4.56
142 4.194267 -0.379778  4.574045 4.57
143 4.186328 -0.400718  4.587046 4.59
144 4.177105 -0.423012  4.600117 4.60
145 4.166577 -0.446090  4.612668 4.61
146 4.154671 -0.469797  4.624468 4.62
147 4.141297 -0.493654  4.634951 4.63
148 4.126422 -0.515922  4.642344 4.64
149 4.110121 -0.533426  4.643546 4.64
150 4.092541 -0.542687  4.635228 4.64
151 4.073833 -0.541788  4.615622 4.62
152 4.054093 -0.531821  4.585915 4.59
153 4.033338 -0.517126  4.550464 4.55
154 4.011502 -0.504114  4.515616 4.52
155 3.988467 -0.498983  4.487450 4.49
156 3.964143 -0.505175  4.469318 4.47
157 3.938541 -0.521887  4.460428 4.46
158 3.911762 -0.544540  4.456302 4.46
159 3.883933 -0.566770  4.450703 4.45
160 3.855165 -0.582659  4.437824 4.44
161 3.825558 -0.588215  4.413772 4.41
162 3.795218 -0.581970  4.377189 4.38
163 3.764271 -0.564990  4.329261 4.33
164 3.732839 -0.540587  4.273426 4.27
165 3.701021 -0.513837  4.214859 4.21
166 3.668858 -0.490846  4.159704 4.16
167 3.636310 -0.477664  4.113974 4.11
168 3.603280 -0.478889  4.082169 4.08
169 3.569659 -0.496385  4.066045 4.07
170 3.535364 -0.528710  4.064075 4.06
171 3.500350 -0.571481  4.071831 4.07
172 3.464616 -0.618468  4.083084 4.08
173 3.428209 -0.663017  4.091226 4.09
174 3.391221 -0.699464  4.090684 4.09
175 3.353767 -0.724265  4.078032 4.08
176 3.315962 -0.736555  4.052517 4.05
177 3.277895 -0.737933  4.015828 4.02
178 3.239635 -0.731553  3.971188 3.97
179 3.201244 -0.720890  3.922134 3.92
180 3.162808 -0.708762  3.871570 3.87
181 3.124436 -0.697058  3.821494 3.82
182 3.086252 -0.687241  3.773492 3.77
183 3.048348 -0.681304  3.729651 3.73
184 3.010734 -0.682559  3.693294 3.69
185 2.973285 -0.695559  3.668844 3.67
186 2.935741 -0.724683  3.660425 3.66
187 2.897816 -0.771789  3.669605 3.67
188 2.859332 -0.834394  3.693725 3.69
189 2.820265 -0.905930  3.726195 3.73
190 2.780674 -0.978003  3.758677 3.76
191 2.740625 -1.043043  3.783668 3.78
192 2.700173 -1.095881  3.796055 3.80
193 2.659396 -1.133971  3.793367 3.79
194 2.618409 -1.156838  3.775246 3.78
195 2.577367 -1.165404  3.742771 3.74
196 2.536450 -1.161517  3.697967 3.70
197 2.495835 -1.147716  3.643551 3.64
198 2.455670 -1.127091  3.582761 3.58
199 2.416065 -1.103063  3.519128 3.52
200 2.377078 -1.079010  3.456088 3.46
201 2.338732 -1.057776  3.396509 3.40
202 2.301032 -1.041280  3.342311 3.34
203 2.263973 -1.030386  3.294359 3.29
204 2.227553 -1.025109  3.252662 3.25
205 2.191758 -1.025015  3.216773 3.22
206 2.156565 -1.029618  3.186183 3.19
207 2.121935 -1.038602  3.160536 3.16
208 2.087819 -1.051827  3.139645 3.14
209 2.054164 -1.069186  3.123350 3.12
210 2.020919 -1.090416  3.111336 3.11
211 1.988039 -1.114933  3.102972 3.10
212 1.955489 -1.141751  3.097240 3.10
213 1.923250 -1.169489  3.092739 3.09
214 1.891322 -1.196465  3.087787 3.09
215 1.859728 -1.220871  3.080599 3.08
216 1.828509 -1.240996  3.069505 3.07
217 1.797720 -1.255436  3.053156 3.05
218 1.767425 -1.263217  3.030642 3.03
219 1.737692 -1.263809  3.001501 3.00
220 1.708604 -1.257062  2.965667 2.97
221 1.680253 -1.243203  2.923456 2.92
222 1.652733 -1.222932  2.875665 2.88
223 1.626118 -1.197553  2.823671 2.82
224 1.600448 -1.168924  2.769372 2.77
225 1.575735 -1.139140  2.714874 2.71
226 1.551983 -1.110095  2.662078 2.66
227 1.529204 -1.083262  2.612466 2.61
228 1.507412 -1.059841  2.567253 2.57
229 1.486600 -1.041160  2.527760 2.53
230 1.466720 -1.028944  2.495664 2.50
231 1.447687 -1.025225  2.472912 2.47
232 1.429388 -1.031897  2.461286 2.46
233 1.411707 -1.050123  2.461830 2.46
234 1.394539 -1.079858  2.474397 2.47
235 1.377810 -1.119688  2.497498 2.50
236 1.361472 -1.167010  2.528482 2.53
237 1.345502 -1.218464  2.563967 2.56
238 1.329895 -1.270459  2.600354 2.60
239 1.314661 -1.319638  2.634300 2.63
240 1.299821 -1.363250  2.663071 2.66
241 1.285404 -1.399375  2.684779 2.68
242 1.271445 -1.427051  2.698495 2.70
243 1.257976 -1.446279  2.704255 2.70
244 1.245021 -1.457925  2.702945 2.70
245 1.232591 -1.463466  2.696057 2.70
246 1.220687 -1.464620  2.685307 2.69
247 1.209304 -1.462903  2.672207 2.67
248 1.198448 -1.459255  2.657703 2.66
249 1.188140 -1.453914  2.642054 2.64
250 1.178419 -1.446582  2.625001 2.63
251 1.169328 -1.436842  2.606170 2.61
252 1.160907 -1.424651  2.585558 2.59
253 1.153177 -1.410744  2.563920 2.56
254 1.146128 -1.396751  2.542879 2.54
255 1.139710 -1.384888  2.524599 2.52
256 1.133856 -1.377192  2.511049 2.51
257 1.128515 -1.374588  2.503103 2.50
258 1.123687 -1.376318  2.500005 2.50
259 1.119423 -1.380137  2.499560 2.50
260 1.115787 -1.383185  2.498972 2.50
261 1.112815 -1.382973  2.495788 2.50
262 1.110509 -1.377957  2.488466 2.49
263 1.108850 -1.367560  2.476410 2.48
264 1.107823 -1.351855  2.459678 2.46
265 1.107430 -1.331280  2.438710 2.44
266 1.107693 -1.306591  2.414284 2.41
267 1.108636 -1.279072  2.387709 2.39
268 1.110273 -1.250824  2.361097 2.36
269 1.112589 -1.224863  2.337452 2.34
270 1.115546 -1.204867  2.320413 2.32
271 1.119089 -1.194522  2.313611 2.31
272 1.123175 -1.196622  2.319797 2.32
273 1.127800 -1.212259  2.340059 2.34
274 1.133006 -1.240468  2.373473 2.37
275 1.138871 -1.278491  2.417362 2.42
276 1.145480 -1.322550  2.468030 2.47
277 1.152890 -1.368758  2.521648 2.52
278 1.161122 -1.413829  2.574952 2.57
279 1.170166 -1.455428  2.625594 2.63
280 1.179984 -1.492183  2.672167 2.67
281 1.190530 -1.523492  2.714021 2.71
282 1.201756 -1.549247  2.751003 2.75
283 1.213619 -1.569579  2.783199 2.78
284 1.226081 -1.584666  2.810747 2.81
285 1.239111 -1.594627  2.833738 2.83
286 1.252683 -1.599511  2.852193 2.85
287 1.266775 -1.599333  2.866108 2.87
288 1.281365 -1.594165  2.875530 2.88
289 1.296432 -1.584211  2.880643 2.88
290 1.311952 -1.569864  2.881816 2.88
291 1.327899 -1.551706  2.879605 2.88
292 1.344252 -1.530460  2.874712 2.87
293 1.360995 -1.506924  2.867919 2.87
294 1.378118 -1.481916  2.860034 2.86
295 1.395622 -1.456251  2.851873 2.85
296 1.413516 -1.430778  2.844294 2.84
297 1.431818 -1.406478  2.838297 2.84
298 1.450552 -1.384614  2.835166 2.84
299 1.469721 -1.366802  2.836523 2.84
300 1.489298 -1.354717  2.844015 2.84
301 1.509239 -1.349218  2.858458 2.86
302 1.529550 -1.349199  2.878749 2.88
303 1.550323 -1.351100  2.901423 2.90
304 1.571700 -1.349812  2.921513 2.92
305 1.593788 -1.340660  2.934449 2.93
306 1.616596 -1.321386  2.937983 2.94
307 1.640041 -1.293233  2.933274 2.93
308 1.663972 -1.260807  2.924779 2.92
309 1.688217 -1.230753  2.918970 2.92
310 1.712643 -1.209542  2.922185 2.92
311 1.737241 -1.201185  2.938426 2.94
312 1.762145 -1.205981  2.968126 2.97
313 1.787576 -1.220962  3.008538 3.01
314 1.813724 -1.241572  3.055296 3.06
315 1.840688 -1.263459  3.104146 3.10
316 1.868468 -1.283565  3.152033 3.15
317 1.897003 -1.300395  3.197398 3.20
318 1.926202 -1.313734  3.239936 3.24
319 1.955968 -1.324114  3.280082 3.28
320 1.986211 -1.332198  3.318409 3.32
321 2.016858 -1.338185  3.355043 3.36
322 2.047863 -1.341420  3.389283 3.39
323 2.079196 -1.340339  3.419535 3.42
324 2.110835 -1.332773  3.443608 3.44
325 2.142743 -1.316526  3.459269 3.46
326 2.174866 -1.290009  3.464875 3.46
327 2.207130 -1.252800  3.459930 3.46
328 2.239451 -1.206021  3.445472 3.45
329 2.271744 -1.152476  3.424221 3.42
330 2.303928 -1.096475  3.400403 3.40
331 2.335933 -1.043243  3.379176 3.38
332 2.367716 -0.997899  3.365615 3.37
333 2.399287 -0.964156  3.363443 3.36
334 2.430734 -0.943240  3.373974 3.37
335 2.462217 -0.933587  3.395803 3.40
336 2.493918 -0.931534  3.425452 3.43
337 2.525982 -0.932696  3.458678 3.46
338 2.558478 -0.933394  3.491872 3.49
339 2.591406 -0.931700  3.523106 3.52
340 2.624712 -0.927921  3.552633 3.55
341 2.658308 -0.924526  3.582834 3.58
342 2.692085 -0.925461  3.617546 3.62
343 2.725941 -0.934843  3.660784 3.66
344 2.759832 -0.955346  3.715178 3.72
345 2.793807 -0.987015  3.780822 3.78
346 2.827987 -1.027277  3.855265 3.86
347 2.862476 -1.072152  3.934628 3.93
348 2.897269 -1.117746  4.015015 4.02
349 2.932244 -1.160968  4.093211 4.09
350 2.967207 -1.199142  4.166349 4.17
351 3.001975 -1.229117  4.231093 4.23
352 3.036401 -1.246769  4.283170 4.28
353 3.070354 -1.247288  4.317642 4.32
354 3.103696 -1.226024  4.329721 4.33
355 3.136291 -1.179451  4.315742 4.32
356 3.168033 -1.106155  4.274188 4.27
357 3.198872 -1.008013  4.206884 4.21
358 3.228771 -0.891479  4.120250 4.12
359 3.257614 -0.768077  4.025690 4.03
360 3.285166 -0.652569  3.937734 3.94
361 3.311244 -0.558332  3.869576 3.87
362 3.335981 -0.492445  3.828426 3.83
363 3.359828 -0.454387  3.814215 3.81
364 3.383274 -0.439091  3.822365 3.82
365 3.406605 -0.441203  3.847808 3.85
366 3.429879 -0.457487  3.887366 3.89
367 3.453026 -0.486795  3.939821 3.94
368 3.475950 -0.528662  4.004612 4.00
369 3.498580 -0.581796  4.080377 4.08
370 3.520879 -0.643207  4.164086 4.16
371 3.542818 -0.708175  4.250993 4.25
372 3.564343 -0.770861  4.335204 4.34
373 3.585357 -0.825126  4.410483 4.41
374 3.605714 -0.865226  4.470939 4.47
375 3.625229 -0.886144  4.511373 4.51
376 3.643704 -0.883530  4.527234 4.53
377 3.660944 -0.853296  4.514240 4.51
378 3.676817 -0.791047  4.467864 4.47
379 3.691373 -0.692036  4.383409 4.38
380 3.705094 -0.553412  4.258506 4.26
381 3.718978 -0.381770  4.100748 4.10
382 3.733516 -0.205435  3.938951 3.94
383 3.746708 -0.075465  3.822172 3.82
384 3.755782 -0.032494  3.788276 3.79
385 3.762070 -0.066931  3.829002 3.83
386 3.768877 -0.132343  3.901220 3.90
387 3.777116 -0.188694  3.965810 3.97
388 3.786074 -0.219621  4.005695 4.01
389 3.795054 -0.226461  4.021515 4.02
390 3.803658 -0.219814  4.023473 4.02
391 3.811605 -0.214039  4.025644 4.03
392 3.818654 -0.222929  4.041583 4.04
393 3.824662 -0.255827  4.080488 4.08
394 3.829641 -0.315219  4.144859 4.14
395 3.833713 -0.396913  4.230626 4.23
396 3.836990 -0.492369  4.329359 4.33
397 3.839481 -0.591636  4.431117 4.43
398 3.841094 -0.685535  4.526628 4.53
399 3.841677 -0.766755  4.608432 4.61
400 3.841074 -0.830178  4.671252 4.67
401 3.839153 -0.872849  4.712002 4.71
402 3.835830 -0.893812  4.729641 4.73
403 3.831071 -0.893943  4.725014 4.73
404 3.824892 -0.875797  4.700690 4.70
405 3.817331 -0.843364  4.660695 4.66
406 3.808440 -0.801578  4.610018 4.61
407 3.798284 -0.755603  4.553887 4.55
408 3.786938 -0.710083  4.497021 4.50
409 3.774482 -0.668564  4.443046 4.44
410 3.761009 -0.633174  4.394183 4.39
411 3.746648 -0.604803  4.351451 4.35
412 3.731519 -0.583971  4.315491 4.32
413 3.715657 -0.571805  4.287462 4.29
414 3.698986 -0.570014  4.269000 4.27
415 3.681405 -0.579693  4.261098 4.26
416 3.662867 -0.600080  4.262947 4.26
417 3.643372 -0.628357  4.271729 4.27
418 3.622919 -0.660302  4.283221 4.28
419 3.601490 -0.690987  4.292477 4.29
420 3.579087 -0.715116  4.294203 4.29
421 3.555786 -0.727319  4.283105 4.28
422 3.531782 -0.722940  4.254723 4.25
423 3.507416 -0.699838  4.207253 4.21
424 3.483078 -0.661302  4.144379 4.14
425 3.458899 -0.618652  4.077550 4.08
426 3.434410 -0.589648  4.024058 4.02
427 3.408822 -0.589657  3.998479 4.00
428 3.381897 -0.620931  4.002828 4.00
429 3.354103 -0.671344  4.025447 4.03
430 3.325896 -0.723596  4.049492 4.05
431 3.297343 -0.764193  4.061536 4.06
432 3.268353 -0.785870  4.054223 4.05
433 3.238928 -0.785883  4.024811 4.02
434 3.209231 -0.764094  3.973325 3.97
435 3.179557 -0.722459  3.902016 3.90
436 3.150253 -0.665861  3.816114 3.82
437 3.121573 -0.603420  3.724992 3.72
438 3.093494 -0.548627  3.642122 3.64
439 3.065670 -0.516550  3.582221 3.58
440 3.037660 -0.518347  3.556008 3.56
441 3.009243 -0.556733  3.565976 3.57
442 2.980423 -0.626178  3.606602 3.61
443 2.951193 -0.717090  3.668283 3.67
444 2.921410 -0.819890  3.741301 3.74
445 2.890873 -0.926611  3.817484 3.82
446 2.859435 -1.030694  3.890129 3.89
447 2.827046 -1.126613  3.953659 3.95
448 2.793727 -1.209985  4.003712 4.00
449 2.759536 -1.277903  4.037439 4.04
450 2.724549 -1.329063  4.053612 4.05
451 2.688860 -1.363512  4.052371 4.05
452 2.652584 -1.382155  4.034740 4.03
453 2.615863 -1.386221  4.002084 4.00
454 2.578862 -1.376853  3.955715 3.96
455 2.541774 -1.354950  3.896724 3.90
456 2.504816 -1.321293  3.826109 3.83
457 2.468217 -1.276931  3.745148 3.75
458 2.432200 -1.223685  3.655885 3.66
459 2.396948 -1.164563  3.561511 3.56
460 2.362576 -1.103808  3.466384 3.47
461 2.329117 -1.046415  3.375532 3.38
462 2.296532 -0.997144  3.293676 3.29
463 2.264755 -0.959430  3.224185 3.22
464 2.233723 -0.934743  3.168466 3.17
465 2.203383 -0.922681  3.126064 3.13
466 2.173675 -0.921574  3.095249 3.10
467 2.144531 -0.929125  3.073656 3.07
468 2.115895 -0.942853  3.058749 3.06
469 2.087732 -0.960420  3.048151 3.05
470 2.060026 -0.979943  3.039969 3.04
471 2.032773 -1.000310  3.033083 3.03
472 2.005958 -1.021350  3.027308 3.03
473 1.979548 -1.043742  3.023289 3.02
474 1.953487 -1.068621  3.022108 3.02
475 1.927707 -1.096956  3.024663 3.02
476 1.902149 -1.128922  3.031071 3.03
477 1.876783 -1.163554  3.040338 3.04
478 1.851610 -1.198840  3.050450 3.05
479 1.826653 -1.232162  3.058814 3.06
480 1.801953 -1.260861  3.062815 3.06
481 1.777566 -1.282724  3.060290 3.06
482 1.753557 -1.296306  3.049863 3.05
483 1.730006 -1.301145  3.031151 3.03
484 1.706991 -1.297890  3.004881 3.00
485 1.684578 -1.288327  2.972904 2.97
486 1.662797 -1.275208  2.938005 2.94
487 1.641635 -1.261765  2.903400 2.90
488 1.621049 -1.250911  2.871960 2.87
489 1.600995 -1.244393  2.845388 2.85
490 1.581462 -1.242300  2.823761 2.82
491 1.562471 -1.243225  2.805696 2.81
492 1.544061 -1.244976  2.789037 2.79
493 1.526266 -1.245403  2.771669 2.77
494 1.509106 -1.242956  2.752062 2.75
495 1.492593 -1.236868  2.729460 2.73
496 1.476740 -1.227055  2.703795 2.70
497 1.461563 -1.213946  2.675509 2.68
498 1.447081 -1.198324  2.645405 2.65
499 1.433309 -1.181247  2.614556 2.61
500 1.420254 -1.163978  2.584232 2.58
501 1.407911 -1.147906  2.555817 2.56
502 1.396265 -1.134396  2.530662 2.53
503 1.385292 -1.124606  2.509898 2.51
504 1.374965 -1.119291  2.494255 2.49
505 1.365264 -1.118672  2.483936 2.48
506 1.356175 -1.122425  2.478600 2.48
507 1.347696 -1.129786  2.477482 2.48
508 1.339827 -1.139767  2.479594 2.48
509 1.332569 -1.151399  2.483969 2.48
510 1.325922 -1.163924  2.489847 2.49
511 1.319876 -1.176879  2.496755 2.50
512 1.314417 -1.190045  2.504462 2.50
513 1.309527 -1.203290  2.512817 2.51
514 1.305195 -1.216375  2.521570 2.52
515 1.301419 -1.228831  2.530250 2.53
516 1.298208 -1.239968  2.538177 2.54
517 1.295578 -1.249027  2.544606 2.54
518 1.293546 -1.255411  2.548956 2.55
519 1.292121 -1.258913  2.551034 2.55
520 1.291309 -1.259866  2.551175 2.55
521 1.291105 -1.259174  2.550279 2.55
522 1.291495 -1.258216  2.549712 2.55
523 1.292460 -1.258632  2.551092 2.55
524 1.293975 -1.262011  2.555987 2.56
525 1.296022 -1.269533  2.565555 2.57
526 1.298595 -1.281673  2.580268 2.58
527 1.301713 -1.298113  2.599826 2.60
528 1.305415 -1.317983  2.623397 2.62
529 1.309741 -1.340396  2.650137 2.65
530 1.314710 -1.365028  2.679738 2.68
531 1.320296 -1.392360  2.712655 2.71
532 1.326433 -1.423324  2.749758 2.75
533 1.333060 -1.458441  2.791501 2.79
534 1.340156 -1.496976  2.837132 2.84
535 1.347753 -1.536721  2.884474 2.88
536 1.355907 -1.574585  2.930491 2.93
537 1.364646 -1.607590  2.972236 2.97
538 1.373957 -1.633689  3.007646 3.01
539 1.383792 -1.652096  3.035887 3.04
540 1.394085 -1.663170  3.057255 3.06
541 1.404773 -1.668045  3.072818 3.07
542 1.415801 -1.668189  3.083990 3.08
543 1.427131 -1.665031  3.092162 3.09
544 1.438741 -1.659703  3.098444 3.10
545 1.450625 -1.652937  3.103561 3.10
546 1.462783 -1.645101  3.107884 3.11
547 1.475222 -1.636324  3.111546 3.11
548 1.487947 -1.626660  3.114607 3.11
549 1.500958 -1.616222  3.117180 3.12
550 1.514249 -1.605247  3.119496 3.12
551 1.527809 -1.594061  3.121870 3.12
552 1.541625 -1.582944  3.124569 3.12
553 1.555688 -1.571963  3.127651 3.13
554 1.570006 -1.560869  3.130875 3.13
555 1.584599 -1.549189  3.133788 3.13
556 1.599500 -1.536556  3.136057 3.14
557 1.614735 -1.523195  3.137930 3.14
558 1.630302 -1.510315  3.140617 3.14
559 1.646164 -1.500098  3.146262 3.15
560 1.662257 -1.495062  3.157320 3.16
561 1.678536 -1.496993  3.175529 3.18
562 1.695010 -1.505994  3.201005 3.20
563 1.711743 -1.520274  3.232018 3.23
564 1.728809 -1.536757  3.265566 3.27
565 1.746247 -1.552053  3.298300 3.30
566 1.764049 -1.563240  3.327289 3.33
567 1.782173 -1.568233  3.350406 3.35
568 1.800562 -1.565848  3.366410 3.37
569 1.819154 -1.555719  3.374874 3.37
570 1.837896 -1.538193  3.376089 3.38
571 1.856736 -1.514206  3.370942 3.37
572 1.875634 -1.485155  3.360789 3.36
573 1.894561 -1.452742  3.347303 3.35
574 1.913498 -1.418813  3.332311 3.33
575 1.932440 -1.385186  3.317626 3.32
576 1.951394 -1.353504  3.304898 3.30
577 1.970382 -1.325148  3.295530 3.30
578 1.989437 -1.301231  3.290668 3.29
579 2.008593 -1.282675  3.291268 3.29
580 2.027878 -1.270259  3.298138 3.30
581 2.047308 -1.264549  3.311857 3.31
582 2.066887 -1.265637  3.332524 3.33
583 2.086621 -1.272777  3.359398 3.36
584 2.106525 -1.284098  3.390623 3.39
585 2.126630 -1.296621  3.423251 3.42
586 2.146969 -1.306711  3.453680 3.45
587 2.167559 -1.310866  3.478425 3.48
588 2.188380 -1.306560  3.494940 3.49
589 2.209373 -1.292807  3.502180 3.50
590 2.230450 -1.270263  3.500713 3.50
591 2.251514 -1.240865  3.492379 3.49
592 2.272488 -1.207175  3.479663 3.48
593 2.293337 -1.171740  3.465077 3.47
594 2.314073 -1.136748  3.450820 3.45
595 2.334738 -1.104118  3.438856 3.44
596 2.355375 -1.075833  3.431208 3.43
597 2.376005 -1.054150  3.430156 3.43
598 2.396625 -1.041392  3.438017 3.44
599 2.417229 -1.039315  3.456544 3.46
600 2.437842 -1.048403  3.486245 3.49
601 2.458521 -1.067523  3.526044 3.53
602 2.479341 -1.094180  3.573521 3.57
603 2.500363 -1.125268  3.625632 3.63
604 2.521604 -1.157944  3.679549 3.68
605 2.543027 -1.190238  3.733265 3.73
606 2.564553 -1.221201  3.785754 3.79
607 2.586083 -1.250639  3.836722 3.84
608 2.607518 -1.278625  3.886143 3.89
609 2.628776 -1.305047  3.933823 3.93
610 2.649793 -1.329382  3.979174 3.98
611 2.670510 -1.350714  4.021224 4.02
612 2.690871 -1.367914  4.058785 4.06
613 2.710812 -1.379838  4.090651 4.09
614 2.730265 -1.385465  4.115730 4.12
615 2.749161 -1.383954  4.133115 4.13
616 2.767442 -1.374658  4.142101 4.14
617 2.785059 -1.357148  4.142207 4.14
618 2.801977 -1.331242  4.133219 4.13
619 2.818173 -1.297068  4.115241 4.12
620 2.833638 -1.255111  4.088749 4.09
621 2.848370 -1.206225  4.054595 4.05
622 2.862380 -1.151578  4.013958 4.01
623 2.875686 -1.092528  3.968214 3.97
624 2.888320 -1.030454  3.918774 3.92
625 2.900331 -0.966624  3.866955 3.87
626 2.911784 -0.902176  3.813960 3.81
627 2.922757 -0.838267  3.761024 3.76
628 2.933327 -0.776334  3.709660 3.71
629 2.943558 -0.718317  3.661875 3.66
630 2.953497 -0.666696  3.620193 3.62
631 2.963179 -0.624279  3.587459 3.59
632 2.972632 -0.593823  3.566455 3.57
633 2.981875 -0.577570  3.559444 3.56
634 2.990921 -0.576764  3.567684 3.57
635 2.999782 -0.591184  3.590967 3.59
636 3.008487 -0.618885  3.627372 3.63
637 3.017077 -0.656374  3.673450 3.67
638 3.025587 -0.699272  3.724859 3.72
639 3.034022 -0.743205  3.777227 3.78
640 3.042344 -0.784506  3.826850 3.83
641 3.050477 -0.820506  3.870983 3.87
642 3.058333 -0.849426  3.907759 3.91
643 3.065834 -0.870083  3.935917 3.94
644 3.072925 -0.881641  3.954566 3.95
645 3.079577 -0.883579  3.963156 3.96
646 3.085788 -0.875892  3.961680 3.96
647 3.091563 -0.859444  3.951007 3.95
648 3.096889 -0.836194  3.933083 3.93
649 3.101713 -0.808946  3.910660 3.91
650 3.105969 -0.780394  3.886363 3.89
651 3.109635 -0.751852  3.861487 3.86
652 3.112792 -0.722608  3.835399 3.84
653 3.115598 -0.690662  3.806260 3.81
654 3.118208 -0.654559  3.772767 3.77
655 3.120697 -0.615135  3.735832 3.74
656 3.123046 -0.576103  3.699148 3.70
657 3.125168 -0.543183  3.668352 3.67
658 3.126980 -0.522301  3.649281 3.65
659 3.128444 -0.517790  3.646235 3.65
660 3.129577 -0.531429  3.661005 3.66
661 3.130412 -0.562456  3.692868 3.69
662 3.130967 -0.608163  3.739130 3.74
663 3.131235 -0.664574  3.795808 3.80
664 3.131201 -0.727086  3.858286 3.86
665 3.130843 -0.791199  3.922043 3.92
666 3.130123 -0.853266  3.983389 3.98
667 3.128966 -0.911028  4.039995 4.04
668 3.127265 -0.963661  4.090925 4.09
669 3.124891 -1.011245  4.136136 4.14
670 3.121728 -1.053879  4.175606 4.18
671 3.117701 -1.090847  4.208548 4.21
672 3.112795 -1.120329  4.233124 4.23
673 3.107036 -1.139781  4.246816 4.25
674 3.100476 -1.146762  4.247238 4.25
675 3.093187 -1.139875  4.233062 4.23
676 3.085251 -1.119579  4.204830 4.20
677 3.076742 -1.088744  4.165486 4.17
678 3.067687 -1.052677  4.120364 4.12
679 3.058038 -1.018247  4.076285 4.08
680 3.047700 -0.992001  4.039702 4.04
681 3.036608 -0.977925  4.014533 4.01
682 3.024788 -0.976060  4.000848 4.00
683 3.012344 -0.982843  3.995187 4.00
684 2.999401 -0.992826  3.992226 3.99
685 2.986056 -1.000763  3.986819 3.99
686 2.972363 -1.003167  3.975530 3.98
687 2.958339 -0.998952  3.957291 3.96
688 2.943970 -0.989210  3.933180 3.93
689 2.929235 -0.976350  3.905585 3.91
690 2.914128 -0.963035  3.877163 3.88
691 2.898677 -0.951403  3.850080 3.85
692 2.882938 -0.942902  3.825840 3.83
693 2.866962 -0.938652  3.805614 3.81
694 2.850762 -0.939890  3.790652 3.79
695 2.834304 -0.948056  3.782360 3.78
696 2.817516 -0.964361  3.781877 3.78
697 2.800333 -0.989093  3.789426 3.79
698 2.782719 -1.021184  3.803903 3.80
699 2.764675 -1.058356  3.823031 3.82
700 2.746217 -1.097838  3.844056 3.84
701 2.727358 -1.137243  3.864601 3.86
702 2.708086 -1.175210  3.883296 3.88
703 2.688361 -1.211549  3.899910 3.90
704 2.668122 -1.246850  3.914972 3.91
705 2.647306 -1.281725  3.929031 3.93
706 2.625876 -1.316044  3.941920 3.94
707 2.603835 -1.348563  3.952398 3.95
708 2.581232 -1.377149  3.958381 3.96
709 2.558132 -1.399447  3.957579 3.96
710 2.534604 -1.413598  3.948202 3.95
711 2.510714 -1.418697  3.929412 3.93
712 2.486529 -1.414888  3.901417 3.90
713 2.462116 -1.403175  3.865291 3.87
714 2.437546 -1.385113  3.822660 3.82
715 2.412895 -1.362480  3.775375 3.78
716 2.388238 -1.337038  3.725276 3.73
717 2.363645 -1.310412  3.674057 3.67
718 2.339181 -1.284045  3.623225 3.62
719 2.314892 -1.259207  3.574099 3.57
720 2.290816 -1.236983  3.527799 3.53
721 2.266974 -1.218246  3.485220 3.49
722 2.243379 -1.203620  3.446999 3.45
723 2.220035 -1.193466  3.413501 3.41
724 2.196935 -1.187862  3.384798 3.38
725 2.174063 -1.186549  3.360612 3.36
726 2.151400 -1.188824  3.340224 3.34
727 2.128938 -1.193460  3.322397 3.32
728 2.106684 -1.198727  3.305411 3.31
729 2.084666 -1.202589  3.287255 3.29
730 2.062929 -1.203010  3.265939 3.27
731 2.041534 -1.198326  3.239860 3.24
732 2.020556 -1.187630  3.208187 3.21
733 2.000077 -1.171154  3.171231 3.17
734 1.980160 -1.150564  3.130724 3.13
735 1.960825 -1.128983  3.089808 3.09
736 1.942031 -1.110500  3.052531 3.05
737 1.923688 -1.099123  3.022811 3.02
738 1.905698 -1.097474  3.003172 3.00
739 1.888008 -1.105833  2.993841 2.99
740 1.870621 -1.122091  2.992712 2.99
741 1.853580 -1.142648  2.996228 3.00
742 1.836930 -1.163737  3.000667 3.00
743 1.820691 -1.182513  3.003204 3.00
744 1.804862 -1.197531  3.002393 3.00
745 1.789433 -1.208651  2.998084 3.00
746 1.774387 -1.216628  2.991015 2.99
747 1.759712 -1.222587  2.982299 2.98
748 1.745399 -1.227561  2.972959 2.97
749 1.731444 -1.232145  2.963589 2.96
750 1.717857 -1.236345  2.954202 2.95
751 1.704660 -1.239635  2.944295 2.94
752 1.691890 -1.241225  2.933116 2.93
753 1.679586 -1.240468  2.920054 2.92
754 1.667780 -1.237261  2.905041 2.91
755 1.656486 -1.232287  2.888773 2.89
756 1.645691 -1.226963  2.872653 2.87
757 1.635365 -1.223064  2.858428 2.86
758 1.625472 -1.222173  2.847645 2.85
759 1.615986 -1.225173  2.841160 2.84
760 1.606899 -1.231983  2.838882 2.84
761 1.598216 -1.241605  2.839821 2.84
762 1.589952 -1.252409  2.842361 2.84
763 1.582124 -1.262518  2.844642 2.84
764 1.574750 -1.270173  2.844923 2.84
765 1.567844 -1.274011  2.841855 2.84
766 1.561418 -1.273223  2.834641 2.83
767 1.555479 -1.267588  2.823067 2.82
768 1.550029 -1.257400  2.807430 2.81
769 1.545070 -1.243303  2.788373 2.79
770 1.540601 -1.226081  2.766682 2.77
771 1.536627 -1.206473  2.743100 2.74
772 1.533163 -1.185071  2.718234 2.72
773 1.530238 -1.162388  2.692626 2.69
774 1.527891 -1.139121  2.667012 2.67
775 1.526162 -1.116585  2.642747 2.64
776 1.525068 -1.097146  2.622214 2.62
777 1.524573 -1.084289  2.608861 2.61
778 1.524581 -1.081952  2.606533 2.61
779 1.524993 -1.093124  2.618117 2.62
780 1.525776 -1.118430  2.644206 2.64
781 1.526990 -1.155718  2.682708 2.68
782 1.528733 -1.200962  2.729695 2.73
783 1.531067 -1.249775  2.780842 2.78
784 1.533993 -1.298520  2.832513 2.83
785 1.537468 -1.344621  2.882089 2.88
786 1.541437 -1.386294  2.927731 2.93
787 1.545850 -1.422112  2.967962 2.97
788 1.550675 -1.450684  3.001359 3.00
789 1.555891 -1.470566  3.026456 3.03
790 1.561492 -1.480381  3.041873 3.04
791 1.567480 -1.479125  3.046605 3.05
792 1.573861 -1.466557  3.040418 3.04
793 1.580633 -1.443593  3.024226 3.02
794 1.587779 -1.412521  3.000301 3.00
795 1.595254 -1.376847  2.972101 2.97
796 1.603002 -1.340654  2.943657 2.94
797 1.610988 -1.307690  2.918678 2.92
798 1.619224 -1.280628  2.899853 2.90
799 1.627762 -1.260917  2.888679 2.89
800 1.636655 -1.249109  2.885764 2.89
801 1.645930 -1.245238  2.891168 2.89
802 1.655595 -1.248879  2.904474 2.90
803 1.665660 -1.258984  2.924644 2.92
804 1.676150 -1.273786  2.949936 2.95
805 1.687099 -1.290979  2.978078 2.98
806 1.698531 -1.308129  3.006660 3.01
807 1.710453 -1.323096  3.033549 3.03
808 1.722852 -1.334341  3.057192 3.06
809 1.735699 -1.341056  3.076755 3.08
810 1.748957 -1.343152  3.092109 3.09
811 1.762583 -1.341115  3.103699 3.10
812 1.776536 -1.335778  3.112314 3.11
813 1.790779 -1.328030  3.118810 3.12
814 1.805287 -1.318552  3.123839 3.12
815 1.820049 -1.307638  3.127687 3.13
816 1.835065 -1.295177  3.130242 3.13
817 1.850340 -1.280752  3.131092 3.13
818 1.865876 -1.263824  3.129700 3.13
819 1.881672 -1.243897  3.125569 3.13
820 1.897720 -1.220637  3.118357 3.12
821 1.914007 -1.193918  3.107925 3.11
822 1.930522 -1.163816  3.094338 3.09
823 1.947255 -1.130580  3.077835 3.08
824 1.964211 -1.094646  3.058857 3.06
825 1.981407 -1.056782  3.038189 3.04
826 1.998870 -1.018358  3.017228 3.02
827 2.016625 -0.981687  2.998312 3.00
828 2.034673 -0.950170  2.984843 2.98
829 2.052987 -0.927942  2.980929 2.98
830 2.071533 -0.918846  2.990378 2.99
831 2.090321 -0.925071  3.015392 3.02
832 2.109447 -0.946224  3.055671 3.06
833 2.129058 -0.979475  3.108533 3.11
834 2.149294 -1.020649  3.169943 3.17
835 2.170226 -1.065544  3.235770 3.24
836 2.191849 -1.110793  3.302641 3.30
837 2.214110 -1.154133  3.368243 3.37
838 2.236930 -1.194284  3.431214 3.43
839 2.260221 -1.230678  3.490898 3.49
840 2.283889 -1.263171  3.547060 3.55
841 2.307844 -1.291762  3.599607 3.60
842 2.331998 -1.316327  3.648325 3.65
843 2.356272 -1.336419  3.692691 3.69
844 2.380600 -1.351204  3.731804 3.73
845 2.404922 -1.359577  3.764499 3.76
846 2.429182 -1.360409  3.789590 3.79
847 2.453318 -1.352856  3.806174 3.81
848 2.477272 -1.336638  3.813910 3.81
849 2.500984 -1.312233  3.813217 3.81
850 2.524401 -1.280977  3.805378 3.81
851 2.547479 -1.245041  3.792520 3.79
852 2.570182 -1.207266  3.777447 3.78
853 2.592491 -1.170868  3.763359 3.76
854 2.614407 -1.139073  3.753480 3.75
855 2.635948 -1.114770  3.750718 3.75
856 2.657143 -1.100226  3.757369 3.76
857 2.678021 -1.096834  3.774855 3.77
858 2.698607 -1.104839  3.803446 3.80
859 2.718923 -1.123100  3.842023 3.84
860 2.738993 -1.149021  3.888014 3.89
861 2.758836 -1.178781  3.937617 3.94
862 2.778453 -1.207849  3.986302 3.99
863 2.797819 -1.231647  4.029467 4.03
864 2.816887 -1.246221  4.063108 4.06
865 2.835593 -1.248808  4.084400 4.08
866 2.853866 -1.238287  4.092153 4.09
867 2.871634 -1.215444  4.087078 4.09
868 2.888813 -1.182920  4.071733 4.07
869 2.905325 -1.144700  4.050025 4.05
870 2.921119 -1.105244  4.026363 4.03
871 2.936202 -1.068664  4.004866 4.00
872 2.950625 -1.038376  3.989000 3.99
873 2.964435 -1.017161  3.981596 3.98
874 2.977640 -1.007152  3.984792 3.98
875 2.990219 -1.009327  3.999546 4.00
876 3.002162 -1.022747  4.024909 4.02
877 3.013519 -1.044233  4.057752 4.06
878 3.024376 -1.069100  4.093476 4.09
879 3.034787 -1.092724  4.127511 4.13
880 3.044716 -1.111920  4.156636 4.16
881 3.054057 -1.125262  4.179320 4.18
882 3.062699 -1.132431  4.195130 4.20
883 3.070573 -1.133352  4.203925 4.20
884 3.077664 -1.127784  4.205448 4.21
885 3.083980 -1.115440  4.199419 4.20
886 3.089531 -1.096310  4.185841 4.19
887 3.094323 -1.070868  4.165191 4.17
888 3.098364 -1.040041  4.138404 4.14
889 3.101673 -1.005033  4.106706 4.11
890 3.104288 -0.967161  4.071450 4.07
891 3.106260 -0.927805  4.034065 4.03
892 3.107643 -0.888468  3.996110 4.00
893 3.108481 -0.850835  3.959316 3.96
894 3.108804 -0.816691  3.925495 3.93
895 3.108631 -0.787659  3.896290 3.90
896 3.107978 -0.764858  3.872836 3.87
897 3.106865 -0.748607  3.855472 3.86
898 3.105327 -0.738348  3.843675 3.84
899 3.103414 -0.732876  3.836290 3.84
900 3.101184 -0.730898  3.832082 3.83
901 3.098677 -0.731748  3.830425 3.83
902 3.095888 -0.735876  3.831764 3.83
903 3.092755 -0.744717  3.837472 3.84
904 3.089186 -0.759834  3.849020 3.85
905 3.085107 -0.781741  3.866848 3.87
906 3.080489 -0.809106  3.889596 3.89
907 3.075337 -0.838715  3.914052 3.91
908 3.069668 -0.866022  3.935690 3.94
909 3.063508 -0.885943  3.949451 3.95
910 3.056897 -0.893647  3.950544 3.95
911 3.049897 -0.885314  3.935211 3.94
912 3.042596 -0.858864  3.901460 3.90
913 3.035100 -0.814604  3.849704 3.85
914 3.027509 -0.755670  3.783179 3.78
915 3.019890 -0.688033  3.707923 3.71
916 3.012253 -0.619820  3.632073 3.63
917 3.004557 -0.559890  3.564447 3.56
918 2.996742 -0.515977  3.512719 3.51
919 2.988768 -0.493058  3.481825 3.48
920 2.980634 -0.492521  3.473155 3.47
921 2.972381 -0.512425  3.484805 3.48
922 2.964073 -0.548725  3.512798 3.51
923 2.955753 -0.597041  3.552794 3.55
924 2.947393 -0.654196  3.601589 3.60
925 2.938876 -0.718765  3.657641 3.66
926 2.930034 -0.790431  3.720465 3.72
927 2.920714 -0.868706  3.789420 3.79
928 2.910810 -0.951928  3.862738 3.86
929 2.900264 -1.037058  3.937322 3.94
930 2.889032 -1.120181  4.009212 4.01
931 2.877064 -1.197223  4.074287 4.07
932 2.864311 -1.264505  4.128816 4.13
933 2.850725 -1.318985  4.169710 4.17
934 2.836284 -1.358265  4.194549 4.19
935 2.820999 -1.380512  4.201510 4.20
936 2.804927 -1.384412  4.189339 4.19
937 2.788179 -1.369299  4.157478 4.16
938 2.770928 -1.335554  4.106482 4.11
939 2.753399 -1.285377  4.038776 4.04
940 2.735823 -1.223854  3.959677 3.96
941 2.718333 -1.159764  3.878097 3.88
942 2.700836 -1.104949  3.805785 3.81
943 2.683025 -1.071069  3.754095 3.75
944 2.664626 -1.064570  3.729196 3.73
945 2.645640 -1.083401  3.729040 3.73
946 2.626284 -1.118469  3.744753 3.74
947 2.606751 -1.158483  3.765234 3.77
948 2.587091 -1.194266  3.781357 3.78
949 2.567263 -1.220451  3.787714 3.79
950 2.547226 -1.235073  3.782300 3.78
951 2.526978 -1.238429  3.765407 3.77
952 2.506560 -1.232056  3.738615 3.74
953 2.486038 -1.218115  3.704153 3.70
954 2.465487 -1.199094  3.664581 3.66
955 2.444969 -1.177671  3.622641 3.62
956 2.424528 -1.156577  3.581105 3.58
957 2.404183 -1.138379  3.542562 3.54
958 2.383930 -1.125181  3.509112 3.51
959 2.363755 -1.118301  3.482056 3.48
960 2.343638 -1.118020  3.461658 3.46
961 2.323569 -1.123511  3.447080 3.45
962 2.303549 -1.132990  3.436539 3.44
963 2.283595 -1.144066  3.427661 3.43
964 2.263735 -1.154201  3.417937 3.42
965 2.244008 -1.161175  3.405182 3.41
966 2.224455 -1.163453  3.387908 3.39
967 2.205121 -1.160413  3.365534 3.37
968 2.186045 -1.152393  3.338438 3.34
969 2.167254 -1.140554  3.307809 3.31
970 2.148766 -1.126583  3.275349 3.28
971 2.130587 -1.112282  3.242868 3.24
972 2.112718 -1.099146  3.211865 3.21
973 2.095167 -1.088057  3.183224 3.18
974 2.077951 -1.079179  3.157130 3.16
975 2.061092 -1.072112  3.133203 3.13
976 2.044616 -1.066178  3.110794 3.11
977 2.028545 -1.060749  3.089294 3.09
978 2.012890 -1.055465  3.068355 3.07
979 1.997655 -1.050304  3.047959 3.05
980 1.982839 -1.045507  3.028346 3.03
981 1.968435 -1.041428  3.009863 3.01
982 1.954438 -1.038353  2.992791 2.99
983 1.940847 -1.036363  2.977210 2.98
984 1.927666 -1.035281  2.962948 2.96
985 1.914912 -1.034733  2.949644 2.95
986 1.902605 -1.034345  2.936949 2.94
987 1.890766 -1.034021  2.924787 2.92
988 1.879403 -1.034170  2.913572 2.91
989 1.868497 -1.035715  2.904212 2.90
990 1.858015 -1.039826  2.897841 2.90
991 1.847920 -1.047448  2.895368 2.90
992 1.838187 -1.058894  2.897081 2.90
993 1.828814 -1.073701  2.902515 2.90
994 1.819804 -1.090789  2.910593 2.91
995 1.811163 -1.108755  2.919918 2.92
996 1.802892 -1.126143  2.929034 2.93
997 1.794994 -1.141604  2.936598 2.94
998 1.787484 -1.154043  2.941527 2.94
999 1.780385 -1.162818  2.943203 2.94
1000 1.773716 -1.167993  2.941709 2.94
1001 1.767476 -1.170476  2.937952 2.94
1002 1.761639 -1.171854  2.933492 2.93
1003 1.756162 -1.173882  2.930045 2.93
1004 1.751017 -1.177830  2.928847 2.93
1005 1.746198 -1.184047  2.930245 2.93
1006 1.741723 -1.191952  2.933676 2.93
1007 1.737611 -1.200353  2.937964 2.94
1008 1.733874 -1.207809  2.941683 2.94
1009 1.730513 -1.212878  2.943391 2.94
1010 1.727530 -1.214194  2.941724 2.94
1011 1.724929 -1.210488  2.935417 2.94
1012 1.722719 -1.200597  2.923315 2.92
1013 1.720917 -1.183512  2.904430 2.90
1014 1.719547 -1.158482  2.878030 2.88
1015 1.718639 -1.125159  2.843798 2.84
1016 1.718226 -1.083800  2.802026 2.80
1017 1.718343 -1.035500  2.753843 2.75
1018 1.719019 -0.982399  2.701418 2.70
1019 1.720269 -0.927802  2.648070 2.65
1020 1.722082 -0.876083  2.598165 2.60
1021 1.724424 -0.832263  2.556687 2.56
1022 1.727239 -0.801217  2.528456 2.53
1023 1.730481 -0.786653  2.517134 2.52
1024 1.734140 -0.790184  2.524324 2.52
1025 1.738254 -0.810890  2.549144 2.55
1026 1.742903 -0.845569  2.588472 2.59
1027 1.748169 -0.889565  2.637734 2.64
1028 1.754118 -0.937778  2.691896 2.69
1029 1.760781 -0.985540  2.746321 2.75
1030 1.768157 -1.029185  2.797342 2.80
1031 1.776224 -1.066341  2.842565 2.84
1032 1.784941 -1.096004  2.880945 2.88
1033 1.794255 -1.118440  2.912696 2.91
1034 1.804105 -1.134927  2.939032 2.94
1035 1.814429 -1.147343  2.961771 2.96
1036 1.825176 -1.157683  2.982859 2.98
1037 1.836319 -1.167651  3.003970 3.00
1038 1.847853 -1.178463  3.026315 3.03
1039 1.859787 -1.190916  3.050703 3.05
1040 1.872128 -1.205603  3.077730 3.08
1041 1.884870 -1.223077  3.107946 3.11
1042 1.897996 -1.243846  3.141841 3.14
1043 1.911483 -1.268203  3.179685 3.18
1044 1.925311 -1.295989  3.221300 3.22
1045 1.939468 -1.326425  3.265893 3.27
1046 1.953946 -1.358096  3.312043 3.31
1047 1.968738 -1.389123  3.357861 3.36
1048 1.983825 -1.417433  3.401258 3.40
1049 1.999176 -1.441064  3.440240 3.44
1050 2.014747 -1.458381  3.473128 3.47
1051 2.030480 -1.468198  3.498678 3.50
1052 2.046317 -1.469794  3.516111 3.52
1053 2.062198 -1.462873  3.525071 3.53
1054 2.078071 -1.447489  3.525561 3.53
1055 2.093890 -1.423961  3.517851 3.52
1056 2.109620 -1.392772  3.502393 3.50
1057 2.125241 -1.354505  3.479745 3.48
1058 2.140747 -1.309839  3.450585 3.45
1059 2.156152 -1.259665  3.415818 3.42
1060 2.171485 -1.205326  3.376812 3.38
1061 2.186780 -1.148929  3.335710 3.34
1062 2.202065 -1.093616  3.295681 3.30
1063 2.217348 -1.043567  3.260915 3.26
1064 2.232613 -1.003530  3.236144 3.24
1065 2.247838 -0.977820  3.225658 3.23
1066 2.263031 -0.969048  3.232079 3.23
1067 2.278261 -0.977189  3.255451 3.26
1068 2.293648 -0.999492  3.293140 3.29
1069 2.309316 -1.031277  3.340593 3.34
1070 2.325347 -1.067173  3.392520 3.39
1071 2.341762 -1.102215  3.443977 3.44
1072 2.358524 -1.132506  3.491030 3.49
1073 2.375558 -1.155415  3.530973 3.53
1074 2.392771 -1.169442  3.562212 3.56
1075 2.410068 -1.173927  3.583995 3.58
1076 2.427370 -1.168754  3.596124 3.60
1077 2.444613 -1.154143  3.598756 3.60
1078 2.461753 -1.130588  3.592341 3.59
1079 2.478764 -1.098910  3.577674 3.58
1080 2.495632 -1.060401  3.556032 3.56
1081 2.512357 -1.016992  3.529350 3.53
1082 2.528947 -0.971407  3.500354 3.50
1083 2.545404 -0.927188  3.472593 3.47
1084 2.561717 -0.888455  3.450173 3.45
1085 2.577861 -0.859240  3.437101 3.44
1086 2.593824 -0.842454  3.436277 3.44
1087 2.609638 -0.838905  3.448543 3.45
1088 2.625398 -0.846970  3.472368 3.47
1089 2.641220 -0.863188  3.504409 3.50
1090 2.657192 -0.883457  3.540649 3.54
1091 2.673348 -0.904196  3.577544 3.58
1092 2.689667 -0.923079  3.612746 3.61
1093 2.706096 -0.939267  3.645362 3.65
1094 2.722557 -0.953246  3.675803 3.68
1095 2.738963 -0.966366  3.705329 3.71
1096 2.755232 -0.980162  3.735394 3.74
1097 2.771300 -0.995654  3.766954 3.77
1098 2.787128 -1.012848  3.799976 3.80
1099 2.802698 -1.030580  3.833278 3.83
1100 2.817998 -1.046683  3.864681 3.86
1101 2.833014 -1.058370  3.891384 3.89
1102 2.847737 -1.062736  3.910474 3.91
1103 2.862161 -1.057391  3.919552 3.92
1104 2.876275 -1.041146  3.917421 3.92
1105 2.890046 -1.014553  3.904599 3.90
1106 2.903410 -0.979952  3.883362 3.88
1107 2.916283 -0.940819  3.857102 3.86
1108 2.928601 -0.900563  3.829164 3.83
1109 2.940366 -0.861372  3.801738 3.80
1110 2.951659 -0.823836  3.775496 3.78
1111 2.962598 -0.787599  3.750197 3.75
1112 2.973272 -0.752540  3.725812 3.73
1113 2.983711 -0.719629  3.703340 3.70
1114 2.993905 -0.690997  3.684902 3.68
1115 3.003836 -0.669410  3.673246 3.67
1116 3.013496 -0.657583  3.671079 3.67
1117 3.022884 -0.657600  3.680484 3.68
1118 3.032002 -0.670487  3.702488 3.70
1119 3.040863 -0.695968  3.736831 3.74
1120 3.049495 -0.732548  3.782043 3.78
1121 3.057924 -0.777983  3.835907 3.84
1122 3.066136 -0.829936  3.896073 3.90
1123 3.074062 -0.886357  3.960419 3.96
1124 3.081584 -0.945249  4.026833 4.03
1125 3.088597 -1.004033  4.092630 4.09
1126 3.095044 -1.059221  4.154265 4.15
1127 3.100909 -1.106913  4.207822 4.21
1128 3.106165 -1.143888  4.250053 4.25
1129 3.110749 -1.168544  4.279293 4.28
1130 3.114569 -1.181155  4.295724 4.30
1131 3.117540 -1.183443  4.300984 4.30
1132 3.119621 -1.177926  4.297548 4.30
1133 3.120823 -1.167534  4.288357 4.29
1134 3.121167 -1.155657  4.276824 4.28
1135 3.120623 -1.146128  4.266751 4.27
1136 3.119107 -1.142453  4.261560 4.26
1137 3.116551 -1.146365  4.262916 4.26
1138 3.112971 -1.156784  4.269755 4.27
1139 3.108454 -1.170153  4.278608 4.28
1140 3.103082 -1.181887  4.284968 4.28
1141 3.096894 -1.187828  4.284723 4.28
1142 3.089910 -1.185063  4.274972 4.27
1143 3.082150 -1.172135  4.254285 4.25
1144 3.073651 -1.148999  4.222650 4.22
1145 3.064459 -1.116815  4.181274 4.18
1146 3.054630 -1.077633  4.132264 4.13
1147 3.044240 -1.034036  4.078276 4.08
1148 3.033380 -0.988938  4.022318 4.02
1149 3.022136 -0.945610  3.967746 3.97
1150 3.010559 -0.907706  3.918265 3.92
1151 2.998639 -0.878949  3.877588 3.88
1152 2.986326 -0.862311  3.848637 3.85
1153 2.973569 -0.858976  3.832545 3.83
1154 2.960346 -0.867654  3.828000 3.83
1155 2.946678 -0.884648  3.831326 3.83
1156 2.932614 -0.904680  3.837294 3.84
1157 2.918214 -0.922093  3.840308 3.84
1158 2.903541 -0.932023  3.835564 3.84
1159 2.888656 -0.931261  3.819917 3.82
1160 2.873618 -0.918707  3.792325 3.79
1161 2.858466 -0.895334  3.753800 3.75
1162 2.843221 -0.863613  3.706834 3.71
1163 2.827910 -0.826567  3.654477 3.65
1164 2.812596 -0.786922  3.599518 3.60
1165 2.797381 -0.746880  3.544261 3.54
1166 2.782363 -0.708580  3.490943 3.49
1167 2.767578 -0.674639  3.442217 3.44
1168 2.752981 -0.648031  3.401012 3.40
1169 2.738485 -0.631097  3.369582 3.37
1170 2.724032 -0.624318  3.348349 3.35
1171 2.709621 -0.625709  3.335330 3.34
1172 2.695305 -0.631246  3.326552 3.33
1173 2.681161 -0.636026  3.317187 3.32
1174 2.667264 -0.635590  3.302854 3.30
1175 2.653684 -0.626968  3.280652 3.28
1176 2.640480 -0.609287  3.249767 3.25
1177 2.627700 -0.583965  3.211665 3.21
1178 2.615379 -0.554565  3.169945 3.17
1179 2.603527 -0.526439  3.129967 3.13
1180 2.592104 -0.506128  3.098231 3.10
1181 2.580994 -0.500344  3.081338 3.08
1182 2.570035 -0.514349  3.084384 3.08
1183 2.559116 -0.550220  3.109336 3.11
1184 2.548249 -0.606330  3.154580 3.15
1185 2.537478 -0.678735  3.216213 3.22
1186 2.526736 -0.763090  3.289825 3.29
1187 2.515869 -0.855201  3.371070 3.37
1188 2.504776 -0.950397  3.455173 3.46
1189 2.493454 -1.043474  3.536928 3.54
1190 2.481924 -1.129829  3.611752 3.61
1191 2.470155 -1.206722  3.676877 3.68
1192 2.458067 -1.273617  3.731683 3.73
1193 2.445559 -1.331541  3.777100 3.78
1194 2.432552 -1.382026  3.814578 3.81
1195 2.418997 -1.426175  3.845172 3.85
1196 2.404883 -1.464159  3.869042 3.87
1197 2.390226 -1.495177  3.885403 3.89
1198 2.375062 -1.517745  3.892807 3.89
1199 2.359440 -1.530099  3.889539 3.89
1200 2.343427 -1.530585  3.874013 3.87
1201 2.327119 -1.518018  3.845137 3.85
1202 2.310642 -1.492106  3.802748 3.80
1203 2.294147 -1.454018  3.748165 3.75
1204 2.277769 -1.406959  3.684728 3.68
1205 2.261570 -1.356358  3.617929 3.62
1206 2.245505 -1.309047  3.554552 3.55
1207 2.229470 -1.271309  3.500779 3.50
1208 2.213409 -1.246713  3.460121 3.46
1209 2.197364 -1.235224  3.432588 3.43
1210 2.181413 -1.234111  3.415525 3.42
1211 2.165597 -1.239614  3.405211 3.41
1212 2.149903 -1.248104  3.398007 3.40
1213 2.134307 -1.256398  3.390704 3.39
1214 2.118802 -1.261625  3.380427 3.38
1215 2.103413 -1.261125  3.364538 3.36
1216 2.088194 -1.252526  3.340720 3.34
1217 2.073220 -1.233998  3.307218 3.31
1218 2.058579 -1.204569  3.263147 3.26
1219 2.044359 -1.164394  3.208752 3.21
1220 2.030646 -1.114892  3.145538 3.15
1221 2.017531 -1.058785  3.076316 3.08
1222 2.005113 -1.000203  3.005316 3.01
1223 1.993472 -0.945024  2.938496 2.94
1224 1.982559 -0.901043  2.883601 2.88
1225 1.972110 -0.876679  2.848789 2.85
1226 1.961788 -0.877415  2.839203 2.84
1227 1.951500 -0.902079  2.853579 2.85
1228 1.941459 -0.942890  2.884349 2.88
1229 1.931911 -0.989702  2.921613 2.92
1230 1.922917 -1.034562  2.957479 2.96
1231 1.914396 -1.073452  2.987848 2.99
1232 1.906235 -1.105565  3.011800 3.01
1233 1.898356 -1.131795  3.030151 3.03
1234 1.890718 -1.153506  3.044224 3.04
1235 1.883306 -1.171813  3.055120 3.06
1236 1.876123 -1.187262  3.063385 3.06
1237 1.869183 -1.199784  3.068967 3.07
1238 1.862512 -1.208879  3.071391 3.07
1239 1.856142 -1.213922  3.070063 3.07
1240 1.850097 -1.214509  3.064606 3.06
1241 1.844396 -1.210698  3.055094 3.06
1242 1.839044 -1.203082  3.042126 3.04
1243 1.834042 -1.192684  3.026725 3.03
1244 1.829383 -1.180729  3.010112 3.01
1245 1.825067 -1.168393  2.993461 2.99
1246 1.821097 -1.156605  2.977702 2.98
1247 1.817479 -1.145944  2.963424 2.96
1248 1.814225 -1.136649  2.950873 2.95
1249 1.811345 -1.128676  2.940021 2.94
1250 1.808849 -1.121805  2.930655 2.93
1251 1.806752 -1.115746  2.922499 2.92
1252 1.805070 -1.110284  2.915355 2.92
1253 1.803816 -1.105462  2.909278 2.91
1254 1.802990 -1.101713  2.904703 2.90
1255 1.802571 -1.099797  2.902368 2.90
1256 1.802530 -1.100477  2.903007 2.90
1257 1.802848 -1.104096  2.906943 2.91
1258 1.803525 -1.110312  2.913837 2.91
1259 1.804580 -1.118149  2.922729 2.92
1260 1.806034 -1.126294  2.932328 2.93
1261 1.807903 -1.133481  2.941385 2.94
1262 1.810196 -1.138826  2.949022 2.95
1263 1.812907 -1.142019  2.954926 2.95
1264 1.816019 -1.143328  2.959346 2.96
1265 1.819506 -1.143414  2.962921 2.96
1266 1.823346 -1.143030  2.966376 2.97
1267 1.827518 -1.142694  2.970212 2.97
1268 1.832016 -1.142452  2.974468 2.97
1269 1.836843 -1.141786  2.978629 2.98
1270 1.842013 -1.139694  2.981707 2.98
1271 1.847544 -1.134924  2.982468 2.98
1272 1.853461 -1.126322  2.979783 2.98
1273 1.859788 -1.113253  2.973041 2.97
1274 1.866545 -1.096032  2.962577 2.96
1275 1.873732 -1.076247  2.949979 2.95
1276 1.881314 -1.056736  2.938050 2.94
1277 1.889220 -1.040987  2.930207 2.93
1278 1.897387 -1.031980  2.929366 2.93
1279 1.905810 -1.031060  2.936869 2.94
1280 1.914563 -1.037627  2.952190 2.95
1281 1.923747 -1.049894  2.973641 2.97
1282 1.933420 -1.066099  2.999519 3.00
1283 1.943577 -1.085289  3.028866 3.03
1284 1.954169 -1.107301  3.061470 3.06
1285 1.965136 -1.132161  3.097297 3.10
1286 1.976431 -1.159340  3.135771 3.14
1287 1.988026 -1.187203  3.175229 3.18
1288 1.999913 -1.212821  3.212734 3.21
1289 2.012101 -1.232205  3.244306 3.24
1290 2.024606 -1.240938  3.265544 3.27
1291 2.037446 -1.235120  3.272566 3.27
1292 2.050641 -1.212489  3.263130 3.26
1293 2.064203 -1.173609  3.237812 3.24
1294 2.078116 -1.122851  3.200967 3.20
1295 2.092290 -1.068671  3.160960 3.16
1296 2.106531 -1.022377  3.128908 3.13
1297 2.120621 -0.995002  3.115623 3.12
1298 2.134489 -0.993343  3.127832 3.13
1299 2.148311 -1.017656  3.165967 3.17
1300 2.162403 -1.062611  3.225015 3.23
1301 2.177011 -1.120420  3.297430 3.30
1302 2.192213 -1.183676  3.375889 3.38
1303 2.207957 -1.246589  3.454546 3.45
1304 2.224134 -1.304900  3.529034 3.53
1305 2.240627 -1.355355  3.595982 3.60
1306 2.257329 -1.395312  3.652641 3.65
1307 2.274143 -1.422636  3.696780 3.70
1308 2.290980 -1.435824  3.726803 3.73
1309 2.307752 -1.434189  3.741941 3.74
1310 2.324382 -1.418023  3.742405 3.74
1311 2.340797 -1.388653  3.729450 3.73
1312 2.356939 -1.348358  3.705298 3.71
1313 2.372760 -1.300137  3.672897 3.67
1314 2.388228 -1.247309  3.635537 3.64
1315 2.403332 -1.193039  3.596371 3.60
1316 2.418087 -1.139884  3.557971 3.56
1317 2.432539 -1.089539  3.522079 3.52
1318 2.446758 -1.042884  3.489642 3.49
1319 2.460821 -1.000325  3.461146 3.46
1320 2.474795 -0.962273  3.437068 3.44
1321 2.488712 -0.929458  3.418171 3.42
1322 2.502574 -0.902837  3.405411 3.41
1323 2.516372 -0.883088  3.399460 3.40
1324 2.530117 -0.870008  3.400125 3.40
1325 2.543847 -0.862204  3.406051 3.41
1326 2.557621 -0.857289  3.414909 3.41
1327 2.571489 -0.852483  3.423972 3.42
1328 2.585481 -0.845316  3.430796 3.43
1329 2.599601 -0.834178  3.433779 3.43
1330 2.613836 -0.818634  3.432469 3.43
1331 2.628158 -0.799496  3.427653 3.43
1332 2.642528 -0.778663  3.421191 3.42
1333 2.656896 -0.758664  3.415561 3.42
1334 2.671213 -0.741911  3.413124 3.41
1335 2.685460 -0.729868  3.415327 3.42
1336 2.699659 -0.722557  3.422216 3.42
1337 2.713863 -0.718628  3.432491 3.43
1338 2.728119 -0.715898  3.444017 3.44
1339 2.742456 -0.712011  3.454467 3.45
1340 2.756890 -0.704988  3.461878 3.46
1341 2.771433 -0.693714  3.465147 3.47
1342 2.786101 -0.678441  3.464542 3.46
1343 2.800890 -0.661260  3.462150 3.46
1344 2.815752 -0.646195  3.461946 3.46
1345 2.830582 -0.638445  3.469028 3.47
1346 2.845277 -0.642706  3.487983 3.49
1347 2.859806 -0.661266  3.521072 3.52
1348 2.874246 -0.693100  3.567345 3.57
1349 2.888715 -0.734492  3.623207 3.62
1350 2.903292 -0.780593  3.683884 3.68
1351 2.917979 -0.826815  3.744794 3.74
1352 2.932731 -0.869630  3.802361 3.80
1353 2.947482 -0.906910  3.854392 3.85
1354 2.962155 -0.938142  3.900297 3.90
1355 2.976647 -0.964448  3.941096 3.94
1356 2.990822 -0.988181  3.979003 3.98
1357 3.004528 -1.011883  4.016411 4.02
1358 3.017644 -1.036918  4.054563 4.05
1359 3.030124 -1.062450  4.092574 4.09
1360 3.041985 -1.085430  4.127415 4.13
1361 3.053273 -1.101615  4.154887 4.15
1362 3.064006 -1.107046  4.171052 4.17
1363 3.074165 -1.099268  4.173433 4.17
1364 3.083702 -1.077904  4.161606 4.16
1365 3.092555 -1.044585  4.137141 4.14
1366 3.100669 -1.002353  4.103022 4.10
1367 3.108014 -0.954773  4.062787 4.06
1368 3.114633 -0.905160  4.019792 4.02
1369 3.120668 -0.856587  3.977255 3.98
1370 3.126300 -0.813089  3.939389 3.94
1371 3.131550 -0.781068  3.912619 3.91
1372 3.136162 -0.768422  3.904584 3.90
1373 3.139817 -0.780060  3.919877 3.92
1374 3.142535 -0.813137  3.955672 3.96
1375 3.144661 -0.857266  4.001928 4.00
1376 3.146478 -0.899672  4.046150 4.05
1377 3.148009 -0.930142  4.078151 4.08
1378 3.149143 -0.942700  4.091843 4.09
1379 3.149793 -0.935068  4.084860 4.08
1380 3.149947 -0.907895  4.057842 4.06
1381 3.149637 -0.864475  4.014112 4.01
1382 3.148883 -0.810568  3.959451 3.96
1383 3.147658 -0.753684  3.901342 3.90
1384 3.145902 -0.701518  3.847420 3.85
1385 3.143586 -0.659964  3.803550 3.80
1386 3.140755 -0.631704  3.772459 3.77
1387 3.137522 -0.616135  3.753658 3.75
1388 3.134011 -0.610564  3.744575 3.74
1389 3.130297 -0.611792  3.742090 3.74
1390 3.126396 -0.617249  3.743645 3.74
1391 3.122268 -0.625310  3.747578 3.75
1392 3.117858 -0.634908  3.752766 3.75
1393 3.113129 -0.644888  3.758017 3.76
1394 3.108084 -0.653637  3.761721 3.76
1395 3.102758 -0.659246  3.762004 3.76
1396 3.097186 -0.660034  3.757219 3.76
1397 3.091380 -0.654987  3.746366 3.75
1398 3.085333 -0.643791  3.729125 3.73
1399 3.079044 -0.626468  3.705513 3.71
1400 3.072547 -0.602960  3.675507 3.68
1401 3.065927 -0.573134  3.639062 3.64
1402 3.059298 -0.537404  3.596702 3.60
1403 3.052742 -0.497584  3.550326 3.55
1404 3.046279 -0.457294  3.503573 3.50
1405 3.039870 -0.421438  3.461308 3.46
1406 3.033468 -0.395010  3.428478 3.43
1407 3.027044 -0.381943  3.408988 3.41
1408 3.020572 -0.384443  3.405015 3.41
1409 3.014014 -0.402658  3.416672 3.42
1410 3.007341 -0.434519  3.441859 3.44
1411 3.000551 -0.475913  3.476464 3.48
1412 2.993675 -0.521407  3.515081 3.52
1413 2.986745 -0.565392  3.552137 3.55
1414 2.979782 -0.603238  3.583021 3.58
1415 2.972793 -0.632119  3.604912 3.60
1416 2.965767 -0.651395  3.617161 3.62
1417 2.958668 -0.662531  3.621199 3.62
1418 2.951434 -0.668486  3.619920 3.62
1419 2.943990 -0.672618  3.616608 3.62
1420 2.936279 -0.677432  3.613711 3.61
1421 2.928289 -0.683649  3.611938 3.61
1422 2.920056 -0.689992  3.610048 3.61
1423 2.911651 -0.693708  3.605359 3.61
1424 2.903158 -0.691569  3.594727 3.59
1425 2.894653 -0.680939  3.575592 3.58
1426 2.886198 -0.660565  3.546763 3.55
1427 2.877842 -0.630932  3.508773 3.51
1428 2.869629 -0.594249  3.463877 3.46
1429 2.861599 -0.554244  3.415843 3.42
1430 2.853765 -0.515833  3.369597 3.37
1431 2.846087 -0.484473  3.330561 3.33
1432 2.838484 -0.465011  3.303495 3.30
1433 2.830888 -0.460266  3.291155 3.29
1434 2.823307 -0.470210  3.293517 3.29
1435 2.815802 -0.492406  3.308208 3.31
1436 2.808425 -0.523407  3.331832 3.33
1437 2.801178 -0.560120  3.361298 3.36
1438 2.794010 -0.600449  3.394459 3.39
1439 2.786855 -0.643195  3.430050 3.43
1440 2.779651 -0.687649  3.467300 3.47
1441 2.772355 -0.733234  3.505589 3.51
1442 2.764935 -0.779375  3.544310 3.54
1443 2.757357 -0.825527  3.582884 3.58
1444 2.749582 -0.871214  3.620796 3.62
1445 2.741562 -0.915967  3.657529 3.66
1446 2.733249 -0.959148  3.692397 3.69
1447 2.724605 -0.999760  3.724365 3.72
1448 2.715606 -1.036360  3.751965 3.75
1449 2.706247 -1.067130  3.773377 3.77
1450 2.696541 -1.090112  3.786653 3.79
1451 2.686512 -1.103511  3.790023 3.79
1452 2.676200 -1.106019  3.782218 3.78
1453 2.665655 -1.097086  3.762741 3.76
1454 2.654931 -1.077095  3.732026 3.73
1455 2.644083 -1.047360  3.691443 3.69
1456 2.633161 -1.009943  3.643104 3.64
1457 2.622222 -0.967336  3.589558 3.59
1458 2.611329 -0.922188  3.533518 3.53
1459 2.600546 -0.877189  3.477736 3.48
1460 2.589911 -0.835038  3.424949 3.42
1461 2.579426 -0.798237  3.377663 3.38
1462 2.569073 -0.768591  3.337664 3.34
1463 2.558842 -0.746651  3.305493 3.31
1464 2.548749 -0.731458  3.280208 3.28
1465 2.538833 -0.720789  3.259622 3.26
1466 2.529141 -0.711767  3.240908 3.24
1467 2.519729 -0.701604  3.221333 3.22
1468 2.510650 -0.688316  3.198966 3.20
1469 2.501949 -0.671284  3.173233 3.17
1470 2.493651 -0.651574  3.145225 3.15
1471 2.485756 -0.631887  3.117643 3.12
1472 2.478230 -0.616127  3.094357 3.09
1473 2.471019 -0.608634  3.079653 3.08
1474 2.464056 -0.613274  3.077329 3.08
1475 2.457269 -0.632569  3.089838 3.09
1476 2.450596 -0.667040  3.117635 3.12
1477 2.443997 -0.714885  3.158882 3.16
1478 2.437471 -0.772200  3.209671 3.21
1479 2.431047 -0.833810  3.264857 3.26
1480 2.424755 -0.894519  3.319273 3.32
1481 2.418594 -0.950278  3.368871 3.37
1482 2.412533 -0.998829  3.411362 3.41
1483 2.406520 -1.039737  3.446257 3.45
1484 2.400499 -1.073974  3.474473 3.47
1485 2.394416 -1.103316  3.497732 3.50
1486 2.388227 -1.129714  3.517941 3.52
1487 2.381901 -1.154797  3.536698 3.54
1488 2.375421 -1.179575  3.554996 3.55
1489 2.368778 -1.204364  3.573142 3.57
1490 2.361969 -1.228888  3.590857 3.59
1491 2.354991 -1.252468  3.607460 3.61
1492 2.347843 -1.274234  3.622076 3.62
1493 2.340520 -1.293296  3.633816 3.63
1494 2.333018 -1.308861  3.641878 3.64
1495 2.325329 -1.320242  3.645572 3.65
1496 2.317450 -1.326790  3.644239 3.64
1497 2.309383 -1.327758  3.637141 3.64
1498 2.301151 -1.322219  3.623371 3.62
1499 2.292799 -1.309118  3.601917 3.60
1500 2.284400 -1.287536  3.571935 3.57
1501 2.276047 -1.257203  3.533249 3.53
1502 2.267841 -1.219152  3.486993 3.49
1503 2.259857 -1.176297  3.436154 3.44
1504 2.252109 -1.133552  3.385661 3.39
1505 2.244531 -1.097102  3.341633 3.34
1506 2.237013 -1.072789  3.309803 3.31
1507 2.229472 -1.064212  3.293684 3.29
1508 2.221896 -1.071560  3.293456 3.29
1509 2.214342 -1.091831  3.306173 3.31
1510 2.206874 -1.120149  3.327022 3.33
1511 2.199530 -1.151326  3.350856 3.35
1512 2.192317 -1.181007  3.373323 3.37
1513 2.185219 -1.206200  3.391419 3.39
1514 2.178219 -1.225366  3.403585 3.40
1515 2.171299 -1.238254  3.409553 3.41
1516 2.164443 -1.245623  3.410066 3.41
1517 2.157630 -1.248859  3.406489 3.41
1518 2.150837 -1.249498  3.400335 3.40
1519 2.144046 -1.248707  3.392753 3.39
1520 2.137259 -1.246877  3.384136 3.38
1521 2.130498 -1.243492  3.373990 3.37
1522 2.123809 -1.237350  3.361159 3.36
1523 2.117239 -1.227029  3.344268 3.34
1524 2.110835 -1.211375  3.322210 3.32
1525 2.104634 -1.189876  3.294509 3.29
1526 2.098669 -1.162831  3.261499 3.26
1527 2.092970 -1.131379  3.224350 3.22
1528 2.087564 -1.097423  3.184987 3.18
1529 2.082466 -1.063474  3.145941 3.15
1530 2.077682 -1.032420  3.110102 3.11
1531 2.073198 -1.007173  3.080370 3.08
1532 2.068988 -0.990200  3.059188 3.06
1533 2.065025 -0.983007  3.048032 3.05
1534 2.061294 -0.985733  3.047027 3.05
1535 2.057801 -0.997057  3.054858 3.05
1536 2.054569 -1.014486  3.069055 3.07
1537 2.051627 -1.034931  3.086558 3.09
1538 2.048991 -1.055351  3.104342 3.10
1539 2.046663 -1.073232  3.119896 3.12
1540 2.044635 -1.086815  3.131450 3.13
1541 2.042889 -1.095082  3.137971 3.14
1542 2.041409 -1.097606  3.139016 3.14
1543 2.040191 -1.094357  3.134548 3.13
1544 2.039238 -1.085577  3.124815 3.12
1545 2.038565 -1.071765  3.110331 3.11
1546 2.038193 -1.053774  3.091968 3.09
1547 2.038138 -1.032924  3.071062 3.07
1548 2.038401 -1.011028  3.049430 3.05
1549 2.038973 -0.990224  3.029196 3.03
1550 2.039837 -0.972610  3.012446 3.01
1551 2.040988 -0.959848  3.000837 3.00
1552 2.042449 -0.952962  2.995410 3.00
1553 2.044248 -0.952479  2.996727 3.00
1554 2.046398 -0.958763  3.005161 3.01
1555 2.048860 -0.972066  3.020926 3.02
1556 2.051573 -0.991999  3.043572 3.04
1557 2.054508 -1.016753  3.071262 3.07
1558 2.057710 -1.042871  3.100581 3.10
1559 2.061263 -1.066058  3.127321 3.13
1560 2.065234 -1.082655  3.147889 3.15
1561 2.069641 -1.090936  3.160576 3.16
1562 2.074444 -1.091681  3.166124 3.17
1563 2.079558 -1.087886  3.167444 3.17
1564 2.084864 -1.083669  3.168533 3.17
1565 2.090252 -1.082598  3.172850 3.17
1566 2.095684 -1.086101  3.181786 3.18
1567 2.101232 -1.092885  3.194118 3.19
1568 2.107028 -1.099887  3.206915 3.21
1569 2.113167 -1.104135  3.217302 3.22
1570 2.119640 -1.104191  3.223831 3.22
1571 2.126355 -1.100237  3.226592 3.23
1572 2.133217 -1.093014  3.226231 3.23
1573 2.140191 -1.082643  3.222834 3.22
1574 2.147302 -1.068219  3.215521 3.22
1575 2.154595 -1.048233  3.202828 3.20
1576 2.162103 -1.021295  3.183398 3.18
1577 2.169843 -0.986712  3.156555 3.16
1578 2.177828 -0.944825  3.122653 3.12
1579 2.186062 -0.897195  3.083257 3.08
1580 2.194542 -0.846607  3.041149 3.04
1581 2.203256 -0.796831  3.000087 3.00
1582 2.212190 -0.752126  2.964317 2.96
1583 2.221343 -0.716617  2.937960 2.94
1584 2.230734 -0.693719  2.924453 2.92
1585 2.240411 -0.685786  2.926197 2.93
1586 2.250435 -0.694059  2.944495 2.94
1587 2.260868 -0.718859  2.979727 2.98
1588 2.271741 -0.759758  3.031499 3.03
1589 2.283059 -0.815483  3.098543 3.10
1590 2.294825 -0.883593  3.178418 3.18
1591 2.307051 -0.960294  3.267345 3.27
1592 2.319757 -1.040704  3.360461 3.36
1593 2.332937 -1.119517  3.452454 3.45
1594 2.346546 -1.191761  3.538308 3.54
1595 2.360495 -1.253341  3.613836 3.61
1596 2.374665 -1.301264  3.675930 3.68
1597 2.388928 -1.333612  3.722540 3.72
1598 2.403161 -1.349389  3.752550 3.75
1599 2.417257 -1.348347  3.765604 3.77
1600 2.431131 -1.330844  3.761975 3.76
1601 2.444721 -1.297741  3.742462 3.74
1602 2.457992 -1.250358  3.708349 3.71
1603 2.470930 -1.190467  3.661397 3.66
1604 2.483546 -1.120337  3.603883 3.60
1605 2.495867 -1.042785  3.538652 3.54
1606 2.507930 -0.961226  3.469156 3.47
1607 2.519774 -0.879633  3.399407 3.40
1608 2.531438 -0.802357  3.333795 3.33
1609 2.542957 -0.733762  3.276718 3.28
1610 2.554370 -0.677729  3.232099 3.23
1611 2.565725 -0.637147  3.202872 3.20
1612 2.577083 -0.613498  3.190581 3.19
1613 2.588515 -0.606650  3.195164 3.20
1614 2.600101 -0.614921  3.215022 3.22
1615 2.611921 -0.635423  3.247344 3.25
1616 2.624041 -0.664622  3.288663 3.29
1617 2.636496 -0.698962  3.335458 3.34
1618 2.649292 -0.735376  3.384668 3.38
1619 2.662399 -0.771581  3.433980 3.43
1620 2.675769 -0.806133  3.481901 3.48
1621 2.689341 -0.838320  3.527660 3.53
1622 2.703059 -0.868009  3.571068 3.57
1623 2.716869 -0.895547  3.612417 3.61
1624 2.730716 -0.921694  3.652411 3.65
1625 2.744529 -0.947468  3.691998 3.69
1626 2.758227 -0.973761  3.731988 3.73
1627 2.771738 -1.000775  3.772513 3.77
1628 2.785023 -1.027589  3.812612 3.81
1629 2.798072 -1.052206  3.850278 3.85
1630 2.810889 -1.072106  3.882995 3.88
1631 2.823458 -1.085037  3.908495 3.91
1632 2.835738 -1.089618  3.925356 3.93
1633 2.847671 -1.085584  3.933255 3.93
1634 2.859197 -1.073678  3.932875 3.93
1635 2.870268 -1.055350  3.925618 3.93
1636 2.880852 -1.032391  3.913243 3.91
1637 2.890937 -1.006621  3.897558 3.90
1638 2.900528 -0.979672  3.880200 3.88
1639 2.909639 -0.952879  3.862518 3.86
1640 2.918289 -0.927219  3.845508 3.85
1641 2.926500 -0.903284  3.829784 3.83
1642 2.934298 -0.881276  3.815574 3.82
1643 2.941710 -0.861067  3.802777 3.80
1644 2.948768 -0.842334  3.791102 3.79
1645 2.955498 -0.824747  3.780245 3.78
1646 2.961921 -0.808148  3.770069 3.77
1647 2.968054 -0.792674  3.760728 3.76
1648 2.973907 -0.778810  3.752717 3.75
1649 2.979484 -0.767368  3.746852 3.75
1650 2.984785 -0.759390  3.744175 3.74
1651 2.989800 -0.755967  3.745767 3.75
1652 2.994516 -0.757987  3.752502 3.75
1653 2.998916 -0.765856  3.764772 3.76
1654 3.002990 -0.779286  3.782276 3.78
1655 3.006736 -0.797227  3.803962 3.80
1656 3.010157 -0.818033  3.828191 3.83
1657 3.013258 -0.839821  3.853079 3.85
1658 3.016029 -0.860874  3.876903 3.88
1659 3.018447 -0.879933  3.898380 3.90
1660 3.020481 -0.896284  3.916765 3.92
1661 3.022103 -0.909707  3.931809 3.93
1662 3.023293 -0.920423  3.943716 3.94
1663 3.024033 -0.929079  3.953112 3.95
1664 3.024297 -0.936686  3.960983 3.96
1665 3.024049 -0.944405  3.968454 3.97
1666 3.023253 -0.953175  3.976429 3.98
1667 3.021889 -0.963349  3.985238 3.99
1668 3.019956 -0.974533  3.994489 3.99
1669 3.017470 -0.985752  4.003221 4.00
1670 3.014448 -0.995847  4.010295 4.01
1671 3.010900 -1.003911  4.014811 4.01
1672 3.006819 -1.009539  4.016358 4.02
1673 3.002189 -1.012813  4.015002 4.02
1674 2.996984 -1.014042  4.011026 4.01
1675 2.991189 -1.013371  4.004559 4.00
1676 2.984806 -1.010435  3.995241 4.00
1677 2.977867 -1.004255  3.982121 3.98
1678 2.970428 -0.993466  3.963894 3.96
1679 2.962563 -0.976827  3.939391 3.94
1680 2.954344 -0.953808  3.908152 3.91
1681 2.945833 -0.925019  3.870852 3.87
1682 2.937072 -0.892339  3.829411 3.83
1683 2.928084 -0.858668  3.786752 3.79
1684 2.918876 -0.827380  3.746255 3.75
1685 2.909447 -0.801625  3.711072 3.71
1686 2.899808 -0.783724  3.683532 3.68
1687 2.889981 -0.774921  3.664903 3.66
1688 2.879992 -0.775557  3.655549 3.66
1689 2.869839 -0.785445  3.655284 3.66
1690 2.859488 -0.804088  3.663576 3.66
1691 2.848880 -0.830560  3.679440 3.68
1692 2.837961 -0.863194  3.701155 3.70
1693 2.826696 -0.899384  3.726080 3.73
1694 2.815076 -0.935710  3.750786 3.75
1695 2.803106 -0.968350  3.771457 3.77
1696 2.790809 -0.993618  3.784428 3.78
1697 2.778218 -1.008461  3.786678 3.79
1698 2.765383 -1.010852  3.776235 3.78
1699 2.752372 -1.000097  3.752469 3.75
1700 2.739267 -0.977048  3.716315 3.72
1701 2.726149 -0.944219  3.670368 3.67
1702 2.713080 -0.905712  3.618791 3.62
1703 2.700083 -0.866832  3.566914 3.57
1704 2.687137 -0.833293  3.520430 3.52
1705 2.674193 -0.810099  3.484292 3.48
1706 2.661204 -0.800441  3.461645 3.46
1707 2.648158 -0.805116  3.453274 3.45
1708 2.635063 -0.822736  3.457800 3.46
1709 2.621926 -0.850517  3.472443 3.47
1710 2.608723 -0.885119  3.493842 3.49
1711 2.595412 -0.923112  3.518524 3.52
1712 2.581965 -0.961103  3.543068 3.54
1713 2.568388 -0.995898  3.564286 3.56
1714 2.554720 -1.024960  3.579680 3.58
1715 2.540997 -1.047060  3.588058 3.59
1716 2.527228 -1.062681  3.589909 3.59
1717 2.513377 -1.073816  3.587193 3.59
1718 2.499385 -1.083100  3.582485 3.58
1719 2.485202 -1.092653  3.577854 3.58
1720 2.470819 -1.103203  3.574022 3.57
1721 2.456265 -1.113893  3.570158 3.57
1722 2.441589 -1.122695  3.564284 3.56
1723 2.426846 -1.127097  3.553943 3.55
1724 2.412092 -1.124746  3.536838 3.54
1725 2.397389 -1.113909  3.511298 3.51
1726 2.382805 -1.093762  3.476567 3.48
1727 2.368418 -1.064560  3.432978 3.43
1728 2.354315 -1.027769  3.382084 3.38
1729 2.340582 -0.986211  3.326793 3.33
1730 2.327276 -0.944190  3.271466 3.27
1731 2.314387 -0.907284  3.221671 3.22
1732 2.301815 -0.881430  3.183245 3.18
1733 2.289423 -0.871227  3.160650 3.16
1734 2.277126 -0.878234  3.155360 3.16
1735 2.264941 -0.900486  3.165426 3.17
1736 2.252928 -0.933644  3.186572 3.19
1737 2.241116 -0.972854  3.213970 3.21
1738 2.229471 -1.014041  3.243512 3.24
1739 2.217933 -1.054170  3.272103 3.27
1740 2.206454 -1.090885  3.297339 3.30
1741 2.195020 -1.122110  3.317130 3.32
1742 2.183650 -1.145959  3.329608 3.33
1743 2.172378 -1.160935  3.333313 3.33
1744 2.161245 -1.166212  3.327457 3.33
1745 2.150288 -1.161816  3.312104 3.31
1746 2.139544 -1.148627  3.288171 3.29
1747 2.129048 -1.128266  3.257315 3.26
1748 2.118840 -1.102925  3.221765 3.22
1749 2.108952 -1.075223  3.184175 3.18
1750 2.099403 -1.048060  3.147463 3.15
1751 2.090191 -1.024375  3.114566 3.11
1752 2.081295 -1.006777  3.088072 3.09
1753 2.072686 -0.997102  3.069788 3.07
1754 2.064340 -0.996034  3.060374 3.06
1755 2.056248 -1.002955  3.059203 3.06
1756 2.048414 -1.016089  3.064503 3.06
1757 2.040857 -1.032916  3.073773 3.07
1758 2.033601 -1.050750  3.084351 3.08
1759 2.026669 -1.067338  3.094006 3.09
1760 2.020074 -1.081337  3.101411 3.10
1761 2.013821 -1.092602  3.106423 3.11
1762 2.007900 -1.102228  3.110128 3.11
1763 2.002283 -1.112365  3.114648 3.11
1764 1.996919 -1.125758  3.122676 3.12
1765 1.991734 -1.145016  3.136749 3.14
1766 1.986657 -1.171698  3.158355 3.16
1767 1.981650 -1.205551  3.187200 3.19
1768 1.976723 -1.244338  3.221061 3.22
1769 1.971923 -1.284463  3.256386 3.26
1770 1.967286 -1.322062  3.289348 3.29
1771 1.962821 -1.353982  3.316803 3.32
1772 1.958504 -1.378248  3.336752 3.34
1773 1.954303 -1.393986  3.348289 3.35
1774 1.950188 -1.401050  3.351238 3.35
1775 1.946148 -1.399604  3.345752 3.35
1776 1.942190 -1.389836  3.332026 3.33
1777 1.938342 -1.371856  3.310198 3.31
1778 1.934646 -1.345794  3.280440 3.28
1779 1.931158 -1.312030  3.243188 3.24
1780 1.927941 -1.271549  3.199491 3.20
1781 1.925064 -1.226339  3.151403 3.15
1782 1.922578 -1.179774  3.102352 3.10
1783 1.920486 -1.136729  3.057215 3.06
1784 1.918715 -1.103026  3.021741 3.02
1785 1.917139 -1.083925  3.001064 3.00
1786 1.915675 -1.082109  2.997784 3.00
1787 1.914362 -1.096502  3.010864 3.01
1788 1.913327 -1.122941  3.036268 3.04
1789 1.912678 -1.156203  3.068881 3.07
1790 1.912437 -1.191896  3.104333 3.10
1791 1.912553 -1.227194  3.139747 3.14
1792 1.912951 -1.260552  3.173503 3.17
1793 1.913568 -1.291017  3.204586 3.20
1794 1.914365 -1.317664  3.232029 3.23
1795 1.915319 -1.339313  3.254632 3.25
1796 1.916418 -1.354495  3.270913 3.27
1797 1.917651 -1.361519  3.279170 3.28
1798 1.919014 -1.358550  3.277563 3.28
1799 1.920507 -1.343681  3.264188 3.26
1800 1.922154 -1.315067  3.237221 3.24
1801 1.924009 -1.271244  3.195253 3.20
1802 1.926161 -1.211775  3.137936 3.14
1803 1.928713 -1.138214  3.066927 3.07
1804 1.931746 -1.055134  2.986879 2.99
1805 1.935257 -0.970599  2.905856 2.91
1806 1.939142 -0.895371  2.834513 2.83
1807 1.943230 -0.840587  2.783817 2.78
1808 1.947379 -0.814556  2.761935 2.76
1809 1.951573 -0.820016  2.771589 2.77
1810 1.955955 -0.853240  2.809195 2.81
1811 1.960775 -0.905585  2.866360 2.87
1812 1.966246 -0.966703  2.932950 2.93
1813 1.972458 -1.027639  3.000097 3.00
1814 1.979365 -1.082480  3.061846 3.06
1815 1.986851 -1.128406  3.115256 3.12
1816 1.994779 -1.164759  3.159538 3.16
1817 2.003038 -1.191892  3.194931 3.19
1818 2.011555 -1.210260  3.221816 3.22
1819 2.020297 -1.219996  3.240293 3.24
1820 2.029264 -1.220995  3.250259 3.25
1821 2.038480 -1.213408  3.251888 3.25
1822 2.047969 -1.198362  3.246331 3.25
1823 2.057730 -1.178592  3.236322 3.24
1824 2.067705 -1.158542  3.226247 3.23
1825 2.077778 -1.143476  3.221253 3.22
1826 2.087836 -1.137611  3.225447 3.23
1827 2.097872 -1.142251  3.240123 3.24
1828 2.108000 -1.155279  3.263279 3.26
1829 2.118366 -1.172441  3.290808 3.29
1830 2.129045 -1.189300  3.318346 3.32
1831 2.140020 -1.202520  3.342540 3.34
1832 2.151221 -1.210064  3.361285 3.36
1833 2.162579 -1.210762  3.373341 3.37
1834 2.174047 -1.203834  3.377881 3.38
1835 2.185601 -1.188678  3.374279 3.37
1836 2.197241 -1.164973  3.362214 3.36
1837 2.208980 -1.133013  3.341993 3.34
1838 2.220832 -1.094145  3.314977 3.31
1839 2.232801 -1.051110  3.283910 3.28
1840 2.244864 -1.008056  3.252920 3.25
1841 2.256979 -0.970033  3.227012 3.23
1842 2.269098 -0.941950  3.211048 3.21
1843 2.281202 -0.927318  3.208520 3.21
1844 2.293315 -0.927245  3.220561 3.22
1845 2.305501 -0.940023  3.245524 3.25
1846 2.317843 -0.961393  3.279236 3.28
1847 2.330425 -0.985367  3.315792 3.32
1848 2.343309 -1.005392  3.348701 3.35
1849 2.356533 -1.015613  3.372146 3.37
1850 2.370105 -1.012086  3.382192 3.38
1851 2.384013 -0.993803  3.377816 3.38
1852 2.398208 -0.963370  3.361578 3.36
1853 2.412596 -0.927027  3.339623 3.34
1854 2.427031 -0.893623  3.320654 3.32
1855 2.441363 -0.872466  3.313829 3.31
1856 2.455505 -0.870622  3.326126 3.33
1857 2.469489 -0.890779  3.360268 3.36
1858 2.483458 -0.930650  3.414108 3.41
1859 2.497591 -0.984055  3.481646 3.48
1860 2.512026 -1.043009  3.555035 3.56
1861 2.526811 -1.099833  3.626644 3.63
1862 2.541907 -1.148633  3.690540 3.69
1863 2.557208 -1.185972  3.743180 3.74
1864 2.572582 -1.210878  3.783460 3.78
1865 2.587893 -1.224445  3.812337 3.81
1866 2.603011 -1.229215  3.832226 3.83
1867 2.617828 -1.228422  3.846250 3.85
1868 2.632259 -1.225181  3.857440 3.86
1869 2.646261 -1.221797  3.868057 3.87
1870 2.659834 -1.219439  3.879272 3.88
1871 2.673009 -1.218321  3.891329 3.89
1872 2.685816 -1.218262  3.904078 3.90
1873 2.698261 -1.219268  3.917529 3.92
1874 2.710314 -1.221774  3.932088 3.93
1875 2.721929 -1.226449  3.948378 3.95
1876 2.733057 -1.233723  3.966780 3.97
1877 2.743662 -1.243316  3.986978 3.99
1878 2.753726 -1.253983  4.007709 4.01
1879 2.763244 -1.263564  4.026808 4.03
1880 2.772226 -1.269330  4.041556 4.04
1881 2.780689 -1.268568  4.049257 4.05
1882 2.788648 -1.259294  4.047942 4.05
1883 2.796101 -1.240850  4.036952 4.04
1884 2.803019 -1.214100  4.017118 4.02
1885 2.809352 -1.181006  3.990358 3.99
1886 2.815073 -1.143796  3.958869 3.96
1887 2.820203 -1.104205  3.924409 3.92
1888 2.824808 -1.063294  3.888102 3.89
1889 2.828970 -1.021816  3.850786 3.85
1890 2.832764 -0.980815  3.813579 3.81
1891 2.836230 -0.942072  3.778302 3.78
1892 2.839343 -0.907993  3.747336 3.75
1893 2.842035 -0.880616  3.722652 3.72
1894 2.844286 -0.860108  3.704393 3.70
1895 2.846209 -0.844091  3.690300 3.69
1896 2.848016 -0.828960  3.676975 3.68
1897 2.849874 -0.812603  3.662477 3.66
1898 2.851786 -0.796536  3.648322 3.65
1899 2.853577 -0.785684  3.639261 3.64
1900 2.855009 -0.785656  3.640665 3.64
1901 2.855945 -0.799175  3.655120 3.66
1902 2.856438 -0.824115  3.680552 3.68
1903 2.856653 -0.854367  3.711020 3.71
1904 2.856729 -0.882531  3.739260 3.74
1905 2.856715 -0.902458  3.759173 3.76
1906 2.856585 -0.910550  3.767135 3.77
1907 2.856282 -0.905834  3.762115 3.76
1908 2.855754 -0.889336  3.745090 3.75
1909 2.854975 -0.863256  3.718231 3.72
1910 2.853954 -0.830269  3.684223 3.68
1911 2.852728 -0.793145  3.645874 3.65
1912 2.851351 -0.754700  3.606051 3.61
1913 2.849865 -0.717906  3.567771 3.57
1914 2.848278 -0.685849  3.534127 3.53
1915 2.846572 -0.661311  3.507884 3.51
1916 2.844728 -0.646092  3.490820 3.49
1917 2.842752 -0.640457  3.483210 3.48
1918 2.840698 -0.643152  3.483849 3.48
1919 2.838670 -0.652192  3.490862 3.49
1920 2.836817 -0.666523  3.503340 3.50
1921 2.835215 -0.688146  3.523360 3.52
1922 2.833666 -0.722987  3.556653 3.56
1923 2.831690 -0.778001  3.609692 3.61
1924 2.828939 -0.854893  3.683832 3.68
1925 2.825568 -0.946287  3.771855 3.77
1926 2.821969 -1.039094  3.861064 3.86
1927 2.818299 -1.121526  3.939825 3.94
1928 2.814406 -1.187177  4.001583 4.00
1929 2.810040 -1.234590  4.044630 4.04
1930 2.805022 -1.264803  4.069824 4.07
1931 2.799286 -1.279285  4.078571 4.08
1932 2.792861 -1.279088  4.071949 4.07
1933 2.785821 -1.264985  4.050806 4.05
1934 2.778248 -1.238005  4.016253 4.02
1935 2.770217 -1.199829  3.970046 3.97
1936 2.761796 -1.152837  3.914634 3.91
1937 2.753064 -1.099909  3.852973 3.85
1938 2.744111 -1.044255  3.788367 3.79
1939 2.735026 -0.989419  3.724445 3.72
1940 2.725863 -0.939291  3.665154 3.67
1941 2.716627 -0.897836  3.614463 3.61
1942 2.707285 -0.868386  3.575672 3.58
1943 2.697804 -0.852754  3.550558 3.55
1944 2.688174 -0.850636  3.538810 3.54
1945 2.678423 -0.859684  3.538107 3.54
1946 2.668591 -0.876248  3.544838 3.54
1947 2.658710 -0.896428  3.555137 3.56
1948 2.648778 -0.916941  3.565719 3.57
1949 2.638767 -0.935456  3.574223 3.57
1950 2.628637 -0.950383  3.579020 3.58
1951 2.618364 -0.960398  3.578761 3.58
1952 2.607953 -0.964035  3.571988 3.57
1953 2.597447 -0.959597  3.557043 3.56
1954 2.586920 -0.945414  3.532334 3.53
1955 2.576471 -0.920395  3.496866 3.50
1956 2.566213 -0.884705  3.450917 3.45
1957 2.556253 -0.840455  3.396708 3.40
1958 2.546667 -0.792181  3.338848 3.34
1959 2.537459 -0.746794  3.284252 3.28
1960 2.528527 -0.712611  3.241138 3.24
1961 2.519704 -0.697327  3.217031 3.22
1962 2.510839 -0.705548  3.216386 3.22
1963 2.501880 -0.737159  3.239040 3.24
1964 2.492865 -0.787517  3.280383 3.28
1965 2.483848 -0.849138  3.332986 3.33
1966 2.474854 -0.913742  3.388596 3.39
1967 2.465879 -0.973785  3.439663 3.44
1968 2.456913 -1.023308  3.480221 3.48
1969 2.447954 -1.058361  3.506315 3.51
1970 2.439011 -1.077153  3.516163 3.52
1971 2.430098 -1.079992  3.510090 3.51
1972 2.421231 -1.069018  3.490249 3.49
1973 2.412419 -1.047712  3.460130 3.46
1974 2.403661 -1.020197  3.423858 3.42
1975 2.394955 -0.990418  3.385373 3.39
1976 2.386311 -0.961379  3.347690 3.35
1977 2.377767 -0.934715  3.312482 3.31
1978 2.369398 -0.910838  3.280236 3.28
1979 2.361298 -0.889682  3.250979 3.25
1980 2.353532 -0.871743  3.225276 3.23
1981 2.346097 -0.858772  3.204870 3.20
1982 2.338904 -0.853494  3.192397 3.19
1983 2.331835 -0.858308  3.190143 3.19
1984 2.324832 -0.873808  3.198639 3.20
1985 2.317922 -0.898258  3.216180 3.22
1986 2.311173 -0.928426  3.239599 3.24
1987 2.304615 -0.960987  3.265602 3.27
1988 2.298226 -0.993467  3.291693 3.29
1989 2.291951 -1.024361  3.316313 3.32
1990 2.285741 -1.052709  3.338450 3.34
1991 2.279575 -1.077661  3.357236 3.36
1992 2.273461 -1.098362  3.371823 3.37
1993 2.267417 -1.114163  3.381580 3.38
1994 2.261446 -1.124894  3.386340 3.39
1995 2.255519 -1.130833  3.386352 3.39
1996 2.249596 -1.132207  3.381803 3.38
1997 2.243669 -1.128514  3.372183 3.37
1998 2.237796 -1.118282  3.356078 3.36
1999 2.232078 -1.099649  3.331726 3.33
