#Step   Etot   PotE Ktot  T
0 0.818303 -2.635729  3.454032 3.45
1 0.818293 -2.628582  3.446875 3.45
2 0.818272 -2.616552  3.434824 3.43
3 0.818241 -2.599406  3.417647 3.42
4 0.818200 -2.576794  3.394994 3.39
5 0.818148 -2.548254  3.366402 3.37
6 0.818087 -2.513220  3.331307 3.33
7 0.818020 -2.471049  3.289070 3.29
8 0.817953 -2.421069  3.239022 3.24
9 0.817893 -2.362663  3.180555 3.18
10 0.817854 -2.295403  3.113257 3.11
11 0.817853 -2.219250  3.037104 3.04
12 0.817909 -2.134796  2.952704 2.95
13 0.818030 -2.043492  2.861522 2.86
14 0.818210 -1.947764  2.765974 2.77
15 0.818417 -1.850854  2.669272 2.67
16 0.818607 -1.756340  2.574948 2.57
17 0.818741 -1.667454  2.486195 2.49
18 0.818808 -1.586508  2.405315 2.41
19 0.818825 -1.514727  2.333553 2.33
20 0.818824 -1.452506  2.271330 2.27
21 0.818824 -1.399832  2.218656 2.22
22 0.818827 -1.356593  2.175420 2.18
23 0.818825 -1.322652  2.141476 2.14
24 0.818807 -1.297748  2.116555 2.12
25 0.818769 -1.281381  2.100150 2.10
26 0.818713 -1.272750  2.091463 2.09
27 0.818645 -1.270785  2.089430 2.09
28 0.818573 -1.274244  2.092817 2.09
29 0.818503 -1.281829  2.100333 2.10
30 0.818442 -1.292294  2.110736 2.11
31 0.818389 -1.304516  2.122905 2.12
32 0.818345 -1.317526  2.135871 2.14
33 0.818308 -1.330503  2.148811 2.15
34 0.818277 -1.342756  2.161032 2.16
35 0.818250 -1.353702  2.171952 2.17
36 0.818230 -1.362867  2.181097 2.18
37 0.818218 -1.369899  2.188118 2.19
38 0.818218 -1.374605  2.192823 2.19
39 0.818231 -1.376982  2.195213 2.20
40 0.818258 -1.377251  2.195509 2.20
41 0.818299 -1.375865  2.194164 2.19
42 0.818351 -1.373498  2.191849 2.19
43 0.818409 -1.370997  2.189406 2.19
44 0.818466 -1.369307  2.187774 2.19
45 0.818514 -1.369360  2.187874 2.19
46 0.818544 -1.371939  2.190483 2.19
47 0.818548 -1.377550  2.196098 2.20
48 0.818526 -1.386317  2.204843 2.20
49 0.818480 -1.397958  2.216438 2.22
50 0.818419 -1.411826  2.230245 2.23
51 0.818355 -1.427051  2.245406 2.25
52 0.818301 -1.442708  2.261009 2.26
53 0.818265 -1.458005  2.276270 2.28
54 0.818251 -1.472414  2.290664 2.29
55 0.818257 -1.485727  2.303984 2.30
56 0.818277 -1.498042  2.316319 2.32
57 0.818302 -1.509666  2.327968 2.33
58 0.818323 -1.520986  2.339308 2.34
59 0.818328 -1.532312  2.350640 2.35
60 0.818311 -1.543729  2.362040 2.36
61 0.818269 -1.554987  2.373257 2.37
62 0.818208 -1.565472  2.383680 2.38
63 0.818138 -1.574276  2.392415 2.39
64 0.818076 -1.580374  2.398450 2.40
65 0.818033 -1.582839  2.400872 2.40
66 0.818021 -1.581060  2.399081 2.40
67 0.818044 -1.574888  2.392932 2.39
68 0.818101 -1.564708  2.382810 2.38
69 0.818187 -1.551430  2.369617 2.37
70 0.818293 -1.536401  2.354694 2.35
71 0.818407 -1.521275  2.339682 2.34
72 0.818515 -1.507823  2.326338 2.33
73 0.818601 -1.497712  2.316313 2.32
74 0.818653 -1.492269  2.310922 2.31
75 0.818664 -1.492297  2.310962 2.31
76 0.818636 -1.497967  2.316603 2.32
77 0.818576 -1.508832  2.327408 2.33
78 0.818498 -1.523954  2.342451 2.34
79 0.818416 -1.542101  2.360517 2.36
80 0.818342 -1.561961  2.380302 2.38
81 0.818281 -1.582306  2.400587 2.40
82 0.818235 -1.602102  2.420337 2.42
83 0.818202 -1.620536  2.438738 2.44
84 0.818179 -1.637001  2.455179 2.46
85 0.818159 -1.651037  2.469196 2.47
86 0.818139 -1.662268  2.480407 2.48
87 0.818115 -1.670333  2.488447 2.49
88 0.818087 -1.674850  2.492937 2.49
89 0.818059 -1.675420  2.493479 2.49
90 0.818037 -1.671680  2.489718 2.49
91 0.818028 -1.663390  2.481418 2.48
92 0.818037 -1.650534  2.468570 2.47
93 0.818063 -1.633386  2.451448 2.45
94 0.818102 -1.612512  2.430614 2.43
95 0.818147 -1.588699  2.406846 2.41
96 0.818189 -1.562835  2.381025 2.38
97 0.818227 -1.535796  2.354023 2.35
98 0.818260 -1.508391  2.326651 2.33
99 0.818292 -1.481367  2.299659 2.30
100 0.818321 -1.455431  2.273752 2.27
101 0.818343 -1.431231  2.249574 2.25
102 0.818352 -1.409277  2.227628 2.23
103 0.818343 -1.389849  2.208191 2.21
104 0.818321 -1.372954  2.191274 2.19
105 0.818294 -1.358383  2.176677 2.18
106 0.818275 -1.345845  2.164120 2.16
107 0.818268 -1.335124  2.153392 2.15
108 0.818274 -1.326174  2.144449 2.14
109 0.818286 -1.319123  2.137409 2.14
110 0.818290 -1.314156  2.132447 2.13
111 0.818275 -1.311345  2.129621 2.13
112 0.818235 -1.310475  2.128710 2.13
113 0.818172 -1.310962  2.129135 2.13
114 0.818101 -1.311916  2.130017 2.13
115 0.818038 -1.312328  2.130366 2.13
116 0.818001 -1.311340  2.129341 2.13
117 0.817999 -1.308486  2.126484 2.13
118 0.818030 -1.303828  2.121857 2.12
119 0.818084 -1.297938  2.116022 2.12
120 0.818144 -1.291742  2.109886 2.11
121 0.818196 -1.286275  2.104472 2.10
122 0.818231 -1.282452  2.100683 2.10
123 0.818251 -1.280932  2.099183 2.10
124 0.818266 -1.282143  2.100409 2.10
125 0.818290 -1.286417  2.104707 2.10
126 0.818330 -1.294167  2.112497 2.11
127 0.818383 -1.305986  2.124369 2.12
128 0.818435 -1.322589  2.141024 2.14
129 0.818465 -1.344604  2.163069 2.16
130 0.818455 -1.372273  2.190728 2.19
131 0.818397 -1.405206  2.223602 2.22
132 0.818296 -1.442265  2.260561 2.26
133 0.818170 -1.481667  2.299837 2.30
134 0.818041 -1.521245  2.339286 2.34
135 0.817927 -1.558776  2.376702 2.38
136 0.817837 -1.592260  2.410097 2.41
137 0.817776 -1.620096  2.437872 2.44
138 0.817741 -1.641141  2.458882 2.46
139 0.817731 -1.654708  2.472439 2.47
140 0.817744 -1.660544  2.478288 2.48
141 0.817781 -1.658819  2.476600 2.48
142 0.817844 -1.650133  2.467978 2.47
143 0.817934 -1.635536  2.453470 2.45
144 0.818048 -1.616519  2.434567 2.43
145 0.818180 -1.594972  2.413152 2.41
146 0.818318 -1.573064  2.391382 2.39
147 0.818446 -1.553048  2.371494 2.37
148 0.818545 -1.537006  2.355551 2.36
149 0.818600 -1.526573  2.345173 2.35
150 0.818600 -1.522681  2.341281 2.34
151 0.818539 -1.525393  2.343932 2.34
152 0.818425 -1.533841  2.352266 2.35
153 0.818272 -1.546323  2.364596 2.36
154 0.818105 -1.560548  2.378653 2.38
155 0.817949 -1.573988  2.391937 2.39
156 0.817829 -1.584286  2.402115 2.40
157 0.817764 -1.589641  2.407405 2.41
158 0.817761 -1.589083  2.406844 2.41
159 0.817813 -1.582592  2.400405 2.40
160 0.817901 -1.570999  2.388900 2.39
161 0.817993 -1.555686  2.373679 2.37
162 0.818060 -1.538142  2.356201 2.36
163 0.818084 -1.519526  2.337610 2.34
164 0.818067 -1.500418  2.318485 2.32
165 0.818026 -1.480832  2.298858 2.30
166 0.817987 -1.460471  2.278459 2.28
167 0.817981 -1.439119  2.257100 2.26
168 0.818032 -1.417064  2.235097 2.24
169 0.818156 -1.395475  2.213631 2.21
170 0.818337 -1.376549  2.194886 2.19
171 0.818520 -1.363225  2.181746 2.18
172 0.818634 -1.358354  2.176988 2.18
173 0.818631 -1.363634  2.182265 2.18
174 0.818523 -1.378938  2.197461 2.20
175 0.818364 -1.402460  2.220823 2.22
176 0.818208 -1.431493  2.249701 2.25
177 0.818085 -1.463255  2.281340 2.28
178 0.817998 -1.495361  2.313359 2.31
179 0.817942 -1.525951  2.343894 2.34
180 0.817911 -1.553659  2.371570 2.37
181 0.817895 -1.577536  2.395431 2.40
182 0.817886 -1.596950  2.414836 2.41
183 0.817872 -1.611447  2.429319 2.43
184 0.817845 -1.620600  2.438445 2.44
185 0.817801 -1.623892  2.441692 2.44
186 0.817743 -1.620678  2.438422 2.44
187 0.817685 -1.610256  2.427941 2.43
188 0.817649 -1.592057  2.409706 2.41
189 0.817665 -1.565979  2.383644 2.38
190 0.817768 -1.532826  2.350594 2.35
191 0.817978 -1.494762  2.312739 2.31
192 0.818276 -1.455527  2.273802 2.27
193 0.818589 -1.420071  2.238660 2.24
194 0.818812 -1.393419  2.212231 2.21
195 0.818864 -1.379103  2.197967 2.20
196 0.818745 -1.378014  2.196759 2.20
197 0.818524 -1.388373  2.206896 2.21
198 0.818282 -1.406708  2.224990 2.22
199 0.818074 -1.429086  2.247159 2.25
200 0.817917 -1.451963  2.269880 2.27
201 0.817812 -1.472548  2.290360 2.29
202 0.817754 -1.488863  2.306617 2.31
203 0.817743 -1.499721  2.317464 2.32
204 0.817775 -1.504708  2.322483 2.32
205 0.817849 -1.504157  2.322006 2.32
206 0.817955 -1.499082  2.317037 2.32
207 0.818077 -1.491030  2.309107 2.31
208 0.818194 -1.481822  2.300016 2.30
209 0.818289 -1.473244  2.291534 2.29
210 0.818349 -1.466755  2.285104 2.29
211 0.818372 -1.463286  2.281658 2.28
212 0.818360 -1.463191  2.281551 2.28
213 0.818324 -1.466291  2.284614 2.28
214 0.818271 -1.471995  2.290266 2.29
215 0.818214 -1.479448  2.297662 2.30
216 0.818163 -1.487701  2.305864 2.31
217 0.818124 -1.495873  2.313997 2.31
218 0.818100 -1.503268  2.321369 2.32
219 0.818089 -1.509426  2.327516 2.33
220 0.818085 -1.514089  2.332174 2.33
221 0.818084 -1.517132  2.335215 2.34
222 0.818082 -1.518500  2.336582 2.34
223 0.818081 -1.518172  2.336253 2.34
224 0.818081 -1.516160  2.334241 2.33
225 0.818081 -1.512512  2.330593 2.33
226 0.818078 -1.507294  2.325371 2.33
227 0.818066 -1.500537  2.318604 2.32
228 0.818043 -1.492177  2.310220 2.31
229 0.818011 -1.482012  2.300023 2.30
230 0.817978 -1.469748  2.287726 2.29
231 0.817959 -1.455123  2.273082 2.27
232 0.817974 -1.438144  2.256119 2.26
233 0.818043 -1.419368  2.237411 2.24
234 0.818174 -1.400164  2.218338 2.22
235 0.818353 -1.382803  2.201156 2.20
236 0.818537 -1.370196  2.188733 2.19
237 0.818663 -1.365221  2.183885 2.18
238 0.818683 -1.369807  2.188490 2.19
239 0.818588 -1.384224  2.202812 2.20
240 0.818412 -1.406957  2.225370 2.23
241 0.818206 -1.435196  2.253403 2.25
242 0.818011 -1.465591  2.283603 2.28
243 0.817848 -1.494894  2.312742 2.31
244 0.817723 -1.520318  2.338041 2.34
245 0.817638 -1.539691  2.357329 2.36
246 0.817598 -1.551518  2.369116 2.37
247 0.817608 -1.555057  2.372665 2.37
248 0.817674 -1.550401  2.368075 2.37
249 0.817793 -1.538538  2.356331 2.36
250 0.817955 -1.521308  2.339264 2.34
251 0.818140 -1.501233  2.319373 2.32
252 0.818319 -1.481178  2.299498 2.30
253 0.818463 -1.463922  2.282385 2.28
254 0.818550 -1.451702  2.270252 2.27
255 0.818569 -1.445873  2.264442 2.26
256 0.818526 -1.446745  2.265271 2.27
257 0.818438 -1.453656  2.272093 2.27
258 0.818328 -1.465208  2.283536 2.28
259 0.818218 -1.479622  2.297840 2.30
260 0.818124 -1.495074  2.313198 2.31
261 0.818055 -1.509957  2.328012 2.33
262 0.818010 -1.523023  2.341033 2.34
263 0.817986 -1.533401  2.351387 2.35
264 0.817977 -1.540555  2.358532 2.36
265 0.817980 -1.544223  2.362202 2.36
266 0.817995 -1.544371  2.362366 2.36
267 0.818028 -1.541211  2.359239 2.36
268 0.818080 -1.535235  2.353315 2.35
269 0.818151 -1.527253  2.345404 2.35
270 0.818237 -1.518376  2.336613 2.34
271 0.818325 -1.509926  2.328251 2.33
272 0.818399 -1.503246  2.321645 2.32
273 0.818443 -1.499464  2.317907 2.32
274 0.818446 -1.499248  2.317694 2.32
275 0.818404 -1.502643  2.321047 2.32
276 0.818324 -1.509027  2.327350 2.33
277 0.818217 -1.517197  2.335415 2.34
278 0.818101 -1.525567  2.343669 2.34
279 0.817989 -1.532401  2.350391 2.35
280 0.817892 -1.536038  2.353931 2.35
281 0.817820 -1.535071  2.352891 2.35
282 0.817777 -1.528483  2.346259 2.35
283 0.817768 -1.515741  2.333509 2.33
284 0.817798 -1.496878  2.314676 2.31
285 0.817868 -1.472536  2.290404 2.29
286 0.817972 -1.443977  2.261950 2.26
287 0.818102 -1.413002  2.231105 2.23
288 0.818241 -1.381781  2.200022 2.20
289 0.818369 -1.352593  2.170962 2.17
290 0.818468 -1.327527  2.145995 2.15
291 0.818525 -1.308192  2.126717 2.13
292 0.818535 -1.295518  2.114053 2.11
293 0.818503 -1.289677  2.108179 2.11
294 0.818442 -1.290156  2.108598 2.11
295 0.818370 -1.295959  2.114329 2.11
296 0.818302 -1.305872  2.124174 2.12
297 0.818249 -1.318702  2.136951 2.14
298 0.818214 -1.333445  2.151659 2.15
299 0.818196 -1.349366  2.167562 2.17
300 0.818194 -1.365996  2.184190 2.18
301 0.818201 -1.383106  2.201307 2.20
302 0.818215 -1.400643  2.218858 2.22
303 0.818229 -1.418662  2.236891 2.24
304 0.818239 -1.437248  2.255487 2.26
305 0.818239 -1.456433  2.274671 2.27
306 0.818226 -1.476120  2.294345 2.29
307 0.818196 -1.496023  2.314219 2.31
308 0.818150 -1.515625  2.333775 2.33
309 0.818088 -1.534164  2.352252 2.35
310 0.818017 -1.550671  2.368687 2.37
311 0.817943 -1.564046  2.381989 2.38
312 0.817878 -1.573190  2.391068 2.39
313 0.817830 -1.577154  2.394984 2.39
314 0.817808 -1.575291  2.393099 2.39
315 0.817819 -1.567382  2.385200 2.39
316 0.817866 -1.553732  2.371597 2.37
317 0.817950 -1.535221  2.353171 2.35
318 0.818068 -1.513310  2.331377 2.33
319 0.818209 -1.489972  2.308182 2.31
320 0.818357 -1.467533  2.285891 2.29
321 0.818488 -1.448388  2.266877 2.27
322 0.818579 -1.434647  2.253226 2.25
323 0.818613 -1.427782  2.246395 2.25
324 0.818591 -1.428399  2.246990 2.25
325 0.818525 -1.436218  2.254743 2.25
326 0.818435 -1.450246  2.268681 2.27
327 0.818341 -1.469078  2.287419 2.29
328 0.818258 -1.491194  2.309453 2.31
329 0.818193 -1.515193  2.333386 2.33
330 0.818144 -1.539897  2.358041 2.36
331 0.818104 -1.564351  2.382455 2.38
332 0.818063 -1.587737  2.405799 2.41
333 0.818014 -1.609246  2.427261 2.43
334 0.817954 -1.627994  2.445949 2.45
335 0.817884 -1.642975  2.460859 2.46
336 0.817808 -1.653090  2.470898 2.47
337 0.817733 -1.657221  2.474954 2.47
338 0.817669 -1.654346  2.472015 2.47
339 0.817628 -1.643692  2.461320 2.46
340 0.817627 -1.624936  2.442563 2.44
341 0.817681 -1.598441  2.416122 2.42
342 0.817798 -1.565461  2.383259 2.38
343 0.817967 -1.528211  2.346178 2.35
344 0.818158 -1.489680  2.307838 2.31
345 0.818327 -1.453151  2.271478 2.27
346 0.818436 -1.421538  2.239973 2.24
347 0.818474 -1.396819  2.215293 2.22
348 0.818467 -1.379876  2.198343 2.20
349 0.818453 -1.370808  2.189261 2.19
350 0.818461 -1.369478  2.187939 2.19
351 0.818492 -1.375925  2.194417 2.19
352 0.818524 -1.390385  2.208909 2.21
353 0.818529 -1.413008  2.231537 2.23
354 0.818490 -1.443486  2.261976 2.26
355 0.818403 -1.480808  2.299211 2.30
356 0.818277 -1.523230  2.341507 2.34
357 0.818128 -1.568412  2.386540 2.39
358 0.817975 -1.613674  2.431649 2.43
359 0.817840 -1.656311  2.474151 2.47
360 0.817741 -1.693923  2.511664 2.51
361 0.817692 -1.724698  2.542390 2.54
362 0.817697 -1.747621  2.565318 2.57
363 0.817756 -1.762557  2.580313 2.58
364 0.817855 -1.770211  2.588067 2.59
365 0.817977 -1.771953  2.589930 2.59
366 0.818097 -1.769522  2.587619 2.59
367 0.818192 -1.764668  2.582860 2.58
368 0.818245 -1.758803  2.577048 2.58
369 0.818252 -1.752748  2.571000 2.57
370 0.818220 -1.746667  2.564886 2.56
371 0.818165 -1.740167  2.558332 2.56
372 0.818109 -1.732546  2.550655 2.55
373 0.818071 -1.723095  2.541166 2.54
374 0.818066 -1.711396  2.529462 2.53
375 0.818105 -1.697557  2.515662 2.52
376 0.818183 -1.682336  2.500519 2.50
377 0.818282 -1.667075  2.485357 2.49
378 0.818369 -1.653401  2.471770 2.47
379 0.818408 -1.642737  2.461145 2.46
380 0.818379 -1.635771  2.454150 2.45
381 0.818293 -1.632183  2.450475 2.45
382 0.818180 -1.630768  2.448949 2.45
383 0.818080 -1.629904  2.447984 2.45
384 0.818016 -1.628099  2.446115 2.45
385 0.817996 -1.624370  2.442366 2.44
386 0.818010 -1.618360  2.436370 2.44
387 0.818040 -1.610211  2.428251 2.43
388 0.818068 -1.600323  2.418391 2.42
389 0.818081 -1.589094  2.407174 2.41
390 0.818073 -1.576735  2.394808 2.39
391 0.818047 -1.563203  2.381250 2.38
392 0.818009 -1.548230  2.366239 2.37
393 0.817971 -1.531447  2.349418 2.35
394 0.817948 -1.512559  2.330508 2.33
395 0.817963 -1.491592  2.309555 2.31
396 0.818043 -1.469217  2.287259 2.29
397 0.818207 -1.447118  2.265325 2.27
398 0.818443 -1.428210  2.246653 2.25
399 0.818688 -1.416364  2.235053 2.24
400 0.818838 -1.415400  2.234238 2.23
401 0.818810 -1.427561  2.246371 2.25
402 0.818609 -1.452355  2.270964 2.27
403 0.818321 -1.486607  2.304928 2.30
404 0.818052 -1.525701  2.343753 2.34
405 0.817865 -1.565125  2.382990 2.38
406 0.817772 -1.601477  2.419249 2.42
407 0.817753 -1.632732  2.450485 2.45
408 0.817781 -1.658018  2.475798 2.48
409 0.817831 -1.677251  2.495082 2.50
410 0.817884 -1.690785  2.508669 2.51
411 0.817925 -1.699113  2.517038 2.52
412 0.817943 -1.702639  2.520581 2.52
413 0.817931 -1.701498  2.519429 2.52
414 0.817892 -1.695475  2.513366 2.51
415 0.817833 -1.684019  2.501852 2.50
416 0.817768 -1.666374  2.484142 2.48
417 0.817712 -1.641774  2.459485 2.46
418 0.817679 -1.609668  2.427347 2.43
419 0.817683 -1.569948  2.387631 2.39
420 0.817734 -1.523133  2.340868 2.34
421 0.817838 -1.470517  2.288355 2.29
422 0.817991 -1.414220  2.232211 2.23
423 0.818182 -1.357127  2.175309 2.18
424 0.818386 -1.302658  2.121044 2.12
425 0.818571 -1.254373  2.072943 2.07
426 0.818701 -1.215453  2.034154 2.03
427 0.818744 -1.188133  2.006877 2.01
428 0.818687 -1.173207  1.991894 1.99
429 0.818544 -1.169833  1.988377 1.99
430 0.818358 -1.175768  1.994126 1.99
431 0.818178 -1.188003  2.006181 2.01
432 0.818041 -1.203516  2.021557 2.02
433 0.817962 -1.219854  2.037817 2.04
434 0.817937 -1.235405  2.053342 2.05
435 0.817949 -1.249371  2.067321 2.07
436 0.817978 -1.261568  2.079546 2.08
437 0.818002 -1.272118  2.090120 2.09
438 0.818005 -1.281153  2.099158 2.10
439 0.817983 -1.288587  2.106570 2.11
440 0.817943 -1.294047  2.111990 2.11
441 0.817905 -1.296987  2.114893 2.11
442 0.817899 -1.296989  2.114888 2.11
443 0.817949 -1.294160  2.112109 2.11
444 0.818065 -1.289473  2.107538 2.11
445 0.818226 -1.284850  2.103076 2.10
446 0.818380 -1.282809  2.101189 2.10
447 0.818469 -1.285692  2.104161 2.10
448 0.818464 -1.294821  2.113285 2.11
449 0.818378 -1.310055  2.128433 2.13
450 0.818258 -1.329993  2.148251 2.15
451 0.818145 -1.352630  2.170775 2.17
452 0.818057 -1.375995  2.194053 2.19
453 0.817993 -1.398470  2.216463 2.22
454 0.817943 -1.418804  2.236746 2.24
455 0.817901 -1.436007  2.253908 2.25
456 0.817875 -1.449307  2.267182 2.27
457 0.817875 -1.458237  2.276112 2.28
458 0.817914 -1.462800  2.280714 2.28
459 0.817991 -1.463603  2.281594 2.28
460 0.818092 -1.461835  2.279928 2.28
461 0.818194 -1.459052  2.277245 2.28
462 0.818269 -1.456804  2.275073 2.28
463 0.818303 -1.456254  2.274557 2.27
464 0.818296 -1.457943  2.276239 2.28
465 0.818262 -1.461789  2.280050 2.28
466 0.818218 -1.467273  2.285491 2.29
467 0.818177 -1.473698  2.291875 2.29
468 0.818143 -1.480379  2.298523 2.30
469 0.818115 -1.486721  2.304835 2.30
470 0.818086 -1.492196  2.310281 2.31
471 0.818054 -1.496292  2.314346 2.31
472 0.818017 -1.498470  2.316487 2.32
473 0.817977 -1.498155  2.316132 2.32
474 0.817939 -1.494764  2.312702 2.31
475 0.817907 -1.487774  2.305681 2.31
476 0.817891 -1.476815  2.294705 2.29
477 0.817898 -1.461784  2.279682 2.28
478 0.817938 -1.442980  2.260918 2.26
479 0.818016 -1.421219  2.239235 2.24
480 0.818131 -1.397899  2.216030 2.22
481 0.818267 -1.374947  2.193214 2.19
482 0.818398 -1.354576  2.172974 2.17
483 0.818490 -1.338875  2.157364 2.16
484 0.818514 -1.329291  2.147805 2.15
485 0.818462 -1.326229  2.144690 2.14
486 0.818349 -1.328923  2.147272 2.15
487 0.818206 -1.335667  2.153873 2.15
488 0.818070 -1.344278  2.162348 2.16
489 0.817966 -1.352630  2.170596 2.17
490 0.817912 -1.359079  2.176990 2.18
491 0.817913 -1.362730  2.180643 2.18
492 0.817968 -1.363544  2.181512 2.18
493 0.818066 -1.362308  2.180374 2.18
494 0.818194 -1.360492  2.178685 2.18
495 0.818330 -1.360013  2.178343 2.18
496 0.818452 -1.362917  2.181369 2.18
497 0.818538 -1.371026  2.189564 2.19
498 0.818573 -1.385604  2.204177 2.20
499 0.818550 -1.407115  2.225665 2.23
500 0.818471 -1.435105  2.253576 2.25
501 0.818348 -1.468243  2.286591 2.29
502 0.818200 -1.504499  2.322699 2.32
503 0.818048 -1.541429  2.359477 2.36
504 0.817913 -1.576506  2.394419 2.39
505 0.817809 -1.607439  2.425247 2.43
506 0.817744 -1.632412  2.450157 2.45
507 0.817721 -1.650229  2.467950 2.47
508 0.817735 -1.660347  2.478083 2.48
509 0.817782 -1.662847  2.480629 2.48
510 0.817858 -1.658361  2.476218 2.48
511 0.817957 -1.648007  2.465964 2.47
512 0.818077 -1.633315  2.451392 2.45
513 0.818210 -1.616152  2.434362 2.43
514 0.818344 -1.598594  2.416938 2.42
515 0.818464 -1.582738  2.401202 2.40
516 0.818552 -1.570449  2.389001 2.39
517 0.818596 -1.563101  2.381698 2.38
518 0.818593 -1.561395  2.379988 2.38
519 0.818548 -1.565298  2.383847 2.38
520 0.818476 -1.574144  2.392621 2.39
521 0.818392 -1.586830  2.405222 2.41
522 0.818310 -1.602047  2.420357 2.42
523 0.818237 -1.618490  2.436727 2.44
524 0.818176 -1.634988  2.453164 2.45
525 0.818129 -1.650566  2.468695 2.47
526 0.818092 -1.664460  2.482553 2.48
527 0.818065 -1.676093  2.494158 2.49
528 0.818049 -1.685064  2.503112 2.50
529 0.818046 -1.691165  2.509211 2.51
530 0.818059 -1.694422  2.512481 2.51
531 0.818086 -1.695120  2.513207 2.51
532 0.818119 -1.693772  2.511891 2.51
533 0.818141 -1.690970  2.509111 2.51
534 0.818135 -1.687162  2.505297 2.51
535 0.818097 -1.682419  2.500516 2.50
536 0.818037 -1.676367  2.494404 2.49
537 0.817986 -1.668365  2.486351 2.49
538 0.817979 -1.657931  2.475910 2.48
539 0.818040 -1.645239  2.463279 2.46
540 0.818161 -1.631431  2.449592 2.45
541 0.818296 -1.618464  2.436759 2.44
542 0.818374 -1.608405  2.426779 2.43
543 0.818344 -1.602421  2.420766 2.42
544 0.818208 -1.600045  2.418253 2.42
545 0.818016 -1.599193  2.417209 2.42
546 0.817840 -1.596933  2.414773 2.41
547 0.817728 -1.590511  2.408239 2.41
548 0.817699 -1.578118  2.395817 2.40
549 0.817749 -1.559216  2.376965 2.38
550 0.817861 -1.534507  2.352367 2.35
551 0.818012 -1.505690  2.323703 2.32
552 0.818178 -1.475126  2.293304 2.29
553 0.818332 -1.445430  2.263762 2.26
554 0.818453 -1.419064  2.237517 2.24
555 0.818527 -1.397993  2.216520 2.22
556 0.818552 -1.383468  2.202020 2.20
557 0.818530 -1.375960  2.194490 2.19
558 0.818467 -1.375187  2.193654 2.19
559 0.818370 -1.380195  2.198565 2.20
560 0.818254 -1.389493  2.207747 2.21
561 0.818137 -1.401270  2.219407 2.22
562 0.818041 -1.413688  2.231729 2.23
563 0.817982 -1.425203  2.243185 2.24
564 0.817970 -1.434831  2.252801 2.25
565 0.818002 -1.442293  2.260295 2.26
566 0.818066 -1.447986  2.266052 2.27
567 0.818140 -1.452795  2.270935 2.27
568 0.818196 -1.457774  2.275970 2.28
569 0.818211 -1.463742  2.281954 2.28
570 0.818168 -1.470923  2.289092 2.29
571 0.818067 -1.478705  2.296772 2.30
572 0.817924 -1.485639  2.303563 2.30
573 0.817771 -1.489701  2.307472 2.31
574 0.817646 -1.488765  2.306411 2.31
575 0.817582 -1.481165  2.298747 2.30
576 0.817598 -1.466181  2.283779 2.28
577 0.817688 -1.444307  2.261995 2.26
578 0.817822 -1.417163  2.234985 2.23
579 0.817954 -1.387027  2.204981 2.20
580 0.818045 -1.356152  2.174197 2.17
581 0.818090 -1.326204  2.144294 2.14
582 0.818118 -1.298173  2.116290 2.12
583 0.818169 -1.272756  2.090925 2.09
584 0.818264 -1.250917  2.069182 2.07
585 0.818395 -1.234188  2.052583 2.05
586 0.818528 -1.224530  2.043057 2.04
587 0.818623 -1.223856  2.042479 2.04
588 0.818660 -1.233488  2.052148 2.05
589 0.818635 -1.253811  2.072446 2.07
590 0.818562 -1.284231  2.102793 2.10
591 0.818460 -1.323367  2.141827 2.14
592 0.818347 -1.369340  2.187687 2.19
593 0.818236 -1.420042  2.238278 2.24
594 0.818133 -1.473346  2.291480 2.29
595 0.818042 -1.527228  2.345270 2.35
596 0.817963 -1.579833  2.397796 2.40
597 0.817895 -1.629499  2.447395 2.45
598 0.817838 -1.674761  2.492599 2.49
599 0.817795 -1.714365  2.532160 2.53
600 0.817768 -1.747315  2.565082 2.57
601 0.817759 -1.772913  2.590671 2.59
602 0.817766 -1.790794  2.608560 2.61
603 0.817785 -1.800907  2.618691 2.62
604 0.817807 -1.803444  2.621251 2.62
605 0.817823 -1.798730  2.616553 2.62
606 0.817825 -1.787097  2.604922 2.60
607 0.817812 -1.768780  2.586592 2.59
608 0.817785 -1.743890  2.561675 2.56
609 0.817759 -1.712472  2.530231 2.53
610 0.817757 -1.674717  2.492475 2.49
611 0.817818 -1.631325  2.449143 2.45
612 0.817975 -1.584009  2.401984 2.40
613 0.818238 -1.535942  2.354179 2.35
614 0.818549 -1.491748  2.310297 2.31
615 0.818787 -1.456556  2.275343 2.28
616 0.818834 -1.434187  2.253021 2.25
617 0.818676 -1.425492  2.244169 2.24
618 0.818414 -1.428142  2.246557 2.25
619 0.818181 -1.438061  2.256242 2.26
620 0.818049 -1.451354  2.269403 2.27
621 0.818023 -1.465492  2.283515 2.28
622 0.818066 -1.479476  2.297542 2.30
623 0.818136 -1.493382  2.311518 2.31
624 0.818200 -1.507777  2.325977 2.33
625 0.818239 -1.523238  2.341477 2.34
626 0.818242 -1.540028  2.358269 2.36
627 0.818208 -1.557920  2.376128 2.38
628 0.818146 -1.576178  2.394325 2.39
629 0.818074 -1.593680  2.411754 2.41
630 0.818007 -1.609145  2.427152 2.43
631 0.817958 -1.621386  2.439344 2.44
632 0.817932 -1.629487  2.447420 2.45
633 0.817927 -1.632889  2.450816 2.45
634 0.817937 -1.631362  2.449299 2.45
635 0.817955 -1.624938  2.442894 2.44
636 0.817977 -1.613822  2.431800 2.43
637 0.817999 -1.598318  2.416317 2.42
638 0.818019 -1.578778  2.396797 2.40
639 0.818036 -1.555576  2.373612 2.37
640 0.818051 -1.529101  2.347152 2.35
641 0.818067 -1.499768  2.317835 2.32
642 0.818090 -1.468067  2.286156 2.29
643 0.818128 -1.434645  2.252774 2.25
644 0.818190 -1.400423  2.218613 2.22
645 0.818277 -1.366679  2.184956 2.18
646 0.818380 -1.335056  2.153435 2.15
647 0.818473 -1.307380  2.125854 2.13
648 0.818526 -1.285287  2.103813 2.10
649 0.818511 -1.269737  2.088249 2.09
650 0.818428 -1.260657  2.079085 2.08
651 0.818302 -1.256910  2.075212 2.08
652 0.818174 -1.256668  2.074842 2.07
653 0.818083 -1.258020  2.076103 2.08
654 0.818051 -1.259548  2.077599 2.08
655 0.818080 -1.260662  2.078742 2.08
656 0.818153 -1.261645  2.079798 2.08
657 0.818245 -1.263418  2.081663 2.08
658 0.818326 -1.267171  2.085497 2.09
659 0.818377 -1.273944  2.092321 2.09
660 0.818387 -1.284318  2.102705 2.10
661 0.818360 -1.298262  2.116623 2.12
662 0.818311 -1.315195  2.133505 2.13
663 0.818254 -1.334175  2.152429 2.15
664 0.818204 -1.354144  2.172348 2.17
665 0.818166 -1.374127  2.192293 2.19
666 0.818143 -1.393339  2.211482 2.21
667 0.818134 -1.411228  2.229362 2.23
668 0.818135 -1.427462  2.245596 2.25
669 0.818143 -1.441890  2.260033 2.26
670 0.818154 -1.454499  2.272653 2.27
671 0.818165 -1.465352  2.283517 2.28
672 0.818171 -1.474531  2.292702 2.29
673 0.818172 -1.482083  2.300255 2.30
674 0.818169 -1.488002  2.306171 2.31
675 0.818164 -1.492244  2.310409 2.31
676 0.818164 -1.494777  2.312942 2.31
677 0.818173 -1.495651  2.313824 2.31
678 0.818192 -1.495057  2.313249 2.31
679 0.818219 -1.493346  2.311564 2.31
680 0.818247 -1.490986  2.309233 2.31
681 0.818267 -1.488462  2.306729 2.31
682 0.818272 -1.486140  2.304412 2.30
683 0.818258 -1.484153  2.302411 2.30
684 0.818228 -1.482359  2.300587 2.30
685 0.818192 -1.480386  2.298578 2.30
686 0.818161 -1.477766  2.295926 2.30
687 0.818143 -1.474096  2.292240 2.29
688 0.818144 -1.469180  2.287324 2.29
689 0.818160 -1.463083  2.281244 2.28
690 0.818184 -1.456104  2.274288 2.27
691 0.818203 -1.448647  2.266850 2.27
692 0.818210 -1.441069  2.259280 2.26
693 0.818202 -1.433555  2.251757 2.25
694 0.818181 -1.426063  2.244244 2.24
695 0.818153 -1.418371  2.236524 2.24
696 0.818128 -1.410170  2.228297 2.23
697 0.818110 -1.401181  2.219291 2.22
698 0.818103 -1.391249  2.209352 2.21
699 0.818109 -1.380396  2.198505 2.20
700 0.818129 -1.368850  2.186978 2.19
701 0.818161 -1.357050  2.175210 2.18
702 0.818202 -1.345632  2.163833 2.16
703 0.818246 -1.335372  2.153619 2.15
704 0.818284 -1.327093  2.145377 2.15
705 0.818305 -1.321507  2.139812 2.14
706 0.818299 -1.319060  2.137358 2.14
707 0.818261 -1.319783  2.138044 2.14
708 0.818195 -1.323237  2.141433 2.14
709 0.818113 -1.328568  2.146681 2.15
710 0.818029 -1.334663  2.152692 2.15
711 0.817955 -1.340375  2.158331 2.16
712 0.817899 -1.344715  2.162614 2.16
713 0.817858 -1.346948  2.164806 2.16
714 0.817825 -1.346574  2.164399 2.16
715 0.817796 -1.343240  2.161036 2.16
716 0.817774 -1.336683  2.154457 2.15
717 0.817768 -1.326781  2.144549 2.14
718 0.817786 -1.313665  2.131451 2.13
719 0.817831 -1.297834  2.115666 2.12
720 0.817900 -1.280183  2.098084 2.10
721 0.817988 -1.261950  2.079938 2.08
722 0.818089 -1.244634  2.062722 2.06
723 0.818192 -1.229893  2.048085 2.05
724 0.818282 -1.219376  2.037658 2.04
725 0.818337 -1.214468  2.032805 2.03
726 0.818343 -1.215990  2.034333 2.03
727 0.818294 -1.223971  2.042265 2.04
728 0.818202 -1.237592  2.055794 2.06
729 0.818089 -1.255345  2.073434 2.07
730 0.817984 -1.275386  2.093370 2.09
731 0.817912 -1.295957  2.113868 2.11
732 0.817884 -1.315760  2.133644 2.13
733 0.817898 -1.334151  2.152049 2.15
734 0.817936 -1.351107  2.169043 2.17
735 0.817976 -1.367000  2.184976 2.18
736 0.817997 -1.382275  2.200272 2.20
737 0.817990 -1.397166  2.215156 2.22
738 0.817959 -1.411553  2.229512 2.23
739 0.817924 -1.425035  2.242959 2.24
740 0.817910 -1.437205  2.255115 2.26
741 0.817933 -1.447983  2.265916 2.27
742 0.817987 -1.457820  2.275807 2.28
743 0.818046 -1.467592  2.285637 2.29
744 0.818077 -1.478205  2.296282 2.30
745 0.818069 -1.490139  2.308208 2.31
746 0.818034 -1.503255  2.321290 2.32
747 0.818001 -1.516979  2.334980 2.33
748 0.817988 -1.530685  2.348673 2.35
749 0.817996 -1.543975  2.361971 2.36
750 0.818012 -1.556707  2.374719 2.37
751 0.818022 -1.568835  2.386857 2.39
752 0.818018 -1.580227  2.398245 2.40
753 0.817998 -1.590555  2.408554 2.41
754 0.817966 -1.599280  2.417246 2.42
755 0.817931 -1.605712  2.423643 2.42
756 0.817905 -1.609155  2.427060 2.43
757 0.817901 -1.609099  2.427000 2.43
758 0.817926 -1.605403  2.423329 2.42
759 0.817979 -1.598384  2.416363 2.42
760 0.818049 -1.588787  2.406835 2.41
761 0.818125 -1.577638  2.395764 2.40
762 0.818200 -1.566082  2.384282 2.38
763 0.818266 -1.555228  2.373493 2.37
764 0.818316 -1.546042  2.364358 2.36
765 0.818344 -1.539238  2.357582 2.36
766 0.818345 -1.535172  2.353517 2.35
767 0.818322 -1.533790  2.352112 2.35
768 0.818283 -1.534665  2.352948 2.35
769 0.818239 -1.537123  2.355361 2.36
770 0.818199 -1.540420  2.358619 2.36
771 0.818169 -1.543888  2.362057 2.36
772 0.818150 -1.547022  2.365172 2.37
773 0.818140 -1.549496  2.367636 2.37
774 0.818136 -1.551148  2.369285 2.37
775 0.818138 -1.551932  2.370070 2.37
776 0.818145 -1.551901  2.370046 2.37
777 0.818160 -1.551207  2.369367 2.37
778 0.818183 -1.550124  2.368306 2.37
779 0.818210 -1.549035  2.367245 2.37
780 0.818232 -1.548377  2.366609 2.37
781 0.818241 -1.548506  2.366747 2.37
782 0.818234 -1.549577  2.367811 2.37
783 0.818216 -1.551503  2.369719 2.37
784 0.818201 -1.554037  2.372238 2.37
785 0.818203 -1.556973  2.375177 2.38
786 0.818230 -1.560341  2.378571 2.38
787 0.818278 -1.564512  2.382790 2.38
788 0.818334 -1.570146  2.388480 2.39
789 0.818380 -1.578001  2.396381 2.40
790 0.818400 -1.588671  2.407071 2.41
791 0.818385 -1.602352  2.420737 2.42
792 0.818337 -1.618721  2.437058 2.44
793 0.818265 -1.636953  2.455218 2.46
794 0.818182 -1.655863  2.474045 2.47
795 0.818101 -1.674096  2.492197 2.49
796 0.818030 -1.690319  2.508349 2.51
797 0.817977 -1.703366  2.521342 2.52
798 0.817943 -1.712339  2.530283 2.53
799 0.817932 -1.716671  2.534603 2.53
800 0.817943 -1.716150  2.534093 2.53
801 0.817976 -1.710927  2.528902 2.53
802 0.818025 -1.701490  2.519516 2.52
803 0.818087 -1.688612  2.506699 2.51
804 0.818155 -1.673262  2.491417 2.49
805 0.818222 -1.656509  2.474731 2.47
806 0.818283 -1.639422  2.457705 2.46
807 0.818334 -1.622975  2.441309 2.44
808 0.818372 -1.607989  2.426361 2.43
809 0.818397 -1.595087  2.413484 2.41
810 0.818410 -1.584692  2.403101 2.40
811 0.818411 -1.577027  2.395438 2.40
812 0.818401 -1.572132  2.390533 2.39
813 0.818382 -1.569870  2.388252 2.39
814 0.818354 -1.569949  2.388302 2.39
815 0.818319 -1.571938  2.390258 2.39
816 0.818282 -1.575311  2.393593 2.39
817 0.818246 -1.579490  2.397736 2.40
818 0.818216 -1.583916  2.402132 2.40
819 0.818198 -1.588121  2.406319 2.41
820 0.818195 -1.591805  2.410001 2.41
821 0.818212 -1.594912  2.413124 2.41
822 0.818247 -1.597670  2.415917 2.42
823 0.818295 -1.600576  2.418871 2.42
824 0.818343 -1.604300  2.422643 2.42
825 0.818377 -1.609505  2.427882 2.43
826 0.818387 -1.616643  2.435029 2.44
827 0.818368 -1.625796  2.444165 2.44
828 0.818326 -1.636628  2.454953 2.45
829 0.818266 -1.648435  2.466701 2.47
830 0.818197 -1.660272  2.478469 2.48
831 0.818122 -1.671067  2.489190 2.49
832 0.818042 -1.679694  2.497735 2.50
833 0.817958 -1.685012  2.502971 2.50
834 0.817882 -1.685941  2.503823 2.50
835 0.817833 -1.681613  2.499446 2.50
836 0.817843 -1.671691  2.489535 2.49
837 0.817942 -1.656800  2.474742 2.47
838 0.818136 -1.638913  2.457050 2.46
839 0.818378 -1.621344  2.439721 2.44
840 0.818569 -1.607976  2.426546 2.43
841 0.818617 -1.601833  2.420451 2.42
842 0.818504 -1.603738  2.422242 2.42
843 0.818300 -1.612055  2.430355 2.43
844 0.818107 -1.623687  2.441794 2.44
845 0.817985 -1.635512  2.453497 2.45
846 0.817937 -1.645321  2.463258 2.46
847 0.817937 -1.651960  2.469897 2.47
848 0.817955 -1.655011  2.472966 2.47
849 0.817976 -1.654405  2.472381 2.47
850 0.817998 -1.650199  2.468197 2.47
851 0.818024 -1.642533  2.460556 2.46
852 0.818055 -1.631656  2.449711 2.45
853 0.818090 -1.617950  2.436040 2.44
854 0.818123 -1.601897  2.420020 2.42
855 0.818148 -1.584011  2.402159 2.40
856 0.818158 -1.564739  2.382897 2.38
857 0.818149 -1.544373  2.362521 2.36
858 0.818117 -1.522985  2.341103 2.34
859 0.818067 -1.500416  2.318483 2.32
860 0.818012 -1.476335  2.294347 2.29
861 0.817979 -1.450455  2.268434 2.27
862 0.818008 -1.422923  2.240931 2.24
863 0.818136 -1.394873  2.213010 2.21
864 0.818372 -1.368911  2.187283 2.19
865 0.818653 -1.349085  2.167738 2.17
866 0.818859 -1.339894  2.158753 2.16
867 0.818881 -1.344504  2.163385 2.16
868 0.818708 -1.363198  2.181905 2.18
869 0.818434 -1.393221  2.211655 2.21
870 0.818177 -1.430121  2.248298 2.25
871 0.818004 -1.469469  2.287473 2.29
872 0.817921 -1.507939  2.325859 2.33
873 0.817902 -1.543509  2.361412 2.36
874 0.817921 -1.575188  2.393109 2.39
875 0.817959 -1.602639  2.420597 2.42
876 0.818004 -1.625915  2.443920 2.44
877 0.818053 -1.645297  2.463350 2.46
878 0.818100 -1.661191  2.479292 2.48
879 0.818143 -1.674059  2.492202 2.49
880 0.818179 -1.684351  2.502530 2.50
881 0.818206 -1.692461  2.510666 2.51
882 0.818225 -1.698698  2.516924 2.52
883 0.818239 -1.703293  2.521532 2.52
884 0.818249 -1.706413  2.524662 2.52
885 0.818257 -1.708190  2.526447 2.53
886 0.818263 -1.708740  2.527003 2.53
887 0.818266 -1.708167  2.526434 2.53
888 0.818265 -1.706549  2.524814 2.52
889 0.818258 -1.703914  2.522172 2.52
890 0.818245 -1.700218  2.518463 2.52
891 0.818224 -1.695334  2.513558 2.51
892 0.818198 -1.689049  2.507247 2.51
893 0.818167 -1.681077  2.499244 2.50
894 0.818133 -1.671082  2.489215 2.49
895 0.818097 -1.658700  2.476797 2.48
896 0.818065 -1.643583  2.461647 2.46
897 0.818041 -1.625461  2.443502 2.44
898 0.818038 -1.604246  2.422284 2.42
899 0.818067 -1.580187  2.398254 2.40
900 0.818141 -1.554042  2.372183 2.37
901 0.818265 -1.527245  2.345509 2.35
902 0.818427 -1.501936  2.320363 2.32
903 0.818596 -1.480776  2.299372 2.30
904 0.818727 -1.466464  2.285190 2.29
905 0.818776 -1.461064  2.279840 2.28
906 0.818722 -1.465374  2.284096 2.28
907 0.818581 -1.478627  2.297208 2.30
908 0.818391 -1.498699  2.317090 2.32
909 0.818201 -1.522693  2.340894 2.34
910 0.818044 -1.547636  2.365680 2.37
911 0.817935 -1.571005  2.388941 2.39
912 0.817872 -1.590975  2.408847 2.41
913 0.817845 -1.606419  2.424265 2.42
914 0.817844 -1.616791  2.434635 2.43
915 0.817863 -1.621982  2.439845 2.44
916 0.817903 -1.622250  2.440153 2.44
917 0.817967 -1.618220  2.436187 2.44
918 0.818055 -1.610903  2.428958 2.43
919 0.818159 -1.601674  2.419833 2.42
920 0.818266 -1.592151  2.410417 2.41
921 0.818359 -1.583976  2.402335 2.40
922 0.818423 -1.578571  2.396995 2.40
923 0.818452 -1.576925  2.395377 2.40
924 0.818442 -1.579475  2.397917 2.40
925 0.818393 -1.586067  2.404460 2.40
926 0.818306 -1.595962  2.414268 2.41
927 0.818184 -1.607873  2.426057 2.43
928 0.818036 -1.620043  2.438079 2.44
929 0.817879 -1.630403  2.448282 2.45
930 0.817739 -1.636843  2.454582 2.45
931 0.817653 -1.637623  2.455277 2.46
932 0.817661 -1.631915  2.449576 2.45
933 0.817785 -1.620341  2.438126 2.44
934 0.817996 -1.605212  2.423208 2.42
935 0.818198 -1.590008  2.408206 2.41
936 0.818272 -1.577938  2.396210 2.40
937 0.818165 -1.570245  2.388410 2.39
938 0.817941 -1.565470  2.383411 2.38
939 0.817730 -1.560361  2.378091 2.38
940 0.817630 -1.551706  2.369336 2.37
941 0.817661 -1.537785  2.355445 2.36
942 0.817784 -1.518760  2.336544 2.34
943 0.817943 -1.496196  2.314140 2.31
944 0.818091 -1.472269  2.290360 2.29
945 0.818201 -1.449072  2.267273 2.27
946 0.818262 -1.428198  2.246461 2.25
947 0.818274 -1.410553  2.228827 2.23
948 0.818245 -1.396333  2.214578 2.21
949 0.818188 -1.385134  2.203323 2.20
950 0.818125 -1.376156  2.194281 2.19
951 0.818076 -1.368497  2.186574 2.19
952 0.818058 -1.361475  2.179533 2.18
953 0.818074 -1.354851  2.172925 2.17
954 0.818115 -1.348879  2.166994 2.17
955 0.818165 -1.344177  2.162342 2.16
956 0.818214 -1.341508  2.159722 2.16
957 0.818260 -1.341623  2.159884 2.16
958 0.818308 -1.345222  2.163531 2.16
959 0.818353 -1.352967  2.171320 2.17
960 0.818379 -1.365397  2.183775 2.18
961 0.818365 -1.382690  2.201056 2.20
962 0.818306 -1.404379  2.222685 2.22
963 0.818216 -1.429262  2.247477 2.25
964 0.818128 -1.455647  2.273775 2.27
965 0.818072 -1.481837  2.299909 2.30
966 0.818064 -1.506588  2.324652 2.32
967 0.818100 -1.529361  2.347461 2.35
968 0.818164 -1.550289  2.368453 2.37
969 0.818235 -1.569962  2.388197 2.39
970 0.818298 -1.589137  2.407434 2.41
971 0.818340 -1.608489  2.426829 2.43
972 0.818361 -1.628455  2.446816 2.45
973 0.818363 -1.649186  2.467549 2.47
974 0.818352 -1.670581  2.488934 2.49
975 0.818335 -1.692370  2.510705 2.51
976 0.818314 -1.714191  2.532505 2.53
977 0.818290 -1.735643  2.553933 2.55
978 0.818260 -1.756281  2.574541 2.57
979 0.818223 -1.775593  2.593816 2.59
980 0.818176 -1.792962  2.611138 2.61
981 0.818124 -1.807659  2.625783 2.63
982 0.818071 -1.818891  2.636962 2.64
983 0.818027 -1.825890  2.643918 2.64
984 0.818000 -1.828045  2.646045 2.65
985 0.817996 -1.825019  2.643015 2.64
986 0.818019 -1.816850  2.634868 2.63
987 0.818066 -1.803982  2.622048 2.62
988 0.818131 -1.787242  2.605373 2.61
989 0.818206 -1.767746  2.585952 2.59
990 0.818280 -1.746759  2.565039 2.57
991 0.818342 -1.725529  2.543871 2.54
992 0.818382 -1.705117  2.523498 2.52
993 0.818392 -1.686238  2.504630 2.50
994 0.818370 -1.669153  2.487523 2.49
995 0.818320 -1.653626  2.471947 2.47
996 0.818253 -1.638989  2.457242 2.46
997 0.818185 -1.624308  2.442493 2.44
998 0.818131 -1.608629  2.426760 2.43
999 0.818103 -1.591210  2.409313 2.41
1000 0.818102 -1.571696  2.389798 2.39
1001 0.818125 -1.550169  2.368294 2.37
1002 0.818161 -1.527095  2.345256 2.35
1003 0.818197 -1.503178  2.321375 2.32
1004 0.818222 -1.479174  2.297395 2.30
1005 0.818225 -1.455714  2.273939 2.27
1006 0.818205 -1.433174  2.251379 2.25
1007 0.818166 -1.411636  2.229802 2.23
1008 0.818121 -1.390962  2.209083 2.21
1009 0.818086 -1.370970  2.189057 2.19
1010 0.818079 -1.351672  2.169751 2.17
1011 0.818112 -1.333503  2.151615 2.15
1012 0.818193 -1.317502  2.135696 2.14
1013 0.818319 -1.305395  2.123714 2.12
1014 0.818457 -1.299458  2.117915 2.12
1015 0.818541 -1.301975  2.120516 2.12
1016 0.818506 -1.314264  2.132770 2.13
1017 0.818341 -1.335747  2.154088 2.15
1018 0.818113 -1.363827  2.181940 2.18
1019 0.817920 -1.394844  2.212764 2.21
1020 0.817830 -1.425515  2.243344 2.24
1021 0.817852 -1.453952  2.271804 2.27
1022 0.817955 -1.479897  2.297851 2.30
1023 0.818091 -1.504309  2.322400 2.32
1024 0.818214 -1.528699  2.346913 2.35
1025 0.818290 -1.554447  2.372737 2.37
1026 0.818298 -1.582282  2.400580 2.40
1027 0.818239 -1.611985  2.430224 2.43
1028 0.818128 -1.642373  2.460500 2.46
1029 0.817990 -1.671524  2.489514 2.49
1030 0.817851 -1.697148  2.514999 2.51
1031 0.817732 -1.716982  2.534714 2.53
1032 0.817646 -1.729108  2.546754 2.55
1033 0.817600 -1.732169  2.549769 2.55
1034 0.817596 -1.725487  2.543083 2.54
1035 0.817635 -1.709105  2.526739 2.53
1036 0.817713 -1.683790  2.501504 2.50
1037 0.817826 -1.650992  2.468818 2.47
1038 0.817962 -1.612732  2.430695 2.43
1039 0.818105 -1.571423  2.389528 2.39
1040 0.818232 -1.529592  2.347823 2.35
1041 0.818325 -1.489553  2.307878 2.31
1042 0.818373 -1.453108  2.271481 2.27
1043 0.818380 -1.421372  2.239752 2.24
1044 0.818369 -1.394827  2.213196 2.21
1045 0.818367 -1.373620  2.191987 2.19
1046 0.818397 -1.357962  2.176359 2.18
1047 0.818460 -1.348425  2.166885 2.17
1048 0.818534 -1.345951  2.164485 2.16
1049 0.818584 -1.351539  2.170123 2.17
1050 0.818581 -1.365751  2.184332 2.18
1051 0.818515 -1.388301  2.206817 2.21
1052 0.818396 -1.417915  2.236311 2.24
1053 0.818247 -1.452478  2.270725 2.27
1054 0.818092 -1.489391  2.307484 2.31
1055 0.817951 -1.525946  2.343897 2.34
1056 0.817835 -1.559631  2.377466 2.38
1057 0.817747 -1.588322  2.406070 2.41
1058 0.817689 -1.610376  2.428065 2.43
1059 0.817660 -1.624656  2.442316 2.44
1060 0.817658 -1.630532  2.448190 2.45
1061 0.817681 -1.627858  2.445538 2.45
1062 0.817725 -1.616940  2.434665 2.43
1063 0.817787 -1.598488  2.416275 2.42
1064 0.817864 -1.573558  2.391421 2.39
1065 0.817952 -1.543482  2.361434 2.36
1066 0.818052 -1.509826  2.327878 2.33
1067 0.818166 -1.474363  2.292529 2.29
1068 0.818295 -1.439090  2.257385 2.26
1069 0.818440 -1.406235  2.224674 2.22
1070 0.818589 -1.378208  2.196797 2.20
1071 0.818723 -1.357438  2.176161 2.18
1072 0.818814 -1.346047  2.164861 2.16
1073 0.818836 -1.345445  2.164281 2.16
1074 0.818774 -1.355939  2.174713 2.17
1075 0.818633 -1.376529  2.195162 2.20
1076 0.818438 -1.404996  2.223434 2.22
1077 0.818223 -1.438267  2.256489 2.26
1078 0.818019 -1.472927  2.290946 2.29
1079 0.817851 -1.505722  2.323574 2.32
1080 0.817730 -1.533932  2.351662 2.35
1081 0.817659 -1.555569  2.373228 2.37
1082 0.817635 -1.569456  2.387091 2.39
1083 0.817660 -1.575227  2.392886 2.39
1084 0.817733 -1.573327  2.391060 2.39
1085 0.817857 -1.565024  2.382881 2.38
1086 0.818023 -1.552389  2.370412 2.37
1087 0.818206 -1.538140  2.356347 2.36
1088 0.818359 -1.525210  2.343569 2.34
1089 0.818429 -1.516009  2.334438 2.33
1090 0.818393 -1.511673  2.330065 2.33
1091 0.818272 -1.511706  2.329978 2.33
1092 0.818122 -1.514301  2.332422 2.33
1093 0.817993 -1.517121  2.335114 2.34
1094 0.817912 -1.518079  2.335990 2.34
1095 0.817877 -1.515755  2.333632 2.33
1096 0.817878 -1.509450  2.327328 2.33
1097 0.817905 -1.499053  2.316958 2.32
1098 0.817953 -1.484903  2.302855 2.30
1099 0.818020 -1.467720  2.285741 2.29
1100 0.818105 -1.448571  2.266676 2.27
1101 0.818199 -1.428806  2.247005 2.25
1102 0.818291 -1.409943  2.228234 2.23
1103 0.818369 -1.393487  2.211856 2.21
1104 0.818423 -1.380736  2.199159 2.20
1105 0.818449 -1.372629  2.191078 2.19
1106 0.818450 -1.369679  2.188129 2.19
1107 0.818435 -1.372017  2.190451 2.19
1108 0.818416 -1.379514  2.197930 2.20
1109 0.818402 -1.391957  2.210358 2.21
1110 0.818395 -1.409164  2.227559 2.23
1111 0.818387 -1.431015  2.249403 2.25
1112 0.818361 -1.457316  2.275676 2.28
1113 0.818297 -1.487544  2.305841 2.31
1114 0.818191 -1.520606  2.338798 2.34
1115 0.818055 -1.554764  2.372819 2.37
1116 0.817917 -1.587822  2.405739 2.41
1117 0.817808 -1.617543  2.435350 2.44
1118 0.817750 -1.642112  2.459862 2.46
1119 0.817752 -1.660486  2.478237 2.48
1120 0.817807 -1.672525  2.490333 2.49
1121 0.817900 -1.678919  2.496818 2.50
1122 0.818005 -1.680926  2.498931 2.50
1123 0.818099 -1.680031  2.498130 2.50
1124 0.818162 -1.677575  2.495737 2.50
1125 0.818186 -1.674475  2.492661 2.49
1126 0.818174 -1.671092  2.489267 2.49
1127 0.818138 -1.667276  2.485414 2.49
1128 0.818092 -1.662526  2.480618 2.48
1129 0.818045 -1.656199  2.474244 2.47
1130 0.818003 -1.647669  2.465672 2.47
1131 0.817967 -1.636421  2.454388 2.45
1132 0.817940 -1.622093  2.440033 2.44
1133 0.817931 -1.604542  2.422473 2.42
1134 0.817958 -1.583981  2.401940 2.40
1135 0.818040 -1.561225  2.379265 2.38
1136 0.818181 -1.537929  2.356111 2.36
1137 0.818356 -1.516613  2.334969 2.33
1138 0.818497 -1.500198  2.318694 2.32
1139 0.818532 -1.491020  2.309552 2.31
1140 0.818441 -1.489819  2.308259 2.31
1141 0.818278 -1.495439  2.313718 2.31
1142 0.818139 -1.505606  2.323745 2.32
1143 0.818094 -1.518258  2.336352 2.34
1144 0.818149 -1.532570  2.350719 2.35
1145 0.818255 -1.549076  2.367330 2.37
1146 0.818338 -1.568983  2.387321 2.39
1147 0.818345 -1.593148  2.411494 2.41
1148 0.818265 -1.621311  2.439575 2.44
1149 0.818126 -1.651918  2.470044 2.47
1150 0.817977 -1.682550  2.500527 2.50
1151 0.817856 -1.710608  2.528464 2.53
1152 0.817783 -1.733910  2.551693 2.55
1153 0.817757 -1.751009  2.568766 2.57
1154 0.817769 -1.761225  2.578994 2.58
1155 0.817805 -1.764521  2.582326 2.58
1156 0.817859 -1.761342  2.579202 2.58
1157 0.817930 -1.752507  2.570437 2.57
1158 0.818019 -1.739164  2.557183 2.56
1159 0.818130 -1.722815  2.540945 2.54
1160 0.818262 -1.705332  2.523594 2.52
1161 0.818400 -1.688883  2.507284 2.51
1162 0.818520 -1.675701  2.494220 2.49
1163 0.818589 -1.667676  2.486265 2.49
1164 0.818584 -1.665891  2.484475 2.48
1165 0.818502 -1.670273  2.488775 2.49
1166 0.818361 -1.679548  2.497909 2.50
1167 0.818195 -1.691519  2.509715 2.51
1168 0.818036 -1.703559  2.521595 2.52
1169 0.817907 -1.713100  2.531007 2.53
1170 0.817817 -1.718009  2.535825 2.54
1171 0.817764 -1.716752  2.534516 2.53
1172 0.817743 -1.708413  2.526156 2.53
1173 0.817743 -1.692613  2.510356 2.51
1174 0.817759 -1.669396  2.487155 2.49
1175 0.817788 -1.639148  2.456936 2.46
1176 0.817833 -1.602562  2.420395 2.42
1177 0.817905 -1.560690  2.378595 2.38
1178 0.818022 -1.515091  2.333113 2.33
1179 0.818202 -1.468061  2.286264 2.29
1180 0.818449 -1.422848  2.241297 2.24
1181 0.818732 -1.383625  2.202357 2.20
1182 0.818977 -1.354956  2.173933 2.17
1183 0.819093 -1.340668  2.159761 2.16
1184 0.819032 -1.342535  2.161568 2.16
1185 0.818825 -1.359594  2.178420 2.18
1186 0.818559 -1.388575  2.207134 2.21
1187 0.818317 -1.425151  2.243467 2.24
1188 0.818140 -1.465184  2.283324 2.28
1189 0.818027 -1.505410  2.323437 2.32
1190 0.817960 -1.543519  2.361479 2.36
1191 0.817918 -1.577935  2.395853 2.40
1192 0.817886 -1.607543  2.425428 2.43
1193 0.817857 -1.631485  2.449342 2.45
1194 0.817830 -1.649068  2.466898 2.47
1195 0.817806 -1.659729  2.477535 2.48
1196 0.817784 -1.663038  2.480822 2.48
1197 0.817767 -1.658718  2.476486 2.48
1198 0.817758 -1.646669  2.464427 2.46
1199 0.817758 -1.626994  2.444752 2.44
1200 0.817772 -1.600041  2.417813 2.42
1201 0.817806 -1.566462  2.384268 2.38
1202 0.817871 -1.527303  2.345174 2.35
1203 0.817975 -1.484125  2.302100 2.30
1204 0.818123 -1.439118  2.257241 2.26
1205 0.818309 -1.395138  2.213448 2.21
1206 0.818503 -1.355543  2.174046 2.17
1207 0.818656 -1.323718  2.142374 2.14
1208 0.818715 -1.302330  2.121045 2.12
1209 0.818652 -1.292557  2.111209 2.11
1210 0.818482 -1.293676  2.112158 2.11
1211 0.818264 -1.303299  2.121562 2.12
1212 0.818065 -1.318192  2.136257 2.14
1213 0.817934 -1.335288  2.153222 2.15
1214 0.817877 -1.352391  2.170267 2.17
1215 0.817864 -1.368308  2.186172 2.19
1216 0.817855 -1.382466  2.200321 2.20
1217 0.817826 -1.394362  2.212188 2.21
1218 0.817780 -1.403253  2.221033 2.22
1219 0.817741 -1.408213  2.225954 2.23
1220 0.817733 -1.408479  2.226212 2.23
1221 0.817772 -1.403816  2.221588 2.22
1222 0.817866 -1.394769  2.212635 2.21
1223 0.818014 -1.382775  2.200789 2.20
1224 0.818210 -1.370152  2.188362 2.19
1225 0.818431 -1.359949  2.178380 2.18
1226 0.818634 -1.355559  2.174193 2.17
1227 0.818765 -1.360046  2.178811 2.18
1228 0.818784 -1.375331  2.194115 2.19
1229 0.818691 -1.401609  2.220299 2.22
1230 0.818522 -1.437322  2.255844 2.26
1231 0.818332 -1.479712  2.298044 2.30
1232 0.818158 -1.525591  2.343749 2.34
1233 0.818015 -1.571938  2.389954 2.39
1234 0.817901 -1.616174  2.434075 2.43
1235 0.817805 -1.656161  2.473966 2.47
1236 0.817720 -1.690106  2.507826 2.51
1237 0.817643 -1.716468  2.534111 2.53
1238 0.817575 -1.733927  2.551503 2.55
1239 0.817523 -1.741418  2.558940 2.56
1240 0.817494 -1.738212  2.555706 2.56
1241 0.817502 -1.724056  2.541558 2.54
1242 0.817562 -1.699356  2.516918 2.52
1243 0.817687 -1.665381  2.483068 2.48
1244 0.817880 -1.624424  2.442304 2.44
1245 0.818124 -1.579803  2.397927 2.40
1246 0.818378 -1.535554  2.353932 2.35
1247 0.818584 -1.495784  2.314368 2.31
1248 0.818696 -1.463819  2.282515 2.28
1249 0.818696 -1.441503  2.260199 2.26
1250 0.818606 -1.428956  2.247562 2.25
1251 0.818468 -1.424875  2.243343 2.24
1252 0.818322 -1.427142  2.245464 2.25
1253 0.818196 -1.433442  2.251638 2.25
1254 0.818105 -1.441714  2.259819 2.26
1255 0.818055 -1.450404  2.268459 2.27
1256 0.818047 -1.458585  2.276632 2.28
1257 0.818079 -1.465984  2.284063 2.28
1258 0.818140 -1.472934  2.291074 2.29
1259 0.818216 -1.480224  2.298441 2.30
1260 0.818288 -1.488877  2.307165 2.31
1261 0.818334 -1.499835  2.318169 2.32
1262 0.818342 -1.513671  2.332013 2.33
1263 0.818311 -1.530388  2.348700 2.35
1264 0.818253 -1.549410  2.367664 2.37
1265 0.818185 -1.569736  2.387921 2.39
1266 0.818122 -1.590190  2.408312 2.41
1267 0.818072 -1.609659  2.427731 2.43
1268 0.818036 -1.627222  2.445259 2.45
1269 0.818009 -1.642182  2.460191 2.46
1270 0.817984 -1.654000  2.471984 2.47
1271 0.817956 -1.662220  2.480175 2.48
1272 0.817923 -1.666395  2.484318 2.48
1273 0.817888 -1.666074  2.483962 2.48
1274 0.817860 -1.660849  2.478709 2.48
1275 0.817849 -1.650470  2.468318 2.47
1276 0.817865 -1.634995  2.452860 2.45
1277 0.817914 -1.614933  2.432848 2.43
1278 0.817993 -1.591304  2.409297 2.41
1279 0.818085 -1.565555  2.383640 2.38
1280 0.818171 -1.539335  2.357507 2.36
1281 0.818233 -1.514183  2.332416 2.33
1282 0.818265 -1.491262  2.309527 2.31
1283 0.818273 -1.471260  2.289533 2.29
1284 0.818270 -1.454470  2.272740 2.27
1285 0.818267 -1.440968  2.259235 2.26
1286 0.818262 -1.430739  2.249001 2.25
1287 0.818247 -1.423672  2.241919 2.24
1288 0.818215 -1.419458  2.237673 2.24
1289 0.818167 -1.417492  2.235659 2.24
1290 0.818113 -1.416903  2.235017 2.24
1291 0.818067 -1.416709  2.234777 2.23
1292 0.818038 -1.416010  2.234048 2.23
1293 0.818026 -1.414130  2.232156 2.23
1294 0.818027 -1.410657  2.228684 2.23
1295 0.818037 -1.405397  2.223434 2.22
1296 0.818050 -1.398308  2.216358 2.22
1297 0.818069 -1.389459  2.207528 2.21
1298 0.818096 -1.379044  2.197140 2.20
1299 0.818135 -1.367429  2.185564 2.19
1300 0.818187 -1.355198  2.173385 2.17
1301 0.818248 -1.343154  2.161402 2.16
1302 0.818309 -1.332246  2.150554 2.15
1303 0.818359 -1.323420  2.141779 2.14
1304 0.818391 -1.317472  2.135863 2.14
1305 0.818403 -1.314919  2.133322 2.13
1306 0.818396 -1.315966  2.134362 2.13
1307 0.818374 -1.320525  2.138899 2.14
1308 0.818343 -1.328280  2.146623 2.15
1309 0.818308 -1.338765  2.157073 2.16
1310 0.818277 -1.351462  2.169739 2.17
1311 0.818256 -1.365903  2.184159 2.18
1312 0.818249 -1.381760  2.200009 2.20
1313 0.818251 -1.398889  2.217140 2.22
1314 0.818251 -1.417255  2.235506 2.24
1315 0.818237 -1.436774  2.255011 2.26
1316 0.818201 -1.457126  2.275326 2.28
1317 0.818145 -1.477647  2.295792 2.30
1318 0.818083 -1.497377  2.315460 2.32
1319 0.818027 -1.515235  2.333262 2.33
1320 0.817987 -1.530230  2.348217 2.35
1321 0.817964 -1.541603  2.359567 2.36
1322 0.817954 -1.548865  2.366818 2.37
1323 0.817948 -1.551742  2.369690 2.37
1324 0.817940 -1.550082  2.368022 2.37
1325 0.817927 -1.543770  2.361696 2.36
1326 0.817909 -1.532686  2.350595 2.35
1327 0.817893 -1.516730  2.334623 2.33
1328 0.817891 -1.495916  2.313807 2.31
1329 0.817921 -1.470557  2.288478 2.29
1330 0.818000 -1.441513  2.259513 2.26
1331 0.818140 -1.410433  2.228573 2.23
1332 0.818326 -1.379846  2.198172 2.20
1333 0.818514 -1.352904  2.171419 2.17
1334 0.818641 -1.332695  2.151336 2.15
1335 0.818659 -1.321303  2.139962 2.14
1336 0.818564 -1.319114  2.137678 2.14
1337 0.818401 -1.324770  2.143171 2.14
1338 0.818229 -1.335808  2.154037 2.15
1339 0.818091 -1.349528  2.167619 2.17
1340 0.817999 -1.363657  2.181657 2.18
1341 0.817945 -1.376593  2.194538 2.19
1342 0.817909 -1.387324  2.205234 2.21
1343 0.817880 -1.395221  2.213101 2.21
1344 0.817855 -1.399857  2.217711 2.22
1345 0.817843 -1.400986  2.218829 2.22
1346 0.817866 -1.398694  2.216561 2.22
1347 0.817944 -1.393668  2.211613 2.21
1348 0.818082 -1.387445  2.205527 2.21
1349 0.818256 -1.382417  2.200673 2.20
1350 0.818410 -1.381418  2.199828 2.20
1351 0.818484 -1.386894  2.205378 2.21
1352 0.818437 -1.399970  2.218407 2.22
1353 0.818282 -1.419892  2.238173 2.24
1354 0.818072 -1.444197  2.262269 2.26
1355 0.817871 -1.469493  2.287364 2.29
1356 0.817725 -1.492413  2.310138 2.31
1357 0.817650 -1.510323  2.327973 2.33
1358 0.817641 -1.521637  2.339278 2.34
1359 0.817682 -1.525785  2.343467 2.34
1360 0.817756 -1.523023  2.340779 2.34
1361 0.817850 -1.514182  2.332032 2.33
1362 0.817954 -1.500477  2.318431 2.32
1363 0.818068 -1.483377  2.301444 2.30
1364 0.818191 -1.464557  2.282748 2.28
1365 0.818322 -1.445887  2.264209 2.26
1366 0.818453 -1.429385  2.247838 2.25
1367 0.818566 -1.417072  2.235638 2.24
1368 0.818636 -1.410687  2.229324 2.23
1369 0.818642 -1.411309  2.229951 2.23
1370 0.818575 -1.419021  2.237596 2.24
1371 0.818449 -1.432803  2.251252 2.25
1372 0.818293 -1.450721  2.269014 2.27
1373 0.818141 -1.470364  2.288505 2.29
1374 0.818018 -1.489338  2.307355 2.31
1375 0.817938 -1.505668  2.323607 2.32
1376 0.817905 -1.518027  2.335932 2.34
1377 0.817912 -1.525792  2.343705 2.34
1378 0.817951 -1.528991  2.346942 2.35
1379 0.818009 -1.528161  2.346170 2.35
1380 0.818070 -1.524158  2.342228 2.34
1381 0.818116 -1.517917  2.336033 2.34
1382 0.818135 -1.510202  2.328337 2.33
1383 0.818121 -1.501419  2.319540 2.32
1384 0.818079 -1.491532  2.309611 2.31
1385 0.818027 -1.480152  2.298180 2.30
1386 0.817993 -1.466801  2.284794 2.28
1387 0.818006 -1.451304  2.269310 2.27
1388 0.818090 -1.434223  2.252313 2.25
1389 0.818243 -1.417153  2.235396 2.24
1390 0.818425 -1.402638  2.221062 2.22
1391 0.818563 -1.393540  2.212103 2.21
1392 0.818593 -1.391983  2.210576 2.21
1393 0.818498 -1.398406  2.216904 2.22
1394 0.818322 -1.411334  2.229656 2.23
1395 0.818139 -1.428023  2.246162 2.25
1396 0.818005 -1.445518  2.263523 2.26
1397 0.817940 -1.461517  2.279456 2.28
1398 0.817934 -1.474712  2.292645 2.29
1399 0.817962 -1.484697  2.302659 2.30
1400 0.818001 -1.491636  2.309637 2.31
1401 0.818033 -1.495917  2.313949 2.31
1402 0.818052 -1.497895  2.315946 2.32
1403 0.818063 -1.497804  2.315867 2.32
1404 0.818078 -1.495810  2.313888 2.31
1405 0.818108 -1.492164  2.310272 2.31
1406 0.818161 -1.487359  2.305520 2.31
1407 0.818233 -1.482219  2.300452 2.30
1408 0.818312 -1.477852  2.296164 2.30
1409 0.818379 -1.475463  2.293842 2.29
1410 0.818411 -1.476054  2.294465 2.29
1411 0.818392 -1.480101  2.298493 2.30
1412 0.818317 -1.487314  2.305631 2.31
1413 0.818196 -1.496578  2.314774 2.31
1414 0.818051 -1.506105  2.324156 2.32
1415 0.817910 -1.513763  2.331672 2.33
1416 0.817798 -1.517488  2.335286 2.34
1417 0.817734 -1.515672  2.333405 2.33
1418 0.817727 -1.507443  2.325170 2.33
1419 0.817778 -1.492826  2.310604 2.31
1420 0.817879 -1.472737  2.290616 2.29
1421 0.818013 -1.448859  2.266872 2.27
1422 0.818162 -1.423399  2.241561 2.24
1423 0.818309 -1.398793  2.217101 2.22
1424 0.818437 -1.377421  2.195859 2.20
1425 0.818540 -1.361375  2.179915 2.18
1426 0.818609 -1.352295  2.170903 2.17
1427 0.818639 -1.351251  2.169890 2.17
1428 0.818626 -1.358659  2.177285 2.18
1429 0.818567 -1.374210  2.192778 2.19
1430 0.818467 -1.396853  2.215319 2.22
1431 0.818333 -1.424852  2.243185 2.24
1432 0.818183 -1.455951  2.274133 2.27
1433 0.818031 -1.487606  2.305637 2.31
1434 0.817893 -1.517256  2.335148 2.34
1435 0.817779 -1.542557  2.360336 2.36
1436 0.817697 -1.561567  2.379264 2.38
1437 0.817648 -1.572858  2.390506 2.39
1438 0.817634 -1.575578  2.393212 2.39
1439 0.817656 -1.569474  2.387130 2.39
1440 0.817713 -1.554906  2.372619 2.37
1441 0.817805 -1.532837  2.350642 2.35
1442 0.817928 -1.504811  2.322739 2.32
1443 0.818076 -1.472886  2.290962 2.29
1444 0.818236 -1.439517  2.257753 2.26
1445 0.818393 -1.407350  2.225743 2.23
1446 0.818528 -1.378965  2.197493 2.20
1447 0.818624 -1.356578  2.175202 2.18
1448 0.818667 -1.341768  2.160435 2.16
1449 0.818655 -1.335290  2.153945 2.15
1450 0.818593 -1.337013  2.155605 2.16
1451 0.818493 -1.345996  2.164489 2.16
1452 0.818373 -1.360688  2.179061 2.18
1453 0.818254 -1.379196  2.197450 2.20
1454 0.818153 -1.399592  2.217745 2.22
1455 0.818083 -1.420185  2.238267 2.24
1456 0.818050 -1.439722  2.257772 2.26
1457 0.818055 -1.457510  2.275565 2.28
1458 0.818093 -1.473428  2.291521 2.29
1459 0.818154 -1.487856  2.306010 2.31
1460 0.818223 -1.501521  2.319744 2.32
1461 0.818286 -1.515293  2.333579 2.33
1462 0.818332 -1.529973  2.348305 2.35
1463 0.818353 -1.546111  2.364464 2.36
1464 0.818349 -1.563906  2.382255 2.38
1465 0.818325 -1.583187  2.401512 2.40
1466 0.818285 -1.603478  2.421764 2.42
1467 0.818235 -1.624072  2.442307 2.44
1468 0.818176 -1.644096  2.462273 2.46
1469 0.818112 -1.662561  2.480673 2.48
1470 0.818046 -1.678400  2.496446 2.50
1471 0.817986 -1.690548  2.508534 2.51
1472 0.817940 -1.698047  2.515987 2.52
1473 0.817917 -1.700183  2.518099 2.52
1474 0.817920 -1.696603  2.514523 2.51
1475 0.817954 -1.687396  2.505349 2.51
1476 0.818014 -1.673119  2.491133 2.49
1477 0.818097 -1.654771  2.472868 2.47
1478 0.818196 -1.633715  2.451911 2.45
1479 0.818302 -1.611561  2.429862 2.43
1480 0.818402 -1.590020  2.408422 2.41
1481 0.818487 -1.570729  2.389216 2.39
1482 0.818546 -1.555080  2.373626 2.37
1483 0.818573 -1.544066  2.362639 2.36
1484 0.818566 -1.538184  2.356750 2.36
1485 0.818529 -1.537406  2.355934 2.36
1486 0.818467 -1.541222  2.359690 2.36
1487 0.818391 -1.548751  2.367142 2.37
1488 0.818309 -1.558871  2.377180 2.38
1489 0.818227 -1.570356  2.388582 2.39
1490 0.818147 -1.581972  2.400119 2.40
1491 0.818069 -1.592530  2.410599 2.41
1492 0.817990 -1.600889  2.418878 2.42
1493 0.817908 -1.605930  2.423838 2.42
1494 0.817825 -1.606549  2.424374 2.42
1495 0.817750 -1.601696  2.419446 2.42
1496 0.817698 -1.590516  2.408214 2.41
1497 0.817685 -1.572561  2.390246 2.39
1498 0.817722 -1.548031  2.365753 2.37
1499 0.817804 -1.517905  2.335709 2.34
1500 0.817905 -1.483839  2.301745 2.30
1501 0.817991 -1.447791  2.265782 2.27
1502 0.818042 -1.411521  2.229563 2.23
1503 0.818069 -1.376303  2.194372 2.19
1504 0.818108 -1.343067  2.161175 2.16
1505 0.818189 -1.312862  2.131051 2.13
1506 0.818304 -1.287220  2.105524 2.11
1507 0.818410 -1.268023  2.086433 2.09
1508 0.818455 -1.256864  2.075319 2.08
1509 0.818414 -1.254314  2.072728 2.07
1510 0.818306 -1.259592  2.077898 2.08
1511 0.818175 -1.270836  2.089011 2.09
1512 0.818066 -1.285762  2.103828 2.10
1513 0.818002 -1.302329  2.120331 2.12
1514 0.817987 -1.319133  2.137120 2.14
1515 0.818012 -1.335510  2.153522 2.15
1516 0.818064 -1.351433  2.169497 2.17
1517 0.818128 -1.367326  2.185453 2.19
1518 0.818191 -1.383852  2.202043 2.20
1519 0.818243 -1.401722  2.219965 2.22
1520 0.818273 -1.421514  2.239788 2.24
1521 0.818276 -1.443527  2.261804 2.26
1522 0.818249 -1.467678  2.285927 2.29
1523 0.818193 -1.493453  2.311646 2.31
1524 0.818114 -1.519929  2.338043 2.34
1525 0.818022 -1.545858  2.363880 2.36
1526 0.817929 -1.569821  2.387751 2.39
1527 0.817849 -1.590415  2.408264 2.41
1528 0.817791 -1.606438  2.424229 2.42
1529 0.817759 -1.617036  2.434795 2.43
1530 0.817752 -1.621772  2.439524 2.44
1531 0.817764 -1.620604  2.438368 2.44
1532 0.817787 -1.613800  2.431587 2.43
1533 0.817813 -1.601816  2.419628 2.42
1534 0.817837 -1.585177  2.403013 2.40
1535 0.817857 -1.564403  2.382260 2.38
1536 0.817880 -1.539991  2.357870 2.36
1537 0.817912 -1.512476  2.330388 2.33
1538 0.817965 -1.482554  2.300519 2.30
1539 0.818046 -1.451224  2.269270 2.27
1540 0.818158 -1.419900  2.238058 2.24
1541 0.818291 -1.390420  2.208712 2.21
1542 0.818428 -1.364910  2.183338 2.18
1543 0.818543 -1.345496  2.164040 2.16
1544 0.818610 -1.333927  2.152536 2.15
1545 0.818609 -1.331176  2.149786 2.15
1546 0.818539 -1.337180  2.155719 2.16
1547 0.818413 -1.350786  2.169199 2.17
1548 0.818261 -1.369975  2.188237 2.19
1549 0.818117 -1.392294  2.210411 2.21
1550 0.818008 -1.415352  2.233360 2.23
1551 0.817947 -1.437244  2.255191 2.26
1552 0.817937 -1.456776  2.274713 2.27
1553 0.817966 -1.473498  2.291464 2.29
1554 0.818021 -1.487573  2.305594 2.31
1555 0.818087 -1.499578  2.317665 2.32
1556 0.818152 -1.510288  2.328440 2.33
1557 0.818208 -1.520498  2.338706 2.34
1558 0.818250 -1.530894  2.349144 2.35
1559 0.818278 -1.541974  2.360252 2.36
1560 0.818292 -1.554030  2.372322 2.37
1561 0.818294 -1.567151  2.385445 2.39
1562 0.818288 -1.581260  2.399548 2.40
1563 0.818276 -1.596154  2.414430 2.41
1564 0.818258 -1.611537  2.429795 2.43
1565 0.818235 -1.627042  2.445277 2.45
1566 0.818207 -1.642235  2.460442 2.46
1567 0.818173 -1.656612  2.474784 2.47
1568 0.818133 -1.669598  2.487731 2.49
1569 0.818091 -1.680566  2.498658 2.50
1570 0.818052 -1.688879  2.506931 2.51
1571 0.818021 -1.693960  2.511981 2.51
1572 0.818003 -1.695381  2.513384 2.51
1573 0.818002 -1.692930  2.510932 2.51
1574 0.818017 -1.686654  2.504671 2.50
1575 0.818047 -1.676855  2.494901 2.49
1576 0.818087 -1.664053  2.482140 2.48
1577 0.818135 -1.648937  2.467071 2.47
1578 0.818187 -1.632302  2.450488 2.45
1579 0.818237 -1.614992  2.433230 2.43
1580 0.818283 -1.597827  2.416110 2.42
1581 0.818318 -1.581521  2.399839 2.40
1582 0.818343 -1.566629  2.384972 2.38
1583 0.818359 -1.553528  2.371887 2.37
1584 0.818371 -1.542444  2.360815 2.36
1585 0.818380 -1.533509  2.351889 2.35
1586 0.818387 -1.526797  2.345184 2.35
1587 0.818391 -1.522337  2.340729 2.34
1588 0.818390 -1.520098  2.338488 2.34
1589 0.818379 -1.519947  2.338326 2.34
1590 0.818358 -1.521617  2.339975 2.34
1591 0.818326 -1.524687  2.343014 2.34
1592 0.818288 -1.528597  2.346885 2.35
1593 0.818249 -1.532693  2.350942 2.35
1594 0.818213 -1.536314  2.354527 2.35
1595 0.818188 -1.538881  2.357069 2.36
1596 0.818178 -1.539994  2.358172 2.36
1597 0.818182 -1.539487  2.357669 2.36
1598 0.818200 -1.537444  2.355644 2.36
1599 0.818227 -1.534175  2.352402 2.35
1600 0.818260 -1.530163  2.348423 2.35
1601 0.818295 -1.526000  2.344295 2.34
1602 0.818331 -1.522335  2.340666 2.34
1603 0.818368 -1.519847  2.338215 2.34
1604 0.818406 -1.519231  2.337637 2.34
1605 0.818440 -1.521179  2.339619 2.34
1606 0.818462 -1.526309  2.344771 2.34
1607 0.818458 -1.535021  2.353479 2.35
1608 0.818414 -1.547291  2.365705 2.37
1609 0.818328 -1.562492  2.380820 2.38
1610 0.818212 -1.579354  2.397566 2.40
1611 0.818086 -1.596139  2.414225 2.41
1612 0.817977 -1.610962  2.428938 2.43
1613 0.817901 -1.622160  2.440061 2.44
1614 0.817864 -1.628559  2.446423 2.45
1615 0.817861 -1.629570  2.447431 2.45
1616 0.817882 -1.625140  2.443022 2.44
1617 0.817916 -1.615608  2.433524 2.43
1618 0.817955 -1.601547  2.419502 2.42
1619 0.817996 -1.583650  2.401645 2.40
1620 0.818041 -1.562685  2.380726 2.38
1621 0.818092 -1.539512  2.357604 2.36
1622 0.818150 -1.515101  2.333251 2.33
1623 0.818207 -1.490512  2.308719 2.31
1624 0.818253 -1.466795  2.285048 2.29
1625 0.818279 -1.444831  2.263110 2.26
1626 0.818279 -1.425184  2.243463 2.24
1627 0.818258 -1.408035  2.226293 2.23
1628 0.818230 -1.393251  2.211482 2.21
1629 0.818209 -1.380573  2.198782 2.20
1630 0.818205 -1.369818  2.188022 2.19
1631 0.818217 -1.361022  2.179238 2.18
1632 0.818239 -1.354455  2.172694 2.17
1633 0.818260 -1.350526  2.168786 2.17
1634 0.818271 -1.349630  2.167901 2.17
1635 0.818269 -1.352018  2.170286 2.17
1636 0.818256 -1.357747  2.176003 2.18
1637 0.818242 -1.366725  2.184967 2.18
1638 0.818233 -1.378817  2.197050 2.20
1639 0.818233 -1.393942  2.212175 2.21
1640 0.818238 -1.412121  2.230359 2.23
1641 0.818238 -1.433410  2.251648 2.25
1642 0.818218 -1.457743  2.275961 2.28
1643 0.818166 -1.484723  2.302889 2.30
1644 0.818081 -1.513464  2.331545 2.33
1645 0.817976 -1.542582  2.360558 2.36
1646 0.817871 -1.570387  2.388257 2.39
1647 0.817788 -1.595198  2.412986 2.41
1648 0.817746 -1.615696  2.433442 2.43
1649 0.817759 -1.631200  2.448959 2.45
1650 0.817838 -1.641892  2.459730 2.46
1651 0.817985 -1.648962  2.466947 2.47
1652 0.818181 -1.654612  2.472793 2.47
1653 0.818373 -1.661698  2.480071 2.48
1654 0.818489 -1.672918  2.491408 2.49
1655 0.818483 -1.689777  2.508260 2.51
1656 0.818365 -1.711909  2.530274 2.53
1657 0.818196 -1.737249  2.555445 2.56
1658 0.818041 -1.762893  2.580934 2.58
1659 0.817938 -1.786081  2.604019 2.60
1660 0.817888 -1.804796  2.622684 2.62
1661 0.817877 -1.817869  2.635746 2.64
1662 0.817882 -1.824782  2.642664 2.64
1663 0.817887 -1.825389  2.643276 2.64
1664 0.817885 -1.819680  2.637565 2.64
1665 0.817872 -1.807657  2.625528 2.63
1666 0.817852 -1.789287  2.607139 2.61
1667 0.817832 -1.764550  2.582382 2.58
1668 0.817821 -1.733529  2.551351 2.55
1669 0.817827 -1.696534  2.514361 2.51
1670 0.817852 -1.654191  2.472043 2.47
1671 0.817891 -1.607469  2.425360 2.43
1672 0.817931 -1.557582  2.375513 2.38
1673 0.817956 -1.505795  2.323751 2.32
1674 0.817962 -1.453196  2.271158 2.27
1675 0.817958 -1.400613  2.218571 2.22
1676 0.817973 -1.348754  2.166727 2.17
1677 0.818038 -1.298589  2.116627 2.12
1678 0.818169 -1.251756  2.069925 2.07
1679 0.818352 -1.210750  2.029102 2.03
1680 0.818549 -1.178702  1.997251 2.00
1681 0.818706 -1.158780  1.977487 1.98
1682 0.818780 -1.153418  1.972199 1.97
1683 0.818752 -1.163660  1.982412 1.98
1684 0.818632 -1.188884  2.007516 2.01
1685 0.818457 -1.226972  2.045429 2.05
1686 0.818269 -1.274841  2.093110 2.09
1687 0.818101 -1.329094  2.147195 2.15
1688 0.817969 -1.386541  2.204510 2.20
1689 0.817870 -1.444463  2.262334 2.26
1690 0.817797 -1.500644  2.318441 2.32
1691 0.817743 -1.553284  2.371027 2.37
1692 0.817705 -1.600917  2.418622 2.42
1693 0.817685 -1.642395  2.460080 2.46
1694 0.817686 -1.676914  2.494601 2.49
1695 0.817711 -1.704066  2.521778 2.52
1696 0.817759 -1.723870  2.541629 2.54
1697 0.817826 -1.736759  2.554585 2.55
1698 0.817909 -1.743534  2.561443 2.56
1699 0.818000 -1.745289  2.563289 2.56
1700 0.818094 -1.743306  2.561400 2.56
1701 0.818184 -1.738947  2.557131 2.56
1702 0.818262 -1.733540  2.551802 2.55
1703 0.818323 -1.728269  2.546592 2.55
1704 0.818364 -1.724079  2.542444 2.54
1705 0.818383 -1.721616  2.539999 2.54
1706 0.818381 -1.721185  2.539566 2.54
1707 0.818359 -1.722762  2.541122 2.54
1708 0.818324 -1.726030  2.544353 2.54
1709 0.818278 -1.730437  2.548715 2.55
1710 0.818226 -1.735272  2.553498 2.55
1711 0.818168 -1.739712  2.557880 2.56
1712 0.818107 -1.742859  2.560966 2.56
1713 0.818044 -1.743770  2.561814 2.56
1714 0.817983 -1.741492  2.559475 2.56
1715 0.817929 -1.735133  2.553062 2.55
1716 0.817889 -1.723948  2.541837 2.54
1717 0.817867 -1.707436  2.525302 2.53
1718 0.817867 -1.685425  2.503292 2.50
1719 0.817893 -1.658135  2.476028 2.48
1720 0.817944 -1.626219  2.444163 2.44
1721 0.818020 -1.590771  2.408791 2.41
1722 0.818111 -1.553281  2.371392 2.37
1723 0.818200 -1.515491  2.333692 2.33
1724 0.818263 -1.479113  2.297376 2.30
1725 0.818279 -1.445455  2.263734 2.26
1726 0.818245 -1.415119  2.233364 2.23
1727 0.818189 -1.387976  2.206165 2.21
1728 0.818154 -1.363541  2.181695 2.18
1729 0.818182 -1.341604  2.159785 2.16
1730 0.818289 -1.322817  2.141106 2.14
1731 0.818456 -1.308923  2.127380 2.13
1732 0.818634 -1.302453  2.121086 2.12
1733 0.818759 -1.305982  2.124742 2.12
1734 0.818788 -1.321242  2.140029 2.14
1735 0.818708 -1.348444  2.167151 2.17
1736 0.818547 -1.386123  2.204670 2.20
1737 0.818353 -1.431528  2.249881 2.25
1738 0.818175 -1.481333  2.299507 2.30
1739 0.818043 -1.532363  2.350406 2.35
1740 0.817967 -1.582088  2.400055 2.40
1741 0.817941 -1.628797  2.446738 2.45
1742 0.817949 -1.671543  2.489492 2.49
1743 0.817975 -1.709941  2.527916 2.53
1744 0.818003 -1.743933  2.561936 2.56
1745 0.818024 -1.773574  2.591597 2.59
1746 0.818031 -1.798880  2.616912 2.62
1747 0.818024 -1.819740  2.637764 2.64
1748 0.818004 -1.835888  2.653893 2.65
1749 0.817979 -1.846944  2.664923 2.66
1750 0.817955 -1.852492  2.670447 2.67
1751 0.817941 -1.852196  2.670137 2.67
1752 0.817945 -1.845915  2.663860 2.66
1753 0.817973 -1.833818  2.651792 2.65
1754 0.818027 -1.816459  2.634486 2.63
1755 0.818104 -1.794799  2.612903 2.61
1756 0.818197 -1.770156  2.588353 2.59
1757 0.818290 -1.744070  2.562360 2.56
1758 0.818369 -1.718092  2.536461 2.54
1759 0.818419 -1.693545  2.511964 2.51
1760 0.818434 -1.671317  2.489751 2.49
1761 0.818415 -1.651758  2.470173 2.47
1762 0.818372 -1.634703  2.453075 2.45
1763 0.818318 -1.619616  2.437935 2.44
1764 0.818266 -1.605792  2.424058 2.42
1765 0.818223 -1.592538  2.410762 2.41
1766 0.818194 -1.579315  2.397509 2.40
1767 0.818177 -1.565792  2.383968 2.38
1768 0.818167 -1.551841  2.370008 2.37
1769 0.818160 -1.537487  2.355646 2.36
1770 0.818148 -1.522819  2.340967 2.34
1771 0.818127 -1.507902  2.326030 2.33
1772 0.818093 -1.492693  2.310786 2.31
1773 0.818047 -1.476992  2.295039 2.30
1774 0.817996 -1.460472  2.278469 2.28
1775 0.817949 -1.442775  2.260724 2.26
1776 0.817910 -1.423639  2.241549 2.24
1777 0.817876 -1.402978  2.220854 2.22
1778 0.817844 -1.380865  2.198708 2.20
1779 0.817826 -1.357517  2.175343 2.18
1780 0.817876 -1.333544  2.151420 2.15
1781 0.818067 -1.310682  2.128749 2.13
1782 0.818425 -1.292743  2.111168 2.11
1783 0.818814 -1.285672  2.104487 2.10
1784 0.818966 -1.295392  2.114358 2.11
1785 0.818699 -1.323921  2.142620 2.14
1786 0.818121 -1.366896  2.185017 2.19
1787 0.817525 -1.415125  2.232650 2.23
1788 0.817133 -1.458805  2.275938 2.28
1789 0.816992 -1.490935  2.307927 2.31
1790 0.817046 -1.508327  2.325372 2.33
1791 0.817221 -1.510980  2.328201 2.33
1792 0.817469 -1.501072  2.318541 2.32
1793 0.817757 -1.482155  2.299912 2.30
1794 0.818057 -1.458585  2.276641 2.28
1795 0.818332 -1.435000  2.253333 2.25
1796 0.818540 -1.415700  2.234240 2.23
1797 0.818642 -1.403938  2.222580 2.22
1798 0.818631 -1.401359  2.219990 2.22
1799 0.818530 -1.407841  2.226370 2.23
1800 0.818386 -1.421839  2.240225 2.24
1801 0.818246 -1.441067  2.259313 2.26
1802 0.818137 -1.463180  2.281317 2.28
1803 0.818066 -1.486215  2.304280 2.30
1804 0.818025 -1.508735  2.326760 2.33
1805 0.818004 -1.529769  2.347773 2.35
1806 0.817992 -1.548661  2.366652 2.37
1807 0.817983 -1.564939  2.382922 2.38
1808 0.817978 -1.578239  2.396217 2.40
1809 0.817979 -1.588301  2.406280 2.41
1810 0.817990 -1.595007  2.412998 2.41
1811 0.818018 -1.598451  2.416469 2.42
1812 0.818063 -1.598996  2.417059 2.42
1813 0.818126 -1.597308  2.415433 2.42
1814 0.818201 -1.594329  2.412529 2.41
1815 0.818278 -1.591194  2.409471 2.41
1816 0.818344 -1.589070  2.407415 2.41
1817 0.818387 -1.588963  2.407350 2.41
1818 0.818397 -1.591517  2.409914 2.41
1819 0.818371 -1.596874  2.415245 2.42
1820 0.818310 -1.604621  2.422931 2.42
1821 0.818223 -1.613827  2.432050 2.43
1822 0.818119 -1.623162  2.441281 2.44
1823 0.818008 -1.631039  2.449046 2.45
1824 0.817897 -1.635771  2.453668 2.45
1825 0.817797 -1.635727  2.453524 2.45
1826 0.817717 -1.629482  2.447200 2.45
1827 0.817668 -1.615982  2.433649 2.43
1828 0.817659 -1.594695  2.412353 2.41
1829 0.817699 -1.565776  2.383475 2.38
1830 0.817798 -1.530199  2.347997 2.35
1831 0.817959 -1.489865  2.307824 2.31
1832 0.818179 -1.447633  2.265812 2.27
1833 0.818448 -1.407261  2.225709 2.23
1834 0.818736 -1.373171  2.191908 2.19
1835 0.818995 -1.349974  2.168968 2.17
1836 0.819159 -1.341691  2.160849 2.16
1837 0.819174 -1.350799  2.169972 2.17
1838 0.819028 -1.377440  2.196468 2.20
1839 0.818766 -1.419260  2.238026 2.24
1840 0.818467 -1.472060  2.290528 2.29
1841 0.818204 -1.530941  2.349145 2.35
1842 0.818015 -1.591389  2.409404 2.41
1843 0.817905 -1.649904  2.467809 2.47
1844 0.817861 -1.704152  2.522014 2.52
1845 0.817861 -1.752803  2.570664 2.57
1846 0.817886 -1.795252  2.613138 2.61
1847 0.817922 -1.831359  2.649281 2.65
1848 0.817958 -1.861237  2.679196 2.68
1849 0.817989 -1.885101  2.703091 2.70
1850 0.818010 -1.903165  2.721176 2.72
1851 0.818019 -1.915578  2.733597 2.73
1852 0.818014 -1.922381  2.740395 2.74
1853 0.817997 -1.923496  2.741493 2.74
1854 0.817968 -1.918730  2.736698 2.74
1855 0.817932 -1.907801  2.725733 2.73
1856 0.817893 -1.890394  2.708287 2.71
1857 0.817858 -1.866234  2.684092 2.68
1858 0.817837 -1.835190  2.653027 2.65
1859 0.817838 -1.797407  2.615245 2.62
1860 0.817870 -1.753438  2.571308 2.57
1861 0.817936 -1.704357  2.522293 2.52
1862 0.818029 -1.651772  2.469802 2.47
1863 0.818130 -1.597696  2.415826 2.42
1864 0.818218 -1.544255  2.362472 2.36
1865 0.818284 -1.493372  2.311656 2.31
1866 0.818342 -1.446638  2.264980 2.26
1867 0.818422 -1.405479  2.223900 2.22
1868 0.818540 -1.371525  2.190065 2.19
1869 0.818683 -1.346828  2.165511 2.17
1870 0.818799 -1.333608  2.152407 2.15
1871 0.818830 -1.333525  2.152355 2.15
1872 0.818743 -1.346851  2.165594 2.17
1873 0.818552 -1.372027  2.190579 2.19
1874 0.818305 -1.405877  2.224182 2.22
1875 0.818058 -1.444324  2.262382 2.26
1876 0.817850 -1.483226  2.301076 2.30
1877 0.817699 -1.519014  2.336713 2.34
1878 0.817607 -1.549000  2.366607 2.37
1879 0.817567 -1.571449  2.389016 2.39
1880 0.817573 -1.585517  2.403090 2.40
1881 0.817624 -1.591180  2.408804 2.41
1882 0.817718 -1.589189  2.406907 2.41
1883 0.817853 -1.581033  2.398886 2.40
1884 0.818019 -1.568874  2.386894 2.39
1885 0.818197 -1.555377  2.373574 2.37
1886 0.818352 -1.543371  2.361723 2.36
1887 0.818444 -1.535327  2.353771 2.35
1888 0.818436 -1.532733  2.351170 2.35
1889 0.818319 -1.535579  2.353897 2.35
1890 0.818116 -1.542208  2.360324 2.36
1891 0.817883 -1.549699  2.367582 2.37
1892 0.817686 -1.554676  2.372361 2.37
1893 0.817575 -1.554264  2.371838 2.37
1894 0.817575 -1.546860  2.364435 2.36
1895 0.817681 -1.532508  2.350189 2.35
1896 0.817859 -1.512811  2.330670 2.33
1897 0.818059 -1.490436  2.308495 2.31
1898 0.818232 -1.468374  2.286606 2.29
1899 0.818346 -1.449210  2.267556 2.27
1900 0.818398 -1.434656  2.253054 2.25
1901 0.818404 -1.425460  2.243864 2.24
1902 0.818384 -1.421619  2.240003 2.24
1903 0.818354 -1.422681  2.241035 2.24
1904 0.818317 -1.427980  2.246297 2.25
1905 0.818271 -1.436710  2.254980 2.25
1906 0.818210 -1.447907  2.266116 2.27
1907 0.818133 -1.460398  2.278531 2.28
1908 0.818046 -1.472804  2.290850 2.29
1909 0.817957 -1.483626  2.301583 2.30
1910 0.817881 -1.491401  2.309282 2.31
1911 0.817832 -1.494905  2.312737 2.31
1912 0.817820 -1.493363  2.311183 2.31
1913 0.817854 -1.486611  2.304465 2.30
1914 0.817936 -1.475209  2.293145 2.29
1915 0.818059 -1.460455  2.278514 2.28
1916 0.818209 -1.444272  2.262481 2.26
1917 0.818363 -1.428976  2.247339 2.25
1918 0.818492 -1.416908  2.235400 2.24
1919 0.818572 -1.410014  2.228586 2.23
1920 0.818590 -1.409472  2.228062 2.23
1921 0.818549 -1.415497  2.234046 2.23
1922 0.818467 -1.427383  2.245850 2.25
1923 0.818369 -1.443763  2.262132 2.26
1924 0.818275 -1.462965  2.281241 2.28
1925 0.818200 -1.483338  2.301538 2.30
1926 0.818148 -1.503472  2.321620 2.32
1927 0.818118 -1.522287  2.340404 2.34
1928 0.818106 -1.539037  2.357142 2.36
1929 0.818107 -1.553265  2.371372 2.37
1930 0.818118 -1.564746  2.382864 2.38
1931 0.818136 -1.573435  2.391570 2.39
1932 0.818156 -1.579416  2.397572 2.40
1933 0.818177 -1.582863  2.401041 2.40
1934 0.818196 -1.583996  2.402192 2.40
1935 0.818212 -1.583044  2.401256 2.40
1936 0.818224 -1.580225  2.398448 2.40
1937 0.818231 -1.575728  2.393960 2.39
1938 0.818236 -1.569721  2.387957 2.39
1939 0.818240 -1.562358  2.380598 2.38
1940 0.818243 -1.553805  2.372048 2.37
1941 0.818247 -1.544244  2.362491 2.36
1942 0.818249 -1.533881  2.352130 2.35
1943 0.818250 -1.522930  2.341180 2.34
1944 0.818248 -1.511599  2.329847 2.33
1945 0.818245 -1.500076  2.318321 2.32
1946 0.818243 -1.488547  2.306790 2.31
1947 0.818247 -1.477226  2.295474 2.30
1948 0.818261 -1.466418  2.284679 2.28
1949 0.818287 -1.456558  2.274844 2.27
1950 0.818321 -1.448226  2.266546 2.27
1951 0.818357 -1.442098  2.260455 2.26
1952 0.818388 -1.438847  2.257235 2.26
1953 0.818407 -1.439019  2.257426 2.26
1954 0.818412 -1.442944  2.261355 2.26
1955 0.818403 -1.450693  2.269097 2.27
1956 0.818385 -1.462104  2.280489 2.28
1957 0.818358 -1.476819  2.295177 2.30
1958 0.818322 -1.494318  2.312639 2.31
1959 0.818275 -1.513921  2.332197 2.33
1960 0.818219 -1.534789  2.353008 2.35
1961 0.818156 -1.555936  2.374092 2.37
1962 0.818094 -1.576295  2.394389 2.39
1963 0.818042 -1.594829  2.412871 2.41
1964 0.818007 -1.610662  2.428670 2.43
1965 0.817994 -1.623195  2.441189 2.44
1966 0.817999 -1.632159  2.450158 2.45
1967 0.818015 -1.637578  2.455594 2.46
1968 0.818031 -1.639657  2.457688 2.46
1969 0.818036 -1.638607  2.456643 2.46
1970 0.818027 -1.634509  2.452536 2.45
1971 0.818008 -1.627260  2.445269 2.45
1972 0.817989 -1.616639  2.434628 2.43
1973 0.817980 -1.602448  2.420428 2.42
1974 0.817990 -1.584676  2.402666 2.40
1975 0.818020 -1.563614  2.381634 2.38
1976 0.818067 -1.539886  2.357953 2.36
1977 0.818122 -1.514391  2.332513 2.33
1978 0.818178 -1.488193  2.306371 2.31
1979 0.818230 -1.462401  2.280631 2.28
1980 0.818275 -1.438078  2.256353 2.26
1981 0.818313 -1.416185  2.234498 2.23
1982 0.818345 -1.397576  2.215921 2.22
1983 0.818375 -1.383000  2.201375 2.20
1984 0.818403 -1.373128  2.191531 2.19
1985 0.818428 -1.368552  2.186979 2.19
1986 0.818443 -1.369748  2.188191 2.19
1987 0.818439 -1.376970  2.195410 2.20
1988 0.818410 -1.390112  2.208522 2.21
1989 0.818358 -1.408618  2.226976 2.23
1990 0.818296 -1.431538  2.249834 2.25
1991 0.818241 -1.457722  2.275962 2.28
1992 0.818199 -1.486053  2.304252 2.30
1993 0.818171 -1.515592  2.333764 2.33
1994 0.818146 -1.545576  2.363722 2.36
1995 0.818111 -1.575286  2.393397 2.39
1996 0.818059 -1.603886  2.421945 2.42
1997 0.817990 -1.630315  2.448305 2.45
1998 0.817914 -1.653304  2.471218 2.47
1999 0.817845 -1.671518  2.489363 2.49
