#Step   Etot   PotE Ktot  T
0 -2.084505 -2.637703  0.553198 0.55
1 -2.084505 -2.636497  0.551992 0.55
2 -2.084505 -2.634487  0.549982 0.55
3 -2.084505 -2.631675  0.547170 0.55
4 -2.084506 -2.628062  0.543557 0.54
5 -2.084506 -2.623651  0.539145 0.54
6 -2.084506 -2.618444  0.533938 0.53
7 -2.084506 -2.612446  0.527940 0.53
8 -2.084506 -2.605665  0.521159 0.52
9 -2.084506 -2.598112  0.513606 0.51
10 -2.084505 -2.589802  0.505297 0.51
11 -2.084504 -2.580755  0.496251 0.50
12 -2.084503 -2.571000  0.486497 0.49
13 -2.084501 -2.560570  0.476069 0.48
14 -2.084498 -2.549510  0.465012 0.47
15 -2.084495 -2.537873  0.453378 0.45
16 -2.084491 -2.525724  0.441233 0.44
17 -2.084486 -2.513139  0.428653 0.43
18 -2.084480 -2.500208  0.415728 0.42
19 -2.084474 -2.487031  0.402557 0.40
20 -2.084467 -2.473720  0.389254 0.39
21 -2.084459 -2.460400  0.375941 0.38
22 -2.084450 -2.447201  0.362751 0.36
23 -2.084442 -2.434264  0.349822 0.35
24 -2.084433 -2.421730  0.337297 0.34
25 -2.084425 -2.409742  0.325317 0.33
26 -2.084417 -2.398437  0.314021 0.31
27 -2.084409 -2.387946  0.303537 0.30
28 -2.084403 -2.378386  0.293983 0.29
29 -2.084398 -2.369858  0.285460 0.29
30 -2.084394 -2.362444  0.278049 0.28
31 -2.084392 -2.356202  0.271810 0.27
32 -2.084391 -2.351170  0.266779 0.27
33 -2.084392 -2.347359  0.262967 0.26
34 -2.084394 -2.344758  0.260364 0.26
35 -2.084398 -2.343332  0.258934 0.26
36 -2.084402 -2.343028  0.258625 0.26
37 -2.084408 -2.343773  0.259365 0.26
38 -2.084414 -2.345480  0.261067 0.26
39 -2.084420 -2.348053  0.263633 0.26
40 -2.084427 -2.351385  0.266958 0.27
41 -2.084434 -2.355363  0.270929 0.27
42 -2.084441 -2.359873  0.275432 0.28
43 -2.084448 -2.364800  0.280352 0.28
44 -2.084454 -2.370032  0.285577 0.29
45 -2.084461 -2.375458  0.290997 0.29
46 -2.084466 -2.380974  0.296508 0.30
47 -2.084472 -2.386482  0.302010 0.30
48 -2.084477 -2.391888  0.307411 0.31
49 -2.084481 -2.397109  0.312628 0.31
50 -2.084485 -2.402067  0.317581 0.32
51 -2.084489 -2.406692  0.322203 0.32
52 -2.084492 -2.410924  0.326433 0.33
53 -2.084494 -2.414710  0.330216 0.33
54 -2.084497 -2.418005  0.333509 0.33
55 -2.084498 -2.420773  0.336274 0.34
56 -2.084499 -2.422984  0.338485 0.34
57 -2.084500 -2.424619  0.340119 0.34
58 -2.084500 -2.425667  0.341167 0.34
59 -2.084500 -2.426125  0.341625 0.34
60 -2.084499 -2.425998  0.341499 0.34
61 -2.084498 -2.425301  0.340803 0.34
62 -2.084496 -2.424057  0.339561 0.34
63 -2.084493 -2.422298  0.337805 0.34
64 -2.084490 -2.420065  0.335575 0.34
65 -2.084487 -2.417408  0.332921 0.33
66 -2.084483 -2.414385  0.329902 0.33
67 -2.084479 -2.411062  0.326583 0.33
68 -2.084474 -2.407511  0.323038 0.32
69 -2.084469 -2.403813  0.319344 0.32
70 -2.084464 -2.400051  0.315587 0.32
71 -2.084458 -2.396312  0.311854 0.31
72 -2.084453 -2.392686  0.308234 0.31
73 -2.084448 -2.389263  0.304815 0.30
74 -2.084443 -2.386127  0.301684 0.30
75 -2.084438 -2.383359  0.298921 0.30
76 -2.084434 -2.381035  0.296600 0.30
77 -2.084431 -2.379216  0.294785 0.29
78 -2.084429 -2.377954  0.293526 0.29
79 -2.084427 -2.377289  0.292862 0.29
80 -2.084427 -2.377242  0.292815 0.29
81 -2.084427 -2.377820  0.293393 0.29
82 -2.084429 -2.379016  0.294587 0.29
83 -2.084431 -2.380805  0.296373 0.30
84 -2.084435 -2.383149  0.298714 0.30
85 -2.084438 -2.385998  0.301560 0.30
86 -2.084443 -2.389291  0.304849 0.30
87 -2.084447 -2.392960  0.308512 0.31
88 -2.084452 -2.396928  0.312476 0.31
89 -2.084457 -2.401119  0.316662 0.32
90 -2.084462 -2.405453  0.320991 0.32
91 -2.084466 -2.409852  0.325385 0.33
92 -2.084471 -2.414240  0.329769 0.33
93 -2.084474 -2.418547  0.334072 0.33
94 -2.084478 -2.422707  0.338229 0.34
95 -2.084481 -2.426661  0.342180 0.34
96 -2.084483 -2.430359  0.345876 0.35
97 -2.084485 -2.433759  0.349274 0.35
98 -2.084487 -2.436825  0.352339 0.35
99 -2.084487 -2.439535  0.355048 0.36
100 -2.084487 -2.441873  0.357386 0.36
101 -2.084487 -2.443835  0.359348 0.36
102 -2.084486 -2.445424  0.360938 0.36
103 -2.084484 -2.446656  0.362172 0.36
104 -2.084482 -2.447553  0.363071 0.36
105 -2.084479 -2.448149  0.363670 0.36
106 -2.084476 -2.448483  0.364007 0.36
107 -2.084472 -2.448602  0.364129 0.36
108 -2.084469 -2.448559  0.364090 0.36
109 -2.084465 -2.448411  0.363946 0.36
110 -2.084461 -2.448218  0.363758 0.36
111 -2.084457 -2.448042  0.363586 0.36
112 -2.084453 -2.447943  0.363490 0.36
113 -2.084449 -2.447980  0.363530 0.36
114 -2.084446 -2.448205  0.363759 0.36
115 -2.084444 -2.448668  0.364224 0.36
116 -2.084441 -2.449409  0.364968 0.36
117 -2.084440 -2.450462  0.366022 0.37
118 -2.084439 -2.451851  0.367412 0.37
119 -2.084439 -2.453589  0.369150 0.37
120 -2.084439 -2.455680  0.371241 0.37
121 -2.084440 -2.458120  0.373681 0.37
122 -2.084441 -2.460895  0.376454 0.38
123 -2.084443 -2.463980  0.379538 0.38
124 -2.084445 -2.467348  0.382903 0.38
125 -2.084447 -2.470960  0.386513 0.39
126 -2.084450 -2.474778  0.390328 0.39
127 -2.084453 -2.478755  0.394302 0.39
128 -2.084456 -2.482845  0.398389 0.40
129 -2.084459 -2.487001  0.402543 0.40
130 -2.084461 -2.491175  0.406714 0.41
131 -2.084464 -2.495321  0.410857 0.41
132 -2.084466 -2.499394  0.414928 0.41
133 -2.084469 -2.503354  0.418885 0.42
134 -2.084471 -2.507162  0.422691 0.42
135 -2.084472 -2.510785  0.426313 0.43
136 -2.084474 -2.514194  0.429720 0.43
137 -2.084475 -2.517363  0.432888 0.43
138 -2.084476 -2.520273  0.435798 0.44
139 -2.084476 -2.522908  0.438432 0.44
140 -2.084476 -2.525258  0.440781 0.44
141 -2.084476 -2.527314  0.442838 0.44
142 -2.084476 -2.529077  0.444601 0.44
143 -2.084476 -2.530546  0.446070 0.45
144 -2.084475 -2.531727  0.447252 0.45
145 -2.084474 -2.532629  0.448155 0.45
146 -2.084473 -2.533263  0.448790 0.45
147 -2.084472 -2.533643  0.449171 0.45
148 -2.084471 -2.533784  0.449313 0.45
149 -2.084470 -2.533704  0.449234 0.45
150 -2.084469 -2.533422  0.448953 0.45
151 -2.084468 -2.532957  0.448489 0.45
152 -2.084466 -2.532329  0.447863 0.45
153 -2.084465 -2.531560  0.447095 0.45
154 -2.084464 -2.530669  0.446205 0.45
155 -2.084463 -2.529679  0.445216 0.45
156 -2.084462 -2.528610  0.444149 0.44
157 -2.084461 -2.527484  0.443023 0.44
158 -2.084459 -2.526321  0.441862 0.44
159 -2.084458 -2.525143  0.440685 0.44
160 -2.084457 -2.523971  0.439514 0.44
161 -2.084456 -2.522826  0.438369 0.44
162 -2.084455 -2.521728  0.437273 0.44
163 -2.084454 -2.520697  0.436243 0.44
164 -2.084453 -2.519754  0.435300 0.44
165 -2.084453 -2.518914  0.434462 0.43
166 -2.084452 -2.518194  0.433742 0.43
167 -2.084452 -2.517606  0.433155 0.43
168 -2.084452 -2.517160  0.432708 0.43
169 -2.084452 -2.516861  0.432409 0.43
170 -2.084453 -2.516708  0.432256 0.43
171 -2.084454 -2.516699  0.432245 0.43
172 -2.084455 -2.516823  0.432368 0.43
173 -2.084456 -2.517067  0.432611 0.43
174 -2.084458 -2.517413  0.432955 0.43
175 -2.084460 -2.517839  0.433378 0.43
176 -2.084462 -2.518321  0.433858 0.43
177 -2.084464 -2.518835  0.434371 0.43
178 -2.084466 -2.519358  0.434893 0.43
179 -2.084467 -2.519870  0.435403 0.44
180 -2.084468 -2.520354  0.435885 0.44
181 -2.084469 -2.520798  0.436329 0.44
182 -2.084469 -2.521199  0.436729 0.44
183 -2.084469 -2.521557  0.437088 0.44
184 -2.084469 -2.521883  0.437414 0.44
185 -2.084468 -2.522190  0.437722 0.44
186 -2.084466 -2.522498  0.438031 0.44
187 -2.084465 -2.522827  0.438362 0.44
188 -2.084464 -2.523202  0.438738 0.44
189 -2.084463 -2.523640  0.439176 0.44
190 -2.084463 -2.524156  0.439693 0.44
191 -2.084463 -2.524759  0.440296 0.44
192 -2.084464 -2.525448  0.440984 0.44
193 -2.084465 -2.526212  0.441747 0.44
194 -2.084467 -2.527033  0.442566 0.44
195 -2.084469 -2.527884  0.443414 0.44
196 -2.084472 -2.528731  0.444259 0.44
197 -2.084474 -2.529538  0.445064 0.45
198 -2.084476 -2.530267  0.445791 0.45
199 -2.084479 -2.530882  0.446404 0.45
200 -2.084480 -2.531350  0.446870 0.45
201 -2.084481 -2.531646  0.447165 0.45
202 -2.084482 -2.531752  0.447270 0.45
203 -2.084482 -2.531657  0.447175 0.45
204 -2.084481 -2.531361  0.446880 0.45
205 -2.084480 -2.530872  0.446392 0.45
206 -2.084479 -2.530206  0.445727 0.45
207 -2.084477 -2.529383  0.444906 0.44
208 -2.084475 -2.528432  0.443957 0.44
209 -2.084473 -2.527383  0.442909 0.44
210 -2.084471 -2.526268  0.441797 0.44
211 -2.084469 -2.525121  0.440652 0.44
212 -2.084467 -2.523972  0.439505 0.44
213 -2.084466 -2.522850  0.438385 0.44
214 -2.084465 -2.521781  0.437316 0.44
215 -2.084464 -2.520784  0.436321 0.44
216 -2.084463 -2.519876  0.435413 0.44
217 -2.084463 -2.519067  0.434605 0.43
218 -2.084463 -2.518364  0.433901 0.43
219 -2.084463 -2.517765  0.433302 0.43
220 -2.084464 -2.517269  0.432805 0.43
221 -2.084465 -2.516866  0.432401 0.43
222 -2.084466 -2.516544  0.432078 0.43
223 -2.084468 -2.516286  0.431819 0.43
224 -2.084469 -2.516071  0.431602 0.43
225 -2.084471 -2.515875  0.431404 0.43
226 -2.084473 -2.515669  0.431196 0.43
227 -2.084475 -2.515424  0.430948 0.43
228 -2.084478 -2.515105  0.430628 0.43
229 -2.084480 -2.514682  0.430202 0.43
230 -2.084482 -2.514121  0.429639 0.43
231 -2.084484 -2.513394  0.428910 0.43
232 -2.084485 -2.512477  0.427992 0.43
233 -2.084486 -2.511352  0.426867 0.43
234 -2.084486 -2.510012  0.425526 0.43
235 -2.084485 -2.508458  0.423973 0.42
236 -2.084483 -2.506704  0.422221 0.42
237 -2.084481 -2.504777  0.420296 0.42
238 -2.084478 -2.502714  0.418236 0.42
239 -2.084474 -2.500568  0.416093 0.42
240 -2.084470 -2.498399  0.413929 0.41
241 -2.084465 -2.496278  0.411813 0.41
242 -2.084460 -2.494282  0.409822 0.41
243 -2.084456 -2.492489  0.408033 0.41
244 -2.084451 -2.490974  0.406523 0.41
245 -2.084447 -2.489809  0.405361 0.41
246 -2.084445 -2.489052  0.404607 0.40
247 -2.084443 -2.488748  0.404305 0.40
248 -2.084443 -2.488925  0.404483 0.40
249 -2.084443 -2.489591  0.405148 0.41
250 -2.084445 -2.490735  0.406290 0.41
251 -2.084449 -2.492326  0.407878 0.41
252 -2.084453 -2.494316  0.409864 0.41
253 -2.084457 -2.496643  0.412186 0.41
254 -2.084463 -2.499234  0.414772 0.41
255 -2.084468 -2.502008  0.417540 0.42
256 -2.084474 -2.504881  0.420408 0.42
257 -2.084479 -2.507768  0.423289 0.42
258 -2.084484 -2.510585  0.426101 0.43
259 -2.084489 -2.513254  0.428765 0.43
260 -2.084493 -2.515700  0.431207 0.43
261 -2.084497 -2.517857  0.433360 0.43
262 -2.084500 -2.519665  0.435165 0.44
263 -2.084503 -2.521071  0.436568 0.44
264 -2.084505 -2.522033  0.437527 0.44
265 -2.084507 -2.522513  0.438006 0.44
266 -2.084509 -2.522486  0.437977 0.44
267 -2.084509 -2.521932  0.437422 0.44
268 -2.084510 -2.520843  0.436333 0.44
269 -2.084509 -2.519219  0.434710 0.43
270 -2.084508 -2.517073  0.432564 0.43
271 -2.084507 -2.514425  0.429918 0.43
272 -2.084504 -2.511309  0.426805 0.43
273 -2.084501 -2.507770  0.423269 0.42
274 -2.084497 -2.503865  0.419368 0.42
275 -2.084493 -2.499660  0.415167 0.42
276 -2.084488 -2.495232  0.410744 0.41
277 -2.084482 -2.490667  0.406184 0.41
278 -2.084477 -2.486056  0.401579 0.40
279 -2.084471 -2.481494  0.397023 0.40
280 -2.084465 -2.477078  0.392613 0.39
281 -2.084460 -2.472902  0.388442 0.39
282 -2.084455 -2.469055  0.384601 0.38
283 -2.084451 -2.465619  0.381169 0.38
284 -2.084447 -2.462664  0.378217 0.38
285 -2.084445 -2.460247  0.375802 0.38
286 -2.084443 -2.458411  0.373968 0.37
287 -2.084442 -2.457186  0.372743 0.37
288 -2.084442 -2.456582  0.372140 0.37
289 -2.084443 -2.456599  0.372155 0.37
290 -2.084445 -2.457219  0.372774 0.37
291 -2.084448 -2.458416  0.373968 0.37
292 -2.084450 -2.460149  0.375699 0.38
293 -2.084454 -2.462372  0.377919 0.38
294 -2.084457 -2.465034  0.380577 0.38
295 -2.084460 -2.468076  0.383616 0.38
296 -2.084463 -2.471442  0.386978 0.39
297 -2.084467 -2.475073  0.390606 0.39
298 -2.084470 -2.478913  0.394444 0.39
299 -2.084472 -2.482909  0.398437 0.40
300 -2.084475 -2.487009  0.402535 0.40
301 -2.084477 -2.491167  0.406689 0.41
302 -2.084479 -2.495337  0.410857 0.41
303 -2.084481 -2.499478  0.414997 0.41
304 -2.084483 -2.503552  0.419069 0.42
305 -2.084485 -2.507523  0.423038 0.42
306 -2.084486 -2.511356  0.426870 0.43
307 -2.084488 -2.515019  0.430531 0.43
308 -2.084490 -2.518480  0.433990 0.43
309 -2.084491 -2.521709  0.437218 0.44
310 -2.084492 -2.524678  0.440186 0.44
311 -2.084494 -2.527361  0.442868 0.44
312 -2.084495 -2.529733  0.445239 0.45
313 -2.084496 -2.531773  0.447277 0.45
314 -2.084497 -2.533460  0.448963 0.45
315 -2.084498 -2.534779  0.450282 0.45
316 -2.084498 -2.535716  0.451218 0.45
317 -2.084499 -2.536262  0.451763 0.45
318 -2.084499 -2.536408  0.451909 0.45
319 -2.084499 -2.536151  0.451652 0.45
320 -2.084499 -2.535490  0.450991 0.45
321 -2.084499 -2.534426  0.449927 0.45
322 -2.084499 -2.532963  0.448464 0.45
323 -2.084499 -2.531108  0.446609 0.45
324 -2.084499 -2.528869  0.444370 0.44
325 -2.084498 -2.526258  0.441759 0.44
326 -2.084498 -2.523290  0.438792 0.44
327 -2.084497 -2.519983  0.435486 0.44
328 -2.084496 -2.516360  0.431864 0.43
329 -2.084494 -2.512449  0.427955 0.43
330 -2.084492 -2.508286  0.423794 0.42
331 -2.084489 -2.503912  0.419423 0.42
332 -2.084486 -2.499378  0.414892 0.41
333 -2.084482 -2.494745  0.410262 0.41
334 -2.084478 -2.490080  0.405603 0.41
335 -2.084472 -2.485465  0.400993 0.40
336 -2.084467 -2.480986  0.396519 0.40
337 -2.084461 -2.476738  0.392278 0.39
338 -2.084455 -2.472820  0.388366 0.39
339 -2.084449 -2.469331  0.384882 0.38
340 -2.084443 -2.466366  0.381923 0.38
341 -2.084439 -2.464010  0.379572 0.38
342 -2.084435 -2.462337  0.377901 0.38
343 -2.084433 -2.461397  0.376964 0.38
344 -2.084433 -2.461223  0.376790 0.38
345 -2.084434 -2.461818  0.377384 0.38
346 -2.084437 -2.463163  0.378726 0.38
347 -2.084441 -2.465213  0.380773 0.38
348 -2.084446 -2.467903  0.383457 0.38
349 -2.084452 -2.471150  0.386699 0.39
350 -2.084458 -2.474862  0.390405 0.39
351 -2.084464 -2.478940  0.394476 0.39
352 -2.084469 -2.483284  0.398815 0.40
353 -2.084474 -2.487799  0.403325 0.40
354 -2.084479 -2.492398  0.407919 0.41
355 -2.084482 -2.497004  0.412521 0.41
356 -2.084485 -2.501550  0.417065 0.42
357 -2.084487 -2.505983  0.421496 0.42
358 -2.084489 -2.510260  0.425771 0.43
359 -2.084489 -2.514349  0.429859 0.43
360 -2.084490 -2.518228  0.433738 0.43
361 -2.084490 -2.521883  0.437393 0.44
362 -2.084489 -2.525305  0.440816 0.44
363 -2.084489 -2.528494  0.444005 0.44
364 -2.084488 -2.531449  0.446961 0.45
365 -2.084487 -2.534174  0.449687 0.45
366 -2.084487 -2.536673  0.452187 0.45
367 -2.084486 -2.538951  0.454465 0.45
368 -2.084486 -2.541009  0.456524 0.46
369 -2.084486 -2.542850  0.458364 0.46
370 -2.084486 -2.544471  0.459985 0.46
371 -2.084486 -2.545869  0.461383 0.46
372 -2.084486 -2.547038  0.462552 0.46
373 -2.084487 -2.547972  0.463485 0.46
374 -2.084487 -2.548662  0.464175 0.46
375 -2.084488 -2.549102  0.464614 0.46
376 -2.084488 -2.549284  0.464796 0.46
377 -2.084488 -2.549207  0.464719 0.46
378 -2.084488 -2.548873  0.464385 0.46
379 -2.084487 -2.548288  0.463800 0.46
380 -2.084486 -2.547466  0.462980 0.46
381 -2.084484 -2.546428  0.461943 0.46
382 -2.084482 -2.545202  0.460720 0.46
383 -2.084480 -2.543825  0.459346 0.46
384 -2.084477 -2.542339  0.457863 0.46
385 -2.084473 -2.540792  0.456318 0.46
386 -2.084470 -2.539235  0.454765 0.45
387 -2.084467 -2.537724  0.453257 0.45
388 -2.084463 -2.536312  0.451849 0.45
389 -2.084460 -2.535052  0.450591 0.45
390 -2.084458 -2.533991  0.449534 0.45
391 -2.084456 -2.533172  0.448717 0.45
392 -2.084454 -2.532629  0.448175 0.45
393 -2.084453 -2.532386  0.447933 0.45
394 -2.084453 -2.532458  0.448005 0.45
395 -2.084454 -2.532850  0.448396 0.45
396 -2.084455 -2.533557  0.449102 0.45
397 -2.084456 -2.534563  0.450107 0.45
398 -2.084458 -2.535847  0.451389 0.45
399 -2.084460 -2.537378  0.452917 0.45
400 -2.084463 -2.539121  0.454658 0.45
401 -2.084465 -2.541038  0.456573 0.46
402 -2.084468 -2.543090  0.458622 0.46
403 -2.084470 -2.545236  0.460765 0.46
404 -2.084472 -2.547436  0.462964 0.46
405 -2.084474 -2.549656  0.465182 0.47
406 -2.084476 -2.551862  0.467386 0.47
407 -2.084477 -2.554026  0.469549 0.47
408 -2.084479 -2.556123  0.471644 0.47
409 -2.084479 -2.558132  0.473652 0.47
410 -2.084480 -2.560037  0.475557 0.48
411 -2.084481 -2.561826  0.477346 0.48
412 -2.084481 -2.563489  0.479009 0.48
413 -2.084481 -2.565020  0.480539 0.48
414 -2.084481 -2.566415  0.481934 0.48
415 -2.084481 -2.567671  0.483190 0.48
416 -2.084481 -2.568789  0.484308 0.48
417 -2.084481 -2.569770  0.485290 0.49
418 -2.084480 -2.570618  0.486138 0.49
419 -2.084480 -2.571338  0.486858 0.49
420 -2.084479 -2.571935  0.487456 0.49
421 -2.084479 -2.572418  0.487939 0.49
422 -2.084478 -2.572793  0.488314 0.49
423 -2.084478 -2.573066  0.488588 0.49
424 -2.084478 -2.573242  0.488765 0.49
425 -2.084478 -2.573325  0.488847 0.49
426 -2.084478 -2.573311  0.488833 0.49
427 -2.084479 -2.573197  0.488718 0.49
428 -2.084480 -2.572972  0.488493 0.49
429 -2.084481 -2.572624  0.488143 0.49
430 -2.084482 -2.572136  0.487654 0.49
431 -2.084483 -2.571490  0.487007 0.49
432 -2.084484 -2.570668  0.486184 0.49
433 -2.084485 -2.569653  0.485169 0.49
434 -2.084485 -2.568434  0.483949 0.48
435 -2.084485 -2.567003  0.482518 0.48
436 -2.084485 -2.565360  0.480875 0.48
437 -2.084484 -2.563511  0.479027 0.48
438 -2.084482 -2.561471  0.476989 0.48
439 -2.084480 -2.559264  0.474784 0.47
440 -2.084477 -2.556919  0.472442 0.47
441 -2.084475 -2.554475  0.470001 0.47
442 -2.084471 -2.551976  0.467504 0.47
443 -2.084468 -2.549467  0.464999 0.46
444 -2.084465 -2.546998  0.462534 0.46
445 -2.084461 -2.544621  0.460159 0.46
446 -2.084458 -2.542381  0.457923 0.46
447 -2.084456 -2.540324  0.455868 0.46
448 -2.084454 -2.538488  0.454034 0.45
449 -2.084452 -2.536902  0.452449 0.45
450 -2.084451 -2.535587  0.451135 0.45
451 -2.084451 -2.534554  0.450102 0.45
452 -2.084452 -2.533801  0.449349 0.45
453 -2.084453 -2.533317  0.448863 0.45
454 -2.084455 -2.533079  0.448623 0.45
455 -2.084458 -2.533055  0.448597 0.45
456 -2.084461 -2.533204  0.448743 0.45
457 -2.084464 -2.533481  0.449017 0.45
458 -2.084467 -2.533834  0.449366 0.45
459 -2.084471 -2.534210  0.449739 0.45
460 -2.084474 -2.534556  0.450082 0.45
461 -2.084477 -2.534820  0.450343 0.45
462 -2.084480 -2.534953  0.450473 0.45
463 -2.084482 -2.534909  0.450427 0.45
464 -2.084484 -2.534651  0.450167 0.45
465 -2.084486 -2.534145  0.449659 0.45
466 -2.084487 -2.533364  0.448877 0.45
467 -2.084488 -2.532290  0.447802 0.45
468 -2.084488 -2.530910  0.446422 0.45
469 -2.084488 -2.529219  0.444731 0.44
470 -2.084488 -2.527220  0.442732 0.44
471 -2.084487 -2.524922  0.440435 0.44
472 -2.084485 -2.522341  0.437856 0.44
473 -2.084484 -2.519501  0.435018 0.44
474 -2.084481 -2.516432  0.431951 0.43
475 -2.084479 -2.513171  0.428692 0.43
476 -2.084476 -2.509760  0.425284 0.43
477 -2.084473 -2.506249  0.421776 0.42
478 -2.084469 -2.502690  0.418221 0.42
479 -2.084465 -2.499143  0.414677 0.41
480 -2.084462 -2.495666  0.411205 0.41
481 -2.084458 -2.492323  0.407865 0.41
482 -2.084455 -2.489172  0.404717 0.40
483 -2.084452 -2.486269  0.401818 0.40
484 -2.084449 -2.483665  0.399216 0.40
485 -2.084447 -2.481399  0.396952 0.40
486 -2.084446 -2.479504  0.395057 0.40
487 -2.084446 -2.477996  0.393550 0.39
488 -2.084447 -2.476884  0.392437 0.39
489 -2.084448 -2.476161  0.391714 0.39
490 -2.084449 -2.475815  0.391365 0.39
491 -2.084451 -2.475822  0.391370 0.39
492 -2.084454 -2.476153  0.391700 0.39
493 -2.084456 -2.476779  0.392324 0.39
494 -2.084458 -2.477669  0.393211 0.39
495 -2.084459 -2.478793  0.394334 0.39
496 -2.084461 -2.480126  0.395665 0.40
497 -2.084462 -2.481646  0.397184 0.40
498 -2.084462 -2.483338  0.398875 0.40
499 -2.084463 -2.485188  0.400726 0.40
500 -2.084463 -2.487191  0.402728 0.40
501 -2.084463 -2.489340  0.404877 0.40
502 -2.084463 -2.491633  0.407170 0.41
503 -2.084463 -2.494068  0.409605 0.41
504 -2.084463 -2.496642  0.412178 0.41
505 -2.084464 -2.499349  0.414885 0.41
506 -2.084465 -2.502182  0.417717 0.42
507 -2.084465 -2.505129  0.420664 0.42
508 -2.084467 -2.508174  0.423707 0.42
509 -2.084468 -2.511296  0.426828 0.43
510 -2.084470 -2.514470  0.429999 0.43
511 -2.084472 -2.517665  0.433192 0.43
512 -2.084475 -2.520848  0.436373 0.44
513 -2.084477 -2.523982  0.439505 0.44
514 -2.084480 -2.527029  0.442549 0.44
515 -2.084482 -2.529950  0.445468 0.45
516 -2.084484 -2.532707  0.448223 0.45
517 -2.084486 -2.535264  0.450778 0.45
518 -2.084488 -2.537590  0.453102 0.45
519 -2.084489 -2.539657  0.455168 0.46
520 -2.084490 -2.541444  0.456954 0.46
521 -2.084490 -2.542938  0.458448 0.46
522 -2.084490 -2.544133  0.459643 0.46
523 -2.084489 -2.545029  0.460540 0.46
524 -2.084488 -2.545636  0.461148 0.46
525 -2.084486 -2.545971  0.461484 0.46
526 -2.084485 -2.546055  0.461570 0.46
527 -2.084482 -2.545915  0.461432 0.46
528 -2.084480 -2.545581  0.461101 0.46
529 -2.084478 -2.545085  0.460607 0.46
530 -2.084476 -2.544456  0.459980 0.46
531 -2.084474 -2.543725  0.459250 0.46
532 -2.084473 -2.542914  0.458441 0.46
533 -2.084472 -2.542045  0.457573 0.46
534 -2.084472 -2.541129  0.456658 0.46
535 -2.084472 -2.540176  0.455704 0.46
536 -2.084472 -2.539186  0.454714 0.45
537 -2.084473 -2.538154  0.453681 0.45
538 -2.084474 -2.537071  0.452597 0.45
539 -2.084475 -2.535925  0.451450 0.45
540 -2.084476 -2.534700  0.450224 0.45
541 -2.084477 -2.533381  0.448904 0.45
542 -2.084478 -2.531953  0.447475 0.45
543 -2.084479 -2.530405  0.445926 0.45
544 -2.084479 -2.528728  0.444249 0.44
545 -2.084479 -2.526918  0.442438 0.44
546 -2.084479 -2.524976  0.440497 0.44
547 -2.084479 -2.522910  0.438431 0.44
548 -2.084478 -2.520731  0.436254 0.44
549 -2.084477 -2.518459  0.433983 0.43
550 -2.084475 -2.516116  0.431641 0.43
551 -2.084473 -2.513730  0.429257 0.43
552 -2.084471 -2.511330  0.426859 0.43
553 -2.084469 -2.508950  0.424481 0.42
554 -2.084467 -2.506623  0.422155 0.42
555 -2.084465 -2.504382  0.419916 0.42
556 -2.084464 -2.502259  0.417795 0.42
557 -2.084462 -2.500285  0.415823 0.42
558 -2.084461 -2.498486  0.414025 0.41
559 -2.084459 -2.496885  0.412426 0.41
560 -2.084459 -2.495501  0.411043 0.41
561 -2.084458 -2.494349  0.409891 0.41
562 -2.084457 -2.493439  0.408982 0.41
563 -2.084457 -2.492776  0.408319 0.41
564 -2.084457 -2.492363  0.407906 0.41
565 -2.084457 -2.492197  0.407740 0.41
566 -2.084458 -2.492274  0.407816 0.41
567 -2.084458 -2.492583  0.408125 0.41
568 -2.084459 -2.493113  0.408654 0.41
569 -2.084460 -2.493848  0.409388 0.41
570 -2.084462 -2.494768  0.410307 0.41
571 -2.084463 -2.495851  0.411388 0.41
572 -2.084465 -2.497070  0.412605 0.41
573 -2.084467 -2.498394  0.413928 0.41
574 -2.084469 -2.499792  0.415323 0.42
575 -2.084471 -2.501228  0.416757 0.42
576 -2.084473 -2.502663  0.418190 0.42
577 -2.084475 -2.504061  0.419586 0.42
578 -2.084478 -2.505383  0.420905 0.42
579 -2.084480 -2.506589  0.422110 0.42
580 -2.084482 -2.507646  0.423164 0.42
581 -2.084484 -2.508520  0.424036 0.42
582 -2.084485 -2.509180  0.424695 0.42
583 -2.084487 -2.509603  0.425117 0.43
584 -2.084488 -2.509768  0.425280 0.43
585 -2.084488 -2.509660  0.425171 0.43
586 -2.084489 -2.509269  0.424780 0.42
587 -2.084489 -2.508592  0.424104 0.42
588 -2.084488 -2.507631  0.423142 0.42
589 -2.084488 -2.506391  0.421903 0.42
590 -2.084487 -2.504885  0.420398 0.42
591 -2.084486 -2.503128  0.418642 0.42
592 -2.084485 -2.501140  0.416655 0.42
593 -2.084484 -2.498944  0.414460 0.41
594 -2.084482 -2.496565  0.412082 0.41
595 -2.084481 -2.494030  0.409549 0.41
596 -2.084479 -2.491370  0.406890 0.41
597 -2.084478 -2.488615  0.404137 0.40
598 -2.084476 -2.485798  0.401321 0.40
599 -2.084474 -2.482952  0.398477 0.40
600 -2.084473 -2.480112  0.395639 0.40
601 -2.084471 -2.477315  0.392845 0.39
602 -2.084468 -2.474600  0.390132 0.39
603 -2.084466 -2.472005  0.387539 0.39
604 -2.084464 -2.469572  0.385108 0.39
605 -2.084462 -2.467341  0.382879 0.38
606 -2.084459 -2.465354  0.380894 0.38
607 -2.084457 -2.463650  0.379193 0.38
608 -2.084455 -2.462267  0.377812 0.38
609 -2.084453 -2.461238  0.376785 0.38
610 -2.084452 -2.460590  0.376138 0.38
611 -2.084451 -2.460341  0.375890 0.38
612 -2.084451 -2.460502  0.376050 0.38
613 -2.084452 -2.461070  0.376618 0.38
614 -2.084454 -2.462034  0.377580 0.38
615 -2.084456 -2.463369  0.378913 0.38
616 -2.084458 -2.465041  0.380582 0.38
617 -2.084461 -2.467006  0.382544 0.38
618 -2.084465 -2.469212  0.384748 0.38
619 -2.084468 -2.471604  0.387136 0.39
620 -2.084472 -2.474123  0.389651 0.39
621 -2.084475 -2.476708  0.392233 0.39
622 -2.084479 -2.479304  0.394826 0.39
623 -2.084481 -2.481858  0.397376 0.40
624 -2.084484 -2.484321  0.399837 0.40
625 -2.084486 -2.486652  0.402166 0.40
626 -2.084488 -2.488816  0.404328 0.40
627 -2.084489 -2.490783  0.406294 0.41
628 -2.084490 -2.492531  0.408041 0.41
629 -2.084491 -2.494041  0.409550 0.41
630 -2.084491 -2.495301  0.410810 0.41
631 -2.084492 -2.496303  0.411812 0.41
632 -2.084492 -2.497044  0.412552 0.41
633 -2.084491 -2.497523  0.413032 0.41
634 -2.084491 -2.497747  0.413256 0.41
635 -2.084490 -2.497727  0.413237 0.41
636 -2.084489 -2.497480  0.412991 0.41
637 -2.084487 -2.497027  0.412540 0.41
638 -2.084485 -2.496398  0.411913 0.41
639 -2.084482 -2.495628  0.411146 0.41
640 -2.084480 -2.494758  0.410278 0.41
641 -2.084477 -2.493833  0.409357 0.41
642 -2.084474 -2.492903  0.408429 0.41
643 -2.084471 -2.492016  0.407545 0.41
644 -2.084468 -2.491223  0.406755 0.41
645 -2.084465 -2.490568  0.406103 0.41
646 -2.084463 -2.490092  0.405629 0.41
647 -2.084462 -2.489827  0.405365 0.41
648 -2.084461 -2.489795  0.405333 0.41
649 -2.084461 -2.490008  0.405546 0.41
650 -2.084462 -2.490467  0.406005 0.41
651 -2.084463 -2.491165  0.406702 0.41
652 -2.084465 -2.492084  0.407619 0.41
653 -2.084467 -2.493199  0.408732 0.41
654 -2.084469 -2.494481  0.410012 0.41
655 -2.084471 -2.495897  0.411426 0.41
656 -2.084473 -2.497412  0.412939 0.41
657 -2.084475 -2.498992  0.414517 0.41
658 -2.084477 -2.500605  0.416128 0.42
659 -2.084479 -2.502218  0.417739 0.42
660 -2.084480 -2.503804  0.419324 0.42
661 -2.084482 -2.505336  0.420854 0.42
662 -2.084483 -2.506789  0.422306 0.42
663 -2.084484 -2.508143  0.423659 0.42
664 -2.084486 -2.509377  0.424892 0.42
665 -2.084487 -2.510474  0.425988 0.43
666 -2.084487 -2.511420  0.426933 0.43
667 -2.084488 -2.512202  0.427714 0.43
668 -2.084489 -2.512810  0.428321 0.43
669 -2.084489 -2.513238  0.428749 0.43
670 -2.084489 -2.513484  0.428995 0.43
671 -2.084489 -2.513550  0.429062 0.43
672 -2.084488 -2.513442  0.428954 0.43
673 -2.084487 -2.513173  0.428686 0.43
674 -2.084486 -2.512759  0.428274 0.43
675 -2.084484 -2.512226  0.427742 0.43
676 -2.084482 -2.511602  0.427120 0.43
677 -2.084479 -2.510924  0.426444 0.43
678 -2.084477 -2.510231  0.425755 0.43
679 -2.084474 -2.509568  0.425094 0.43
680 -2.084471 -2.508979  0.424507 0.42
681 -2.084469 -2.508504  0.424035 0.42
682 -2.084467 -2.508182  0.423715 0.42
683 -2.084466 -2.508039  0.423573 0.42
684 -2.084466 -2.508093  0.423628 0.42
685 -2.084466 -2.508349  0.423883 0.42
686 -2.084467 -2.508798  0.424330 0.42
687 -2.084469 -2.509420  0.424951 0.42
688 -2.084472 -2.510185  0.425714 0.43
689 -2.084474 -2.511056  0.426582 0.43
690 -2.084477 -2.511992  0.427515 0.43
691 -2.084479 -2.512948  0.428469 0.43
692 -2.084482 -2.513883  0.429401 0.43
693 -2.084484 -2.514758  0.430274 0.43
694 -2.084485 -2.515538  0.431052 0.43
695 -2.084487 -2.516192  0.431705 0.43
696 -2.084488 -2.516697  0.432210 0.43
697 -2.084488 -2.517034  0.432546 0.43
698 -2.084489 -2.517190  0.432701 0.43
699 -2.084489 -2.517155  0.432667 0.43
700 -2.084489 -2.516929  0.432440 0.43
701 -2.084488 -2.516511  0.432023 0.43
702 -2.084487 -2.515908  0.431421 0.43
703 -2.084487 -2.515130  0.430643 0.43
704 -2.084486 -2.514187  0.429701 0.43
705 -2.084485 -2.513093  0.428609 0.43
706 -2.084484 -2.511864  0.427380 0.43
707 -2.084483 -2.510513  0.426030 0.43
708 -2.084482 -2.509055  0.424573 0.42
709 -2.084482 -2.507503  0.423022 0.42
710 -2.084481 -2.505870  0.421389 0.42
711 -2.084480 -2.504166  0.419686 0.42
712 -2.084480 -2.502403  0.417923 0.42
713 -2.084479 -2.500592  0.416112 0.42
714 -2.084479 -2.498743  0.414264 0.41
715 -2.084478 -2.496871  0.412393 0.41
716 -2.084477 -2.494989  0.410512 0.41
717 -2.084476 -2.493116  0.408640 0.41
718 -2.084475 -2.491272  0.406797 0.41
719 -2.084473 -2.489481  0.405007 0.41
720 -2.084472 -2.487768  0.403296 0.40
721 -2.084470 -2.486161  0.401691 0.40
722 -2.084468 -2.484689  0.400221 0.40
723 -2.084467 -2.483380  0.398913 0.40
724 -2.084466 -2.482258  0.397792 0.40
725 -2.084465 -2.481344  0.396879 0.40
726 -2.084464 -2.480654  0.396189 0.40
727 -2.084465 -2.480194  0.395729 0.40
728 -2.084465 -2.479964  0.395499 0.40
729 -2.084467 -2.479953  0.395487 0.40
730 -2.084469 -2.480144  0.395675 0.40
731 -2.084471 -2.480507  0.396036 0.40
732 -2.084474 -2.481010  0.396537 0.40
733 -2.084476 -2.481614  0.397138 0.40
734 -2.084479 -2.482279  0.397800 0.40
735 -2.084482 -2.482963  0.398481 0.40
736 -2.084484 -2.483629  0.399145 0.40
737 -2.084486 -2.484244  0.399758 0.40
738 -2.084487 -2.484783  0.400296 0.40
739 -2.084487 -2.485230  0.400743 0.40
740 -2.084487 -2.485582  0.401095 0.40
741 -2.084486 -2.485846  0.401360 0.40
742 -2.084484 -2.486041  0.401557 0.40
743 -2.084481 -2.486198  0.401717 0.40
744 -2.084478 -2.486359  0.401881 0.40
745 -2.084474 -2.486572  0.402098 0.40
746 -2.084471 -2.486891  0.402420 0.40
747 -2.084467 -2.487367  0.402900 0.40
748 -2.084464 -2.488051  0.403586 0.40
749 -2.084462 -2.488981  0.404519 0.40
750 -2.084461 -2.490186  0.405725 0.41
751 -2.084461 -2.491678  0.407216 0.41
752 -2.084463 -2.493451  0.408988 0.41
753 -2.084465 -2.495482  0.411018 0.41
754 -2.084468 -2.497736  0.413268 0.41
755 -2.084471 -2.500159  0.415688 0.42
756 -2.084475 -2.502694  0.418219 0.42
757 -2.084479 -2.505274  0.420795 0.42
758 -2.084482 -2.507833  0.423351 0.42
759 -2.084486 -2.510309  0.425824 0.43
760 -2.084488 -2.512644  0.428156 0.43
761 -2.084490 -2.514789  0.430298 0.43
762 -2.084492 -2.516703  0.432211 0.43
763 -2.084493 -2.518358  0.433866 0.43
764 -2.084493 -2.519736  0.435243 0.44
765 -2.084492 -2.520827  0.436335 0.44
766 -2.084491 -2.521635  0.437144 0.44
767 -2.084489 -2.522170  0.437681 0.44
768 -2.084487 -2.522450  0.437963 0.44
769 -2.084485 -2.522501  0.438015 0.44
770 -2.084483 -2.522352  0.437870 0.44
771 -2.084480 -2.522039  0.437559 0.44
772 -2.084477 -2.521599  0.437122 0.44
773 -2.084475 -2.521069  0.436594 0.44
774 -2.084472 -2.520489  0.436016 0.44
775 -2.084470 -2.519894  0.435424 0.44
776 -2.084468 -2.519321  0.434853 0.43
777 -2.084466 -2.518800  0.434334 0.43
778 -2.084465 -2.518359  0.433894 0.43
779 -2.084464 -2.518019  0.433555 0.43
780 -2.084463 -2.517798  0.433335 0.43
781 -2.084463 -2.517705  0.433242 0.43
782 -2.084464 -2.517743  0.433279 0.43
783 -2.084464 -2.517909  0.433445 0.43
784 -2.084466 -2.518194  0.433728 0.43
785 -2.084467 -2.518579  0.434112 0.43
786 -2.084470 -2.519043  0.434573 0.43
787 -2.084472 -2.519556  0.435085 0.44
788 -2.084474 -2.520087  0.435612 0.44
789 -2.084477 -2.520598  0.436121 0.44
790 -2.084480 -2.521051  0.436571 0.44
791 -2.084483 -2.521406  0.436923 0.44
792 -2.084486 -2.521625  0.437139 0.44
793 -2.084488 -2.521670  0.437182 0.44
794 -2.084490 -2.521509  0.437019 0.44
795 -2.084492 -2.521114  0.436622 0.44
796 -2.084493 -2.520464  0.435970 0.44
797 -2.084494 -2.519545  0.435052 0.44
798 -2.084494 -2.518356  0.433862 0.43
799 -2.084493 -2.516903  0.432410 0.43
800 -2.084491 -2.515205  0.430714 0.43
801 -2.084489 -2.513294  0.428806 0.43
802 -2.084485 -2.511214  0.426728 0.43
803 -2.084481 -2.509018  0.424536 0.42
804 -2.084477 -2.506770  0.422293 0.42
805 -2.084472 -2.504543  0.420071 0.42
806 -2.084467 -2.502412  0.417944 0.42
807 -2.084463 -2.500452  0.415990 0.42
808 -2.084458 -2.498738  0.414280 0.41
809 -2.084455 -2.497335  0.412881 0.41
810 -2.084452 -2.496298  0.411846 0.41
811 -2.084450 -2.495669  0.411219 0.41
812 -2.084449 -2.495476  0.411027 0.41
813 -2.084449 -2.495730  0.411281 0.41
814 -2.084450 -2.496429  0.411979 0.41
815 -2.084452 -2.497556  0.413104 0.41
816 -2.084454 -2.499083  0.414628 0.41
817 -2.084457 -2.500970  0.416513 0.42
818 -2.084460 -2.503173  0.418713 0.42
819 -2.084463 -2.505641  0.421178 0.42
820 -2.084467 -2.508318  0.423852 0.42
821 -2.084470 -2.511148  0.426679 0.43
822 -2.084473 -2.514075  0.429601 0.43
823 -2.084477 -2.517040  0.432563 0.43
824 -2.084480 -2.519988  0.435508 0.44
825 -2.084483 -2.522866  0.438384 0.44
826 -2.084485 -2.525624  0.441138 0.44
827 -2.084488 -2.528214  0.443726 0.44
828 -2.084490 -2.530595  0.446104 0.45
829 -2.084492 -2.532730  0.448238 0.45
830 -2.084493 -2.534590  0.450097 0.45
831 -2.084494 -2.536154  0.451660 0.45
832 -2.084494 -2.537408  0.452914 0.45
833 -2.084494 -2.538352  0.453858 0.45
834 -2.084493 -2.538991  0.454499 0.45
835 -2.084491 -2.539345  0.454855 0.45
836 -2.084488 -2.539443  0.454954 0.45
837 -2.084486 -2.539321  0.454835 0.45
838 -2.084482 -2.539025  0.454542 0.45
839 -2.084479 -2.538604  0.454125 0.45
840 -2.084476 -2.538112  0.453636 0.45
841 -2.084473 -2.537596  0.453123 0.45
842 -2.084471 -2.537103  0.452632 0.45
843 -2.084469 -2.536669  0.452199 0.45
844 -2.084469 -2.536319  0.451850 0.45
845 -2.084469 -2.536068  0.451599 0.45
846 -2.084469 -2.535919  0.451449 0.45
847 -2.084471 -2.535863  0.451392 0.45
848 -2.084472 -2.535884  0.451412 0.45
849 -2.084474 -2.535962  0.451488 0.45
850 -2.084475 -2.536072  0.451596 0.45
851 -2.084477 -2.536190  0.451714 0.45
852 -2.084478 -2.536298  0.451821 0.45
853 -2.084478 -2.536381  0.451902 0.45
854 -2.084478 -2.536427  0.451948 0.45
855 -2.084478 -2.536431  0.451953 0.45
856 -2.084478 -2.536394  0.451916 0.45
857 -2.084478 -2.536318  0.451840 0.45
858 -2.084478 -2.536205  0.451727 0.45
859 -2.084477 -2.536059  0.451581 0.45
860 -2.084477 -2.535882  0.451405 0.45
861 -2.084477 -2.535675  0.451197 0.45
862 -2.084478 -2.535433  0.450956 0.45
863 -2.084478 -2.535154  0.450675 0.45
864 -2.084479 -2.534829  0.450350 0.45
865 -2.084479 -2.534452  0.449973 0.45
866 -2.084479 -2.534017  0.449537 0.45
867 -2.084479 -2.533519  0.449040 0.45
868 -2.084479 -2.532957  0.448478 0.45
869 -2.084479 -2.532334  0.447856 0.45
870 -2.084478 -2.531657  0.447179 0.45
871 -2.084477 -2.530937  0.446460 0.45
872 -2.084476 -2.530188  0.445713 0.45
873 -2.084475 -2.529429  0.444954 0.44
874 -2.084473 -2.528676  0.444203 0.44
875 -2.084472 -2.527949  0.443477 0.44
876 -2.084471 -2.527265  0.442793 0.44
877 -2.084471 -2.526635  0.442165 0.44
878 -2.084470 -2.526070  0.441600 0.44
879 -2.084470 -2.525574  0.441104 0.44
880 -2.084471 -2.525145  0.440675 0.44
881 -2.084471 -2.524778  0.440307 0.44
882 -2.084472 -2.524462  0.439990 0.44
883 -2.084473 -2.524185  0.439712 0.44
884 -2.084474 -2.523931  0.439457 0.44
885 -2.084475 -2.523686  0.439211 0.44
886 -2.084476 -2.523437  0.438961 0.44
887 -2.084476 -2.523172  0.438696 0.44
888 -2.084476 -2.522885  0.438409 0.44
889 -2.084476 -2.522574  0.438098 0.44
890 -2.084475 -2.522243  0.437768 0.44
891 -2.084474 -2.521902  0.437428 0.44
892 -2.084473 -2.521567  0.437094 0.44
893 -2.084471 -2.521260  0.436789 0.44
894 -2.084469 -2.521008  0.436539 0.44
895 -2.084467 -2.520842  0.436375 0.44
896 -2.084465 -2.520795  0.436331 0.44
897 -2.084462 -2.520901  0.436439 0.44
898 -2.084461 -2.521191  0.436731 0.44
899 -2.084459 -2.521692  0.437233 0.44
900 -2.084459 -2.522422  0.437964 0.44
901 -2.084458 -2.523392  0.438934 0.44
902 -2.084459 -2.524602  0.440143 0.44
903 -2.084460 -2.526040  0.441580 0.44
904 -2.084462 -2.527684  0.443221 0.44
905 -2.084465 -2.529500  0.445036 0.45
906 -2.084468 -2.531450  0.446983 0.45
907 -2.084471 -2.533487  0.449016 0.45
908 -2.084474 -2.535559  0.451085 0.45
909 -2.084477 -2.537614  0.453137 0.45
910 -2.084481 -2.539599  0.455119 0.46
911 -2.084484 -2.541461  0.456977 0.46
912 -2.084487 -2.543148  0.458661 0.46
913 -2.084490 -2.544610  0.460120 0.46
914 -2.084493 -2.545801  0.461308 0.46
915 -2.084496 -2.546673  0.462177 0.46
916 -2.084499 -2.547182  0.462684 0.46
917 -2.084501 -2.547287  0.462785 0.46
918 -2.084504 -2.546946  0.462442 0.46
919 -2.084507 -2.546123  0.461616 0.46
920 -2.084509 -2.544784  0.460275 0.46
921 -2.084511 -2.542900  0.458389 0.46
922 -2.084513 -2.540451  0.455939 0.46
923 -2.084513 -2.537425  0.452912 0.45
924 -2.084513 -2.533822  0.449309 0.45
925 -2.084512 -2.529655  0.445143 0.45
926 -2.084510 -2.524956  0.440446 0.44
927 -2.084506 -2.519772  0.435266 0.44
928 -2.084502 -2.514173  0.429672 0.43
929 -2.084496 -2.508248  0.423753 0.42
930 -2.084488 -2.502106  0.417617 0.42
931 -2.084480 -2.495871  0.411391 0.41
932 -2.084471 -2.489686  0.405215 0.41
933 -2.084462 -2.483697  0.399235 0.40
934 -2.084453 -2.478058  0.393605 0.39
935 -2.084445 -2.472914  0.388470 0.39
936 -2.084437 -2.468402  0.383965 0.38
937 -2.084432 -2.464639  0.380207 0.38
938 -2.084428 -2.461717  0.377289 0.38
939 -2.084426 -2.459700  0.375274 0.38
940 -2.084426 -2.458621  0.374195 0.37
941 -2.084428 -2.458478  0.374050 0.37
942 -2.084432 -2.459240  0.374808 0.37
943 -2.084438 -2.460846  0.376408 0.38
944 -2.084444 -2.463208  0.378764 0.38
945 -2.084452 -2.466221  0.381769 0.38
946 -2.084460 -2.469762  0.385302 0.39
947 -2.084468 -2.473699  0.389231 0.39
948 -2.084476 -2.477897  0.393421 0.39
949 -2.084484 -2.482222  0.397738 0.40
950 -2.084491 -2.486545  0.402053 0.40
951 -2.084497 -2.490746  0.406249 0.41
952 -2.084503 -2.494720  0.410218 0.41
953 -2.084507 -2.498376  0.413869 0.41
954 -2.084510 -2.501639  0.417129 0.42
955 -2.084512 -2.504453  0.419941 0.42
956 -2.084512 -2.506779  0.422267 0.42
957 -2.084512 -2.508596  0.424084 0.42
958 -2.084511 -2.509899  0.425389 0.43
959 -2.084509 -2.510702  0.426193 0.43
960 -2.084505 -2.511031  0.426525 0.43
961 -2.084502 -2.510925  0.426424 0.43
962 -2.084497 -2.510438  0.425941 0.43
963 -2.084493 -2.509629  0.425137 0.43
964 -2.084488 -2.508567  0.424080 0.42
965 -2.084483 -2.507324  0.422841 0.42
966 -2.084478 -2.505972  0.421495 0.42
967 -2.084473 -2.504583  0.420109 0.42
968 -2.084469 -2.503221  0.418751 0.42
969 -2.084466 -2.501943  0.417477 0.42
970 -2.084464 -2.500796  0.416332 0.42
971 -2.084463 -2.499813  0.415351 0.42
972 -2.084462 -2.499013  0.414551 0.41
973 -2.084463 -2.498400  0.413938 0.41
974 -2.084464 -2.497967  0.413503 0.41
975 -2.084466 -2.497692  0.413226 0.41
976 -2.084468 -2.497547  0.413078 0.41
977 -2.084471 -2.497493  0.413023 0.41
978 -2.084473 -2.497492  0.413019 0.41
979 -2.084476 -2.497502  0.413026 0.41
980 -2.084478 -2.497483  0.413005 0.41
981 -2.084480 -2.497400  0.412920 0.41
982 -2.084481 -2.497224  0.412743 0.41
983 -2.084482 -2.496934  0.412452 0.41
984 -2.084482 -2.496515  0.412033 0.41
985 -2.084482 -2.495964  0.411482 0.41
986 -2.084481 -2.495285  0.410804 0.41
987 -2.084480 -2.494490  0.410011 0.41
988 -2.084478 -2.493600  0.409122 0.41
989 -2.084476 -2.492642  0.408166 0.41
990 -2.084473 -2.491649  0.407175 0.41
991 -2.084471 -2.490655  0.406184 0.41
992 -2.084469 -2.489699  0.405231 0.41
993 -2.084466 -2.488817  0.404350 0.40
994 -2.084465 -2.488041  0.403576 0.40
995 -2.084463 -2.487399  0.402936 0.40
996 -2.084462 -2.486913  0.402450 0.40
997 -2.084462 -2.486594  0.402131 0.40
998 -2.084463 -2.486446  0.401983 0.40
999 -2.084463 -2.486464  0.402000 0.40
