#Step   Etot   PotE Ktot  T
0 -0.994604 -2.636898  1.642293 1.64
1 -0.994606 -2.633280  1.638675 1.64
2 -0.994609 -2.627242  1.632633 1.63
3 -0.994615 -2.618748  1.624132 1.62
4 -0.994623 -2.607735  1.613112 1.61
5 -0.994633 -2.594125  1.599491 1.60
6 -0.994644 -2.577817  1.583173 1.58
7 -0.994657 -2.558706  1.564050 1.56
8 -0.994669 -2.536683  1.542015 1.54
9 -0.994680 -2.511652  1.516972 1.52
10 -0.994689 -2.483542  1.488854 1.49
11 -0.994693 -2.452332  1.457639 1.46
12 -0.994692 -2.418071  1.423379 1.42
13 -0.994683 -2.380906  1.386223 1.39
14 -0.994663 -2.341112  1.346448 1.35
15 -0.994633 -2.299114  1.304480 1.30
16 -0.994592 -2.255500  1.260907 1.26
17 -0.994542 -2.211017  1.216474 1.22
18 -0.994486 -2.166542  1.172056 1.17
19 -0.994429 -2.123031  1.128603 1.13
20 -0.994375 -2.081444  1.087069 1.09
21 -0.994330 -2.042670  1.048340 1.05
22 -0.994295 -2.007458  1.013162 1.01
23 -0.994273 -1.976376  0.982103 0.98
24 -0.994262 -1.949798  0.955536 0.96
25 -0.994260 -1.927913  0.933653 0.93
26 -0.994266 -1.910751  0.916485 0.92
27 -0.994279 -1.898210  0.903932 0.90
28 -0.994296 -1.890076  0.895780 0.90
29 -0.994319 -1.886042  0.891723 0.89
30 -0.994345 -1.885723  0.891377 0.89
31 -0.994375 -1.888666  0.894292 0.89
32 -0.994406 -1.894376  0.899970 0.90
33 -0.994437 -1.902325  0.907889 0.91
34 -0.994467 -1.911986  0.917519 0.92
35 -0.994494 -1.922844  0.928350 0.93
36 -0.994518 -1.934424  0.939906 0.94
37 -0.994538 -1.946304  0.951766 0.95
38 -0.994554 -1.958124  0.963570 0.96
39 -0.994565 -1.969596  0.975030 0.98
40 -0.994573 -1.980498  0.985926 0.99
41 -0.994576 -1.990679  0.996102 1.00
42 -0.994578 -2.000039  1.005461 1.01
43 -0.994577 -2.008528  1.013951 1.01
44 -0.994576 -2.016128  1.021553 1.02
45 -0.994574 -2.022842  1.028268 1.03
46 -0.994572 -2.028686  1.034113 1.03
47 -0.994571 -2.033682  1.039111 1.04
48 -0.994569 -2.037862  1.043293 1.04
49 -0.994566 -2.041268  1.046702 1.05
50 -0.994562 -2.043962  1.049400 1.05
51 -0.994556 -2.046031  1.051475 1.05
52 -0.994548 -2.047591  1.053043 1.05
53 -0.994539 -2.048789  1.054249 1.05
54 -0.994530 -2.049787  1.055257 1.06
55 -0.994522 -2.050756  1.056235 1.06
56 -0.994515 -2.051851  1.057336 1.06
57 -0.994512 -2.053195  1.058683 1.06
58 -0.994513 -2.054861  1.060348 1.06
59 -0.994517 -2.056865  1.062348 1.06
60 -0.994526 -2.059160  1.064634 1.06
61 -0.994538 -2.061637  1.067099 1.07
62 -0.994552 -2.064134  1.069582 1.07
63 -0.994569 -2.066452  1.071883 1.07
64 -0.994586 -2.068361  1.073775 1.07
65 -0.994604 -2.069626  1.075022 1.08
66 -0.994620 -2.070013  1.075393 1.08
67 -0.994634 -2.069313  1.074679 1.07
68 -0.994646 -2.067351  1.072705 1.07
69 -0.994654 -2.064000  1.069346 1.07
70 -0.994657 -2.059199  1.064542 1.06
71 -0.994654 -2.052970  1.058316 1.06
72 -0.994643 -2.045434  1.050791 1.05
73 -0.994624 -2.036835  1.042211 1.04
74 -0.994596 -2.027542  1.032946 1.03
75 -0.994561 -2.018053  1.023493 1.02
76 -0.994522 -2.008966  1.014444 1.01
77 -0.994483 -2.000925  1.006442 1.01
78 -0.994452 -1.994550  1.000098 1.00
79 -0.994434 -1.990342  0.995908 1.00
80 -0.994432 -1.988599  0.994167 0.99
81 -0.994448 -1.989355  0.994907 0.99
82 -0.994481 -1.992360  0.997879 1.00
83 -0.994525 -1.997112  1.002587 1.00
84 -0.994573 -2.002936  1.008363 1.01
85 -0.994617 -2.009090  1.014473 1.01
86 -0.994652 -2.014877  1.020225 1.02
87 -0.994671 -2.019749  1.025077 1.03
88 -0.994675 -2.023377  1.028703 1.03
89 -0.994661 -2.025692  1.031031 1.03
90 -0.994634 -2.026876  1.032241 1.03
91 -0.994599 -2.027320  1.032721 1.03
92 -0.994564 -2.027544  1.032980 1.03
93 -0.994534 -2.028085  1.033551 1.03
94 -0.994517 -2.029389  1.034872 1.03
95 -0.994516 -2.031721  1.037206 1.04
96 -0.994527 -2.035127  1.040600 1.04
97 -0.994547 -2.039448  1.044901 1.04
98 -0.994569 -2.044396  1.049827 1.05
99 -0.994587 -2.049648  1.055061 1.06
100 -0.994596 -2.054937  1.060340 1.06
101 -0.994596 -2.060111  1.065515 1.07
102 -0.994590 -2.065150  1.070560 1.07
103 -0.994580 -2.070130  1.075550 1.08
104 -0.994573 -2.075167  1.080593 1.08
105 -0.994573 -2.080340  1.085767 1.09
106 -0.994580 -2.085637  1.091057 1.09
107 -0.994596 -2.090927  1.096331 1.10
108 -0.994616 -2.095967  1.101350 1.10
109 -0.994638 -2.100442  1.105805 1.11
110 -0.994655 -2.104033  1.109378 1.11
111 -0.994667 -2.106472  1.111805 1.11
112 -0.994670 -2.107589  1.112920 1.11
113 -0.994665 -2.107344  1.112679 1.11
114 -0.994653 -2.105818  1.111165 1.11
115 -0.994636 -2.103201  1.108564 1.11
116 -0.994616 -2.099762  1.105145 1.11
117 -0.994596 -2.095818  1.101223 1.10
118 -0.994576 -2.091706  1.097130 1.10
119 -0.994558 -2.087748  1.093189 1.09
120 -0.994546 -2.084225  1.089679 1.09
121 -0.994540 -2.081342  1.086801 1.09
122 -0.994544 -2.079192  1.084649 1.08
123 -0.994555 -2.077743  1.083188 1.08
124 -0.994573 -2.076831  1.082258 1.08
125 -0.994593 -2.076195  1.081602 1.08
126 -0.994613 -2.075528  1.080915 1.08
127 -0.994626 -2.074537  1.079911 1.08
128 -0.994631 -2.073014  1.078383 1.08
129 -0.994625 -2.070878  1.076253 1.08
130 -0.994609 -2.068200  1.073590 1.07
131 -0.994585 -2.065201  1.070616 1.07
132 -0.994555 -2.062230  1.067676 1.07
133 -0.994522 -2.059721  1.065199 1.07
134 -0.994491 -2.058137  1.063646 1.06
135 -0.994465 -2.057915  1.063449 1.06
136 -0.994448 -2.059409  1.064961 1.06
137 -0.994441 -2.062849  1.068408 1.07
138 -0.994444 -2.068308  1.073864 1.07
139 -0.994458 -2.075697  1.081239 1.08
140 -0.994480 -2.084771  1.090291 1.09
141 -0.994509 -2.095152  1.100643 1.10
142 -0.994542 -2.106365  1.111823 1.11
143 -0.994576 -2.117873  1.123297 1.12
144 -0.994609 -2.129118  1.134509 1.13
145 -0.994640 -2.139561  1.144921 1.14
146 -0.994666 -2.148706  1.154039 1.15
147 -0.994687 -2.156134  1.161447 1.16
148 -0.994700 -2.161524  1.166824 1.17
149 -0.994706 -2.164670  1.169964 1.17
150 -0.994703 -2.165492  1.170789 1.17
151 -0.994693 -2.164045  1.169353 1.17
152 -0.994675 -2.160510  1.165835 1.17
153 -0.994652 -2.155180  1.160528 1.16
154 -0.994627 -2.148427  1.153800 1.15
155 -0.994602 -2.140663  1.146061 1.15
156 -0.994580 -2.132294  1.137714 1.14
157 -0.994563 -2.123677  1.129114 1.13
158 -0.994552 -2.115095  1.120543 1.12
159 -0.994546 -2.106742  1.112196 1.11
160 -0.994544 -2.098731  1.104187 1.10
161 -0.994544 -2.091110  1.096565 1.10
162 -0.994545 -2.083885  1.089339 1.09
163 -0.994547 -2.077040  1.082493 1.08
164 -0.994548 -2.070550  1.076002 1.08
165 -0.994548 -2.064394  1.069846 1.07
166 -0.994547 -2.058560  1.064013 1.06
167 -0.994545 -2.053049  1.058504 1.06
168 -0.994542 -2.047876  1.053334 1.05
169 -0.994538 -2.043072  1.048534 1.05
170 -0.994534 -2.038678  1.044144 1.04
171 -0.994529 -2.034743  1.040214 1.04
172 -0.994525 -2.031318  1.036793 1.04
173 -0.994521 -2.028452  1.033931 1.03
174 -0.994517 -2.026187  1.031670 1.03
175 -0.994514 -2.024558  1.030044 1.03
176 -0.994512 -2.023591  1.029079 1.03
177 -0.994510 -2.023303  1.028793 1.03
178 -0.994508 -2.023703  1.029195 1.03
179 -0.994507 -2.024794  1.030287 1.03
180 -0.994507 -2.026567  1.032060 1.03
181 -0.994508 -2.029004  1.034496 1.03
182 -0.994510 -2.032075  1.037566 1.04
183 -0.994512 -2.035741  1.041230 1.04
184 -0.994514 -2.039953  1.045439 1.05
185 -0.994517 -2.044654  1.050138 1.05
186 -0.994520 -2.049786  1.055266 1.06
187 -0.994523 -2.055285  1.060762 1.06
188 -0.994526 -2.061086  1.066559 1.07
189 -0.994531 -2.067116  1.072586 1.07
190 -0.994536 -2.073296  1.078760 1.08
191 -0.994542 -2.079526  1.084984 1.08
192 -0.994551 -2.085691  1.091140 1.09
193 -0.994560 -2.091653  1.097092 1.10
194 -0.994570 -2.097255  1.102684 1.10
195 -0.994581 -2.102330  1.107750 1.11
196 -0.994590 -2.106716  1.112125 1.11
197 -0.994597 -2.110263  1.115666 1.12
198 -0.994601 -2.112860  1.118259 1.12
199 -0.994601 -2.114445  1.119844 1.12
200 -0.994597 -2.115018  1.120421 1.12
201 -0.994588 -2.114646  1.120058 1.12
202 -0.994575 -2.113464  1.118889 1.12
203 -0.994559 -2.111667  1.117108 1.12
204 -0.994542 -2.109492  1.114950 1.11
205 -0.994526 -2.107195  1.112669 1.11
206 -0.994511 -2.105028  1.110516 1.11
207 -0.994501 -2.103211  1.108711 1.11
208 -0.994495 -2.101910  1.107416 1.11
209 -0.994495 -2.101217  1.106723 1.11
210 -0.994500 -2.101142  1.106642 1.11
211 -0.994510 -2.101613  1.107103 1.11
212 -0.994524 -2.102487  1.107963 1.11
213 -0.994541 -2.103563  1.109022 1.11
214 -0.994559 -2.104602  1.110043 1.11
215 -0.994578 -2.105348  1.110770 1.11
216 -0.994596 -2.105542  1.110945 1.11
217 -0.994614 -2.104937  1.110323 1.11
218 -0.994630 -2.103309  1.108679 1.11
219 -0.994643 -2.100466  1.105823 1.11
220 -0.994654 -2.096260  1.101606 1.10
221 -0.994659 -2.090607  1.095948 1.10
222 -0.994657 -2.083511  1.088853 1.09
223 -0.994646 -2.075097  1.080451 1.08
224 -0.994622 -2.065645  1.071023 1.07
225 -0.994588 -2.055610  1.061022 1.06
226 -0.994546 -2.045604  1.051058 1.05
227 -0.994504 -2.036341  1.041837 1.04
228 -0.994470 -2.028522  1.034052 1.03
229 -0.994454 -2.022700  1.028246 1.03
230 -0.994459 -2.019156  1.024697 1.02
231 -0.994482 -2.017844  1.023362 1.02
232 -0.994517 -2.018425  1.023908 1.02
233 -0.994553 -2.020373  1.025820 1.03
234 -0.994583 -2.023121  1.028538 1.03
235 -0.994601 -2.026183  1.031582 1.03
236 -0.994607 -2.029228  1.034621 1.03
237 -0.994603 -2.032101  1.037498 1.04
238 -0.994591 -2.034801  1.040210 1.04
239 -0.994577 -2.037436  1.042859 1.04
240 -0.994562 -2.040168  1.045606 1.05
241 -0.994549 -2.043171  1.048622 1.05
242 -0.994539 -2.046598  1.052058 1.05
243 -0.994533 -2.050558  1.056025 1.06
244 -0.994531 -2.055112  1.060582 1.06
245 -0.994531 -2.060271  1.065740 1.07
246 -0.994535 -2.066001  1.071466 1.07
247 -0.994541 -2.072227  1.077686 1.08
248 -0.994549 -2.078834  1.084285 1.08
249 -0.994560 -2.085671  1.091111 1.09
250 -0.994574 -2.092548  1.097974 1.10
251 -0.994589 -2.099240  1.104651 1.10
252 -0.994604 -2.105502  1.110898 1.11
253 -0.994619 -2.111085  1.116466 1.12
254 -0.994631 -2.115756  1.121125 1.12
255 -0.994638 -2.119327  1.124689 1.12
256 -0.994641 -2.121677  1.127036 1.13
257 -0.994637 -2.122767  1.128130 1.13
258 -0.994627 -2.122654  1.128027 1.13
259 -0.994611 -2.121489  1.126877 1.13
260 -0.994592 -2.119504  1.124912 1.12
261 -0.994571 -2.116994  1.122423 1.12
262 -0.994550 -2.114279  1.119729 1.12
263 -0.994533 -2.111670  1.117137 1.12
264 -0.994522 -2.109423  1.114901 1.11
265 -0.994517 -2.107712  1.113195 1.11
266 -0.994519 -2.106606  1.112087 1.11
267 -0.994527 -2.106074  1.111547 1.11
268 -0.994538 -2.105993  1.111455 1.11
269 -0.994552 -2.106184  1.111632 1.11
270 -0.994566 -2.106435  1.111869 1.11
271 -0.994579 -2.106533  1.111954 1.11
272 -0.994589 -2.106284  1.111695 1.11
273 -0.994598 -2.105527  1.110929 1.11
274 -0.994603 -2.104139  1.109536 1.11
275 -0.994607 -2.102044  1.107437 1.11
276 -0.994608 -2.099207  1.104599 1.10
277 -0.994606 -2.095638  1.101032 1.10
278 -0.994601 -2.091394  1.096792 1.10
279 -0.994595 -2.086573  1.091978 1.09
280 -0.994587 -2.081313  1.086726 1.09
281 -0.994577 -2.075785  1.081209 1.08
282 -0.994567 -2.070183  1.075617 1.08
283 -0.994556 -2.064715  1.070159 1.07
284 -0.994544 -2.059595  1.065050 1.07
285 -0.994532 -2.055046  1.060514 1.06
286 -0.994518 -2.051301  1.056783 1.06
287 -0.994504 -2.048605  1.054102 1.05
288 -0.994490 -2.047204  1.052714 1.05
289 -0.994480 -2.047315  1.052835 1.05
290 -0.994478 -2.049080  1.054602 1.05
291 -0.994486 -2.052512  1.058027 1.06
292 -0.994504 -2.057463  1.062959 1.06
293 -0.994530 -2.063614  1.069085 1.07
294 -0.994558 -2.070527  1.075969 1.08
295 -0.994584 -2.077709  1.083125 1.08
296 -0.994603 -2.084698  1.090095 1.09
297 -0.994614 -2.091126  1.096513 1.10
298 -0.994615 -2.096757  1.102142 1.10
299 -0.994609 -2.101489  1.106881 1.11
300 -0.994597 -2.105346  1.110749 1.11
301 -0.994583 -2.108435  1.113853 1.11
302 -0.994568 -2.110919  1.116351 1.12
303 -0.994554 -2.112974  1.118420 1.12
304 -0.994544 -2.114767  1.120223 1.12
305 -0.994537 -2.116429  1.121892 1.12
306 -0.994535 -2.118040  1.123505 1.12
307 -0.994537 -2.119625  1.125088 1.13
308 -0.994543 -2.121148  1.126605 1.13
309 -0.994552 -2.122524  1.127972 1.13
310 -0.994563 -2.123624  1.129061 1.13
311 -0.994575 -2.124294  1.129719 1.13
312 -0.994586 -2.124374  1.129787 1.13
313 -0.994596 -2.123714  1.129118 1.13
314 -0.994603 -2.122196  1.127594 1.13
315 -0.994606 -2.119752  1.125146 1.13
316 -0.994605 -2.116370  1.121765 1.12
317 -0.994600 -2.112101  1.117501 1.12
318 -0.994593 -2.107054  1.112461 1.11
319 -0.994585 -2.101380  1.106795 1.11
320 -0.994576 -2.095252  1.100675 1.10
321 -0.994570 -2.088841  1.094271 1.09
322 -0.994566 -2.082294  1.087728 1.09
323 -0.994565 -2.075723  1.081159 1.08
324 -0.994565 -2.069202  1.074637 1.07
325 -0.994566 -2.062779  1.068213 1.07
326 -0.994565 -2.056500  1.061935 1.06
327 -0.994561 -2.050435  1.055875 1.06
328 -0.994551 -2.044706  1.050154 1.05
329 -0.994537 -2.039500  1.044963 1.04
330 -0.994518 -2.035078  1.040560 1.04
331 -0.994496 -2.031756  1.037259 1.04
332 -0.994475 -2.029881  1.035405 1.04
333 -0.994458 -2.029784  1.035325 1.04
334 -0.994448 -2.031728  1.037280 1.04
335 -0.994448 -2.035860  1.041412 1.04
336 -0.994460 -2.042163  1.047703 1.05
337 -0.994484 -2.050438  1.055954 1.06
338 -0.994517 -2.060305  1.065789 1.07
339 -0.994556 -2.071237  1.076681 1.08
340 -0.994597 -2.082606  1.088010 1.09
341 -0.994636 -2.093751  1.099115 1.10
342 -0.994669 -2.104036  1.109366 1.11
343 -0.994695 -2.112906  1.118211 1.12
344 -0.994711 -2.119930  1.125219 1.13
345 -0.994718 -2.124818  1.130101 1.13
346 -0.994714 -2.127437  1.132723 1.13
347 -0.994702 -2.127803  1.133101 1.13
348 -0.994682 -2.126074  1.131392 1.13
349 -0.994656 -2.122529  1.127873 1.13
350 -0.994625 -2.117547  1.122922 1.12
351 -0.994592 -2.111582  1.116990 1.12
352 -0.994558 -2.105128  1.110571 1.11
353 -0.994525 -2.098693  1.104167 1.10
354 -0.994497 -2.092757  1.098261 1.10
355 -0.994474 -2.087745  1.093271 1.09
356 -0.994458 -2.083991  1.089532 1.09
357 -0.994451 -2.081717  1.087266 1.09
358 -0.994452 -2.081021  1.086569 1.09
359 -0.994460 -2.081876  1.087416 1.09
360 -0.994474 -2.084136  1.089662 1.09
361 -0.994493 -2.087564  1.093071 1.09
362 -0.994514 -2.091852  1.097338 1.10
363 -0.994534 -2.096660  1.102125 1.10
364 -0.994553 -2.101645  1.107092 1.11
365 -0.994569 -2.106495  1.111926 1.11
366 -0.994580 -2.110945  1.116365 1.12
367 -0.994587 -2.114798  1.120211 1.12
368 -0.994589 -2.117929  1.123340 1.12
369 -0.994587 -2.120283  1.125696 1.13
370 -0.994582 -2.121867  1.127285 1.13
371 -0.994576 -2.122739  1.128164 1.13
372 -0.994568 -2.122990  1.128422 1.13
373 -0.994560 -2.122733  1.128173 1.13
374 -0.994552 -2.122089  1.127537 1.13
375 -0.994544 -2.121183  1.126638 1.13
376 -0.994537 -2.120138  1.125601 1.13
377 -0.994529 -2.119080  1.124551 1.12
378 -0.994521 -2.118138  1.123618 1.12
379 -0.994512 -2.117451  1.122939 1.12
380 -0.994502 -2.117165  1.122663 1.12
381 -0.994493 -2.117433  1.122940 1.12
382 -0.994485 -2.118402  1.123917 1.12
383 -0.994479 -2.120199  1.125720 1.13
384 -0.994477 -2.122911  1.128434 1.13
385 -0.994480 -2.126562  1.132082 1.13
386 -0.994488 -2.131103  1.136614 1.14
387 -0.994502 -2.136394  1.141892 1.14
388 -0.994520 -2.142216  1.147696 1.15
389 -0.994540 -2.148282  1.153742 1.15
390 -0.994561 -2.154267  1.159705 1.16
391 -0.994580 -2.159836  1.165255 1.17
392 -0.994596 -2.164679  1.170083 1.17
393 -0.994608 -2.168536  1.173929 1.17
394 -0.994614 -2.171213  1.176599 1.18
395 -0.994617 -2.172588  1.177972 1.18
396 -0.994615 -2.172609  1.177994 1.18
397 -0.994611 -2.171286  1.176675 1.18
398 -0.994604 -2.168675  1.174071 1.17
399 -0.994597 -2.164870  1.170273 1.17
400 -0.994589 -2.159986  1.165397 1.17
401 -0.994580 -2.154155  1.159574 1.16
402 -0.994571 -2.147516  1.152944 1.15
403 -0.994562 -2.140217  1.145655 1.15
404 -0.994553 -2.132415  1.137863 1.14
405 -0.994542 -2.124278  1.129736 1.13
406 -0.994530 -2.115989  1.121458 1.12
407 -0.994518 -2.107744  1.113226 1.11
408 -0.994504 -2.099757  1.105253 1.11
409 -0.994491 -2.092253  1.097763 1.10
410 -0.994477 -2.085459  1.090982 1.09
411 -0.994465 -2.079593  1.085128 1.09
412 -0.994456 -2.074848  1.080392 1.08
413 -0.994449 -2.071379  1.076929 1.08
414 -0.994447 -2.069288  1.074842 1.07
415 -0.994449 -2.068618  1.074169 1.07
416 -0.994455 -2.069340  1.074885 1.07
417 -0.994465 -2.071363  1.076898 1.08
418 -0.994478 -2.074536  1.080058 1.08
419 -0.994492 -2.078665  1.084172 1.08
420 -0.994508 -2.083523  1.089015 1.09
421 -0.994522 -2.088875  1.094353 1.09
422 -0.994535 -2.094492  1.099957 1.10
423 -0.994545 -2.100173  1.105628 1.11
424 -0.994551 -2.105757  1.111206 1.11
425 -0.994553 -2.111137  1.116584 1.12
426 -0.994552 -2.116266  1.121714 1.12
427 -0.994546 -2.121157  1.126611 1.13
428 -0.994538 -2.125879  1.131342 1.13
429 -0.994527 -2.130546  1.136018 1.14
430 -0.994517 -2.135295  1.140778 1.14
431 -0.994507 -2.140269  1.145762 1.15
432 -0.994500 -2.145593  1.151093 1.15
433 -0.994497 -2.151355  1.156858 1.16
434 -0.994498 -2.157586  1.163088 1.16
435 -0.994503 -2.164256  1.169753 1.17
436 -0.994511 -2.171274  1.176762 1.18
437 -0.994523 -2.178492  1.183969 1.18
438 -0.994536 -2.185722  1.191187 1.19
439 -0.994549 -2.192753  1.198204 1.20
440 -0.994562 -2.199366  1.204804 1.20
441 -0.994574 -2.205349  1.210775 1.21
442 -0.994584 -2.210515  1.215931 1.22
443 -0.994591 -2.214703  1.220112 1.22
444 -0.994597 -2.217792  1.223195 1.22
445 -0.994600 -2.219695  1.225095 1.23
446 -0.994601 -2.220363  1.225762 1.23
447 -0.994600 -2.219783  1.225182 1.23
448 -0.994598 -2.217971  1.223373 1.22
449 -0.994595 -2.214972  1.220377 1.22
450 -0.994590 -2.210852  1.216261 1.22
451 -0.994585 -2.205695  1.211110 1.21
452 -0.994580 -2.199603  1.205023 1.21
453 -0.994573 -2.192691  1.198118 1.20
454 -0.994565 -2.185092  1.190527 1.19
455 -0.994556 -2.176953  1.182397 1.18
456 -0.994546 -2.168446  1.173900 1.17
457 -0.994534 -2.159760  1.165226 1.17
458 -0.994521 -2.151111  1.156590 1.16
459 -0.994508 -2.142728  1.148220 1.15
460 -0.994494 -2.134850  1.140355 1.14
461 -0.994482 -2.127708  1.133225 1.13
462 -0.994473 -2.121511  1.127038 1.13
463 -0.994467 -2.116427  1.121960 1.12
464 -0.994466 -2.112567  1.118101 1.12
465 -0.994469 -2.109973  1.115505 1.12
466 -0.994476 -2.108620  1.114144 1.11
467 -0.994487 -2.108414  1.113928 1.11
468 -0.994500 -2.109209  1.114709 1.11
469 -0.994514 -2.110817  1.116303 1.12
470 -0.994528 -2.113035  1.118507 1.12
471 -0.994541 -2.115661  1.121120 1.12
472 -0.994551 -2.118511  1.123960 1.12
473 -0.994559 -2.121437  1.126878 1.13
474 -0.994563 -2.124330  1.129766 1.13
475 -0.994565 -2.127125  1.132559 1.13
476 -0.994565 -2.129794  1.135229 1.14
477 -0.994564 -2.132341  1.137777 1.14
478 -0.994562 -2.134786  1.140223 1.14
479 -0.994561 -2.137156  1.142595 1.14
480 -0.994560 -2.139479  1.144919 1.14
481 -0.994559 -2.141776  1.147217 1.15
482 -0.994559 -2.144059  1.149500 1.15
483 -0.994559 -2.146330  1.151770 1.15
484 -0.994560 -2.148585  1.154024 1.15
485 -0.994562 -2.150812  1.156250 1.16
486 -0.994563 -2.152997  1.158434 1.16
487 -0.994564 -2.155125  1.160561 1.16
488 -0.994565 -2.157183  1.162618 1.16
489 -0.994566 -2.159158  1.164592 1.16
490 -0.994568 -2.161034  1.166467 1.17
491 -0.994570 -2.162788  1.168218 1.17
492 -0.994575 -2.164378  1.169803 1.17
493 -0.994581 -2.165736  1.171155 1.17
494 -0.994590 -2.166765  1.172175 1.17
495 -0.994599 -2.167341  1.172741 1.17
496 -0.994609 -2.167322  1.172712 1.17
497 -0.994619 -2.166563  1.171944 1.17
498 -0.994626 -2.164936  1.170310 1.17
499 -0.994629 -2.162347  1.167717 1.17
500 -0.994630 -2.158752  1.164122 1.16
501 -0.994626 -2.154166  1.159540 1.16
502 -0.994618 -2.148670  1.154052 1.15
503 -0.994606 -2.142410  1.147804 1.15
504 -0.994591 -2.135592  1.141001 1.14
505 -0.994574 -2.128476  1.133902 1.13
506 -0.994554 -2.121364  1.126809 1.13
507 -0.994535 -2.114580  1.120046 1.12
508 -0.994516 -2.108456  1.113939 1.11
509 -0.994501 -2.103294  1.108793 1.11
510 -0.994491 -2.099348  1.104858 1.10
511 -0.994486 -2.096791  1.102304 1.10
512 -0.994489 -2.095695  1.101206 1.10
513 -0.994498 -2.096029  1.101531 1.10
514 -0.994512 -2.097656  1.103144 1.10
515 -0.994530 -2.100352  1.105822 1.11
516 -0.994550 -2.103831  1.109281 1.11
517 -0.994570 -2.107767  1.113197 1.11
518 -0.994589 -2.111828  1.117239 1.12
519 -0.994606 -2.115697  1.121091 1.12
520 -0.994619 -2.119091  1.124472 1.12
521 -0.994627 -2.121783  1.127155 1.13
522 -0.994631 -2.123611  1.128980 1.13
523 -0.994630 -2.124489  1.129859 1.13
524 -0.994624 -2.124408  1.129785 1.13
525 -0.994614 -2.123434  1.128821 1.13
526 -0.994601 -2.121695  1.127094 1.13
527 -0.994587 -2.119364  1.124777 1.12
528 -0.994574 -2.116640  1.122067 1.12
529 -0.994562 -2.113721  1.119159 1.12
530 -0.994553 -2.110783  1.116230 1.12
531 -0.994547 -2.107968  1.113421 1.11
532 -0.994543 -2.105378  1.110835 1.11
533 -0.994541 -2.103082  1.108541 1.11
534 -0.994539 -2.101129  1.106590 1.11
535 -0.994537 -2.099563  1.105026 1.11
536 -0.994534 -2.098427  1.103893 1.10
537 -0.994532 -2.097769  1.103237 1.10
538 -0.994532 -2.097619  1.103087 1.10
539 -0.994536 -2.097971  1.103435 1.10
540 -0.994544 -2.098762  1.104218 1.10
541 -0.994556 -2.099864  1.105308 1.11
542 -0.994570 -2.101088  1.106518 1.11
543 -0.994584 -2.102212  1.107628 1.11
544 -0.994596 -2.103011  1.108415 1.11
545 -0.994605 -2.103290  1.108685 1.11
546 -0.994609 -2.102905  1.108296 1.11
547 -0.994610 -2.101784  1.107174 1.11
548 -0.994606 -2.099922  1.105316 1.11
549 -0.994599 -2.097381  1.102782 1.10
550 -0.994590 -2.094274  1.099684 1.10
551 -0.994579 -2.090757  1.096178 1.10
552 -0.994568 -2.087018  1.092450 1.09
553 -0.994556 -2.083259  1.088703 1.09
554 -0.994544 -2.079694  1.085150 1.09
555 -0.994533 -2.076532  1.081999 1.08
556 -0.994525 -2.073968  1.079444 1.08
557 -0.994518 -2.072171  1.077653 1.08
558 -0.994514 -2.071272  1.076758 1.08
559 -0.994513 -2.071360  1.076847 1.08
560 -0.994514 -2.072483  1.077969 1.08
561 -0.994516 -2.074650  1.080134 1.08
562 -0.994518 -2.077844  1.083325 1.08
563 -0.994521 -2.082030  1.087509 1.09
564 -0.994524 -2.087164  1.092640 1.09
565 -0.994528 -2.093188  1.098660 1.10
566 -0.994534 -2.100016  1.105481 1.11
567 -0.994545 -2.107520  1.112975 1.11
568 -0.994559 -2.115510  1.120950 1.12
569 -0.994579 -2.123719  1.129140 1.13
570 -0.994602 -2.131809  1.137207 1.14
571 -0.994627 -2.139390  1.144764 1.14
572 -0.994650 -2.146050  1.151400 1.15
573 -0.994670 -2.151392  1.156721 1.16
574 -0.994686 -2.155074  1.160388 1.16
575 -0.994695 -2.156835  1.162139 1.16
576 -0.994699 -2.156508  1.161809 1.16
577 -0.994697 -2.154032  1.159335 1.16
578 -0.994689 -2.149441  1.154752 1.15
579 -0.994677 -2.142863  1.148186 1.15
580 -0.994661 -2.134505  1.139844 1.14
581 -0.994641 -2.124645  1.130004 1.13
582 -0.994618 -2.113624  1.119006 1.12
583 -0.994592 -2.101841  1.107248 1.11
584 -0.994564 -2.089742  1.095179 1.10
585 -0.994532 -2.077824  1.083291 1.08
586 -0.994500 -2.066610  1.072110 1.07
587 -0.994468 -2.056639  1.062171 1.06
588 -0.994440 -2.048429  1.053988 1.05
589 -0.994419 -2.042432  1.048014 1.05
590 -0.994407 -2.038995  1.044589 1.04
591 -0.994406 -2.038309  1.043903 1.04
592 -0.994417 -2.040388  1.045971 1.05
593 -0.994438 -2.045062  1.050625 1.05
594 -0.994466 -2.052008  1.057543 1.06
595 -0.994497 -2.060786  1.066289 1.07
596 -0.994528 -2.070894  1.076366 1.08
597 -0.994557 -2.081826  1.087270 1.09
598 -0.994581 -2.093114  1.098533 1.10
599 -0.994599 -2.104352  1.109753 1.11
600 -0.994612 -2.115218  1.120607 1.12
601 -0.994620 -2.125473  1.130853 1.13
602 -0.994625 -2.134950  1.140326 1.14
603 -0.994626 -2.143542  1.148916 1.15
604 -0.994627 -2.151187  1.156560 1.16
605 -0.994627 -2.157849  1.163223 1.16
606 -0.994627 -2.163505  1.168878 1.17
607 -0.994629 -2.168132  1.173503 1.17
608 -0.994632 -2.171693  1.177062 1.18
609 -0.994637 -2.174139  1.179502 1.18
610 -0.994643 -2.175396  1.180753 1.18
611 -0.994651 -2.175378  1.180727 1.18
612 -0.994659 -2.173983  1.179324 1.18
613 -0.994667 -2.171110  1.176444 1.18
614 -0.994673 -2.166671  1.171998 1.17
615 -0.994677 -2.160601  1.165924 1.17
616 -0.994679 -2.152878  1.158199 1.16
617 -0.994676 -2.143530  1.148853 1.15
618 -0.994670 -2.132645  1.137975 1.14
619 -0.994659 -2.120379  1.125720 1.13
620 -0.994644 -2.106957  1.112313 1.11
621 -0.994625 -2.092670  1.098045 1.10
622 -0.994603 -2.077873  1.083270 1.08
623 -0.994578 -2.062974  1.068396 1.07
624 -0.994552 -2.048415  1.053864 1.05
625 -0.994527 -2.034657  1.040130 1.04
626 -0.994504 -2.022140  1.027636 1.03
627 -0.994487 -2.011257  1.016770 1.02
628 -0.994477 -2.002313  1.007836 1.01
629 -0.994475 -1.995502  1.001026 1.00
630 -0.994482 -1.990882  0.996400 1.00
631 -0.994496 -1.988380  0.993884 0.99
632 -0.994515 -1.987806  0.993291 0.99
633 -0.994536 -1.988884  0.994348 0.99
634 -0.994556 -1.991296  0.996740 1.00
635 -0.994573 -1.994725  1.000152 1.00
636 -0.994584 -1.998899  1.004315 1.00
637 -0.994589 -2.003613  1.009024 1.01
638 -0.994590 -2.008743  1.014154 1.01
639 -0.994587 -2.014233  1.019647 1.02
640 -0.994583 -2.020073  1.025491 1.03
641 -0.994580 -2.026267  1.031687 1.03
642 -0.994580 -2.032799  1.038219 1.04
643 -0.994585 -2.039610  1.045026 1.05
644 -0.994593 -2.046584  1.051991 1.05
645 -0.994605 -2.053546  1.058941 1.06
646 -0.994618 -2.060283  1.065665 1.07
647 -0.994632 -2.066561  1.071929 1.07
648 -0.994643 -2.072151  1.077508 1.08
649 -0.994652 -2.076859  1.082207 1.08
650 -0.994657 -2.080541  1.085884 1.09
651 -0.994658 -2.083122  1.088464 1.09
652 -0.994654 -2.084600  1.089946 1.09
653 -0.994646 -2.085048  1.090402 1.09
654 -0.994634 -2.084608  1.089974 1.09
655 -0.994620 -2.083483  1.088863 1.09
656 -0.994603 -2.081926  1.087323 1.09
657 -0.994584 -2.080227  1.085643 1.09
658 -0.994565 -2.078704  1.084139 1.08
659 -0.994545 -2.077686  1.083141 1.08
660 -0.994526 -2.077503  1.082977 1.08
661 -0.994509 -2.078466  1.083957 1.08
662 -0.994497 -2.080838  1.086341 1.09
663 -0.994491 -2.084804  1.090313 1.09
664 -0.994495 -2.090435  1.095940 1.10
665 -0.994508 -2.097655  1.103147 1.10
666 -0.994531 -2.106229  1.111698 1.11
667 -0.994561 -2.115767  1.121206 1.12
668 -0.994594 -2.125761  1.131167 1.13
669 -0.994628 -2.135640  1.141012 1.14
670 -0.994658 -2.144829  1.150171 1.15
671 -0.994681 -2.152805  1.158125 1.16
672 -0.994697 -2.159143  1.164446 1.16
673 -0.994706 -2.163527  1.168821 1.17
674 -0.994710 -2.165753  1.171043 1.17
675 -0.994709 -2.165715  1.171006 1.17
676 -0.994706 -2.163383  1.168677 1.17
677 -0.994702 -2.158784  1.164081 1.16
678 -0.994697 -2.151980  1.157283 1.16
679 -0.994691 -2.143071  1.148380 1.15
680 -0.994682 -2.132193  1.137511 1.14
681 -0.994669 -2.119544  1.124875 1.12
682 -0.994648 -2.105408  1.110760 1.11
683 -0.994616 -2.090198  1.095581 1.10
684 -0.994574 -2.074483  1.079909 1.08
685 -0.994522 -2.059004  1.064482 1.06
686 -0.994464 -2.044639  1.050174 1.05
687 -0.994411 -2.032323  1.037912 1.04
688 -0.994371 -2.022917  1.028546 1.03
689 -0.994354 -2.017054  1.022700 1.02
690 -0.994364 -2.015007  1.020644 1.02
691 -0.994398 -2.016635  1.022237 1.02
692 -0.994449 -2.021408  1.026959 1.03
693 -0.994508 -2.028523  1.034015 1.03
694 -0.994564 -2.037052  1.042488 1.04
695 -0.994611 -2.046086  1.051476 1.05
696 -0.994645 -2.054845  1.060201 1.06
697 -0.994665 -2.062742  1.068077 1.07
698 -0.994671 -2.069404  1.074733 1.07
699 -0.994666 -2.074671  1.080005 1.08
700 -0.994651 -2.078572  1.083921 1.08
701 -0.994630 -2.081287  1.086658 1.09
702 -0.994604 -2.083115  1.088511 1.09
703 -0.994578 -2.084421  1.089844 1.09
704 -0.994553 -2.085597  1.091043 1.09
705 -0.994534 -2.087004  1.092470 1.09
706 -0.994521 -2.088941  1.094420 1.09
707 -0.994514 -2.091615  1.097101 1.10
708 -0.994513 -2.095139  1.100627 1.10
709 -0.994514 -2.099545  1.105031 1.11
710 -0.994517 -2.104816  1.110299 1.11
711 -0.994518 -2.110917  1.116399 1.12
712 -0.994518 -2.117824  1.123307 1.12
713 -0.994516 -2.125536  1.131020 1.13
714 -0.994514 -2.134063  1.139549 1.14
715 -0.994515 -2.143408  1.148894 1.15
716 -0.994520 -2.153532  1.159012 1.16
717 -0.994532 -2.164320  1.169788 1.17
718 -0.994551 -2.175562  1.181011 1.18
719 -0.994576 -2.186941  1.192365 1.19
720 -0.994606 -2.198048  1.203442 1.20
721 -0.994638 -2.208405  1.213767 1.21
722 -0.994670 -2.217505  1.222834 1.22
723 -0.994700 -2.224848  1.230148 1.23
724 -0.994724 -2.229983  1.235259 1.24
725 -0.994742 -2.232541  1.237799 1.24
726 -0.994751 -2.232264  1.237513 1.24
727 -0.994751 -2.229024  1.234273 1.23
728 -0.994742 -2.222841  1.228099 1.23
729 -0.994723 -2.213886  1.219163 1.22
730 -0.994696 -2.202479  1.207783 1.21
731 -0.994663 -2.189073  1.194410 1.19
732 -0.994625 -2.174225  1.179600 1.18
733 -0.994585 -2.158556  1.163971 1.16
734 -0.994547 -2.142711  1.148164 1.15
735 -0.994513 -2.127311  1.132798 1.13
736 -0.994484 -2.112915  1.118432 1.12
737 -0.994461 -2.100001  1.105541 1.11
738 -0.994443 -2.088949  1.094505 1.09
739 -0.994432 -2.080039  1.085607 1.09
740 -0.994425 -2.073461  1.079036 1.08
741 -0.994423 -2.069315  1.074892 1.07
742 -0.994425 -2.067621  1.073196 1.07
743 -0.994432 -2.068317  1.073885 1.07
744 -0.994443 -2.071267  1.076824 1.08
745 -0.994458 -2.076266  1.081808 1.08
746 -0.994475 -2.083049  1.088574 1.09
747 -0.994493 -2.091311  1.096818 1.10
748 -0.994512 -2.100720  1.106208 1.11
749 -0.994530 -2.110936  1.116406 1.12
750 -0.994547 -2.121629  1.127082 1.13
751 -0.994562 -2.132483  1.137921 1.14
752 -0.994577 -2.143208  1.148632 1.15
753 -0.994590 -2.153537  1.158947 1.16
754 -0.994602 -2.163223  1.168621 1.17
755 -0.994614 -2.172040  1.177427 1.18
756 -0.994625 -2.179780  1.185154 1.19
757 -0.994637 -2.186244  1.191607 1.19
758 -0.994648 -2.191252  1.196604 1.20
759 -0.994658 -2.194641  1.199983 1.20
760 -0.994667 -2.196270  1.201603 1.20
761 -0.994673 -2.196033  1.201360 1.20
762 -0.994677 -2.193870  1.199193 1.20
763 -0.994676 -2.189781  1.195105 1.20
764 -0.994669 -2.183846  1.189177 1.19
765 -0.994655 -2.176242  1.181587 1.18
766 -0.994634 -2.167257  1.172623 1.17
767 -0.994605 -2.157298  1.162693 1.16
768 -0.994570 -2.146883  1.152312 1.15
769 -0.994533 -2.136611  1.142078 1.14
770 -0.994497 -2.127117  1.132620 1.13
771 -0.994469 -2.118994  1.124525 1.12
772 -0.994453 -2.112715  1.118262 1.12
773 -0.994453 -2.108558  1.114105 1.11
774 -0.994467 -2.106560  1.112093 1.11
775 -0.994494 -2.106520  1.112026 1.11
776 -0.994527 -2.108043  1.113516 1.11
777 -0.994561 -2.110621  1.116060 1.12
778 -0.994590 -2.113727  1.119137 1.12
779 -0.994610 -2.116895  1.122285 1.12
780 -0.994621 -2.119781  1.125160 1.13
781 -0.994622 -2.122176  1.127554 1.13
782 -0.994617 -2.124008  1.129391 1.13
783 -0.994608 -2.125307  1.130699 1.13
784 -0.994598 -2.126165  1.131567 1.13
785 -0.994589 -2.126694  1.132105 1.13
786 -0.994583 -2.126995  1.132412 1.13
787 -0.994581 -2.127132  1.132551 1.13
788 -0.994582 -2.127125  1.132543 1.13
789 -0.994584 -2.126958  1.132374 1.13
790 -0.994587 -2.126594  1.132007 1.13
791 -0.994588 -2.125995  1.131406 1.13
792 -0.994587 -2.125147  1.130560 1.13
793 -0.994582 -2.124082  1.129500 1.13
794 -0.994573 -2.122886  1.128313 1.13
795 -0.994560 -2.121705  1.127145 1.13
796 -0.994546 -2.120740  1.126194 1.13
797 -0.994531 -2.120216  1.125685 1.13
798 -0.994519 -2.120363  1.125845 1.13
799 -0.994511 -2.121369  1.126858 1.13
800 -0.994510 -2.123345  1.128835 1.13
801 -0.994517 -2.126295  1.131778 1.13
802 -0.994532 -2.130102  1.135569 1.14
803 -0.994554 -2.134522  1.139969 1.14
804 -0.994579 -2.139216  1.144637 1.14
805 -0.994606 -2.143777  1.149171 1.15
806 -0.994631 -2.147783  1.153152 1.15
807 -0.994651 -2.150838  1.156187 1.16
808 -0.994665 -2.152616  1.157951 1.16
809 -0.994672 -2.152881  1.158209 1.16
810 -0.994673 -2.151506  1.156834 1.16
811 -0.994667 -2.148470  1.153803 1.15
812 -0.994656 -2.143850  1.149193 1.15
813 -0.994642 -2.137805  1.143163 1.14
814 -0.994625 -2.130561  1.135936 1.14
815 -0.994607 -2.122389  1.127782 1.13
816 -0.994588 -2.113586  1.118998 1.12
817 -0.994571 -2.104461  1.109890 1.11
818 -0.994555 -2.095311  1.100756 1.10
819 -0.994542 -2.086411  1.091870 1.09
820 -0.994532 -2.077999  1.083467 1.08
821 -0.994526 -2.070262  1.075737 1.08
822 -0.994523 -2.063334  1.068810 1.07
823 -0.994524 -2.057286  1.062762 1.06
824 -0.994529 -2.052137  1.057609 1.06
825 -0.994534 -2.047860  1.053326 1.05
826 -0.994540 -2.044400  1.049860 1.05
827 -0.994544 -2.041696  1.047152 1.05
828 -0.994545 -2.039708  1.045162 1.05
829 -0.994542 -2.038432  1.043890 1.04
830 -0.994536 -2.037919  1.043384 1.04
831 -0.994526 -2.038268  1.043742 1.04
832 -0.994515 -2.039614  1.045099 1.05
833 -0.994505 -2.042106  1.047601 1.05
834 -0.994498 -2.045873  1.051375 1.05
835 -0.994496 -2.050995  1.056500 1.06
836 -0.994499 -2.057477  1.062979 1.06
837 -0.994507 -2.065239  1.070731 1.07
838 -0.994521 -2.074109  1.079588 1.08
839 -0.994538 -2.083844  1.089306 1.09
840 -0.994558 -2.094138  1.099580 1.10
841 -0.994578 -2.104651  1.110073 1.11
842 -0.994597 -2.115033  1.120435 1.12
843 -0.994615 -2.124940  1.130325 1.13
844 -0.994630 -2.134060  1.139429 1.14
845 -0.994642 -2.142118  1.147476 1.15
846 -0.994650 -2.148896  1.154246 1.15
847 -0.994654 -2.154231  1.159577 1.16
848 -0.994654 -2.158024  1.163370 1.16
849 -0.994651 -2.160239  1.165588 1.17
850 -0.994645 -2.160898  1.166254 1.17
851 -0.994636 -2.160079  1.165443 1.17
852 -0.994625 -2.157900  1.163275 1.16
853 -0.994613 -2.154515  1.159902 1.16
854 -0.994601 -2.150097  1.155496 1.16
855 -0.994590 -2.144826  1.150236 1.15
856 -0.994580 -2.138878  1.144299 1.14
857 -0.994571 -2.132420  1.137849 1.14
858 -0.994563 -2.125598  1.131035 1.13
859 -0.994558 -2.118543  1.123985 1.12
860 -0.994553 -2.111362  1.116809 1.12
861 -0.994550 -2.104147  1.109597 1.11
862 -0.994548 -2.096969  1.102420 1.10
863 -0.994548 -2.089885  1.095337 1.10
864 -0.994548 -2.082935  1.088388 1.09
865 -0.994549 -2.076148  1.081600 1.08
866 -0.994551 -2.069540  1.074989 1.07
867 -0.994553 -2.063116  1.068563 1.07
868 -0.994555 -2.056880  1.062325 1.06
869 -0.994557 -2.050836  1.056279 1.06
870 -0.994558 -2.044993  1.050435 1.05
871 -0.994558 -2.039371  1.044813 1.04
872 -0.994557 -2.034009  1.039452 1.04
873 -0.994554 -2.028962  1.034408 1.03
874 -0.994549 -2.024313  1.029764 1.03
875 -0.994543 -2.020167  1.025624 1.03
876 -0.994535 -2.016657  1.022122 1.02
877 -0.994526 -2.013939  1.019414 1.02
878 -0.994515 -2.012192  1.017677 1.02
879 -0.994504 -2.011608  1.017105 1.02
880 -0.994492 -2.012390  1.017898 1.02
881 -0.994482 -2.014733  1.020251 1.02
882 -0.994474 -2.018809  1.024335 1.02
883 -0.994470 -2.024751  1.030281 1.03
884 -0.994472 -2.032624  1.038152 1.04
885 -0.994479 -2.042407  1.047927 1.05
886 -0.994493 -2.053979  1.059486 1.06
887 -0.994513 -2.067121  1.072608 1.07
888 -0.994536 -2.081520  1.086983 1.09
889 -0.994562 -2.096801  1.102240 1.10
890 -0.994586 -2.112560  1.117974 1.12
891 -0.994609 -2.128390  1.133781 1.13
892 -0.994629 -2.143911  1.149283 1.15
893 -0.994646 -2.158783  1.164137 1.16
894 -0.994661 -2.172703  1.178042 1.18
895 -0.994674 -2.185403  1.190729 1.19
896 -0.994686 -2.196646  1.201960 1.20
897 -0.994696 -2.206218  1.211523 1.21
898 -0.994702 -2.213946  1.219244 1.22
899 -0.994705 -2.219707  1.225002 1.23
900 -0.994702 -2.223443  1.228741 1.23
901 -0.994695 -2.225178  1.230483 1.23
902 -0.994683 -2.225016  1.230333 1.23
903 -0.994668 -2.223138  1.228470 1.23
904 -0.994650 -2.219780  1.225129 1.23
905 -0.994633 -2.215214  1.220581 1.22
906 -0.994616 -2.209723  1.215107 1.22
907 -0.994601 -2.203583  1.208982 1.21
908 -0.994588 -2.197049  1.202461 1.20
909 -0.994576 -2.190354  1.195778 1.20
910 -0.994565 -2.183710  1.189145 1.19
911 -0.994556 -2.177308  1.182752 1.18
912 -0.994549 -2.171316  1.176767 1.18
913 -0.994545 -2.165872  1.171327 1.17
914 -0.994544 -2.161067  1.166523 1.17
915 -0.994549 -2.156927  1.162378 1.16
916 -0.994559 -2.153397  1.158838 1.16
917 -0.994575 -2.150339  1.155765 1.16
918 -0.994593 -2.147536  1.152943 1.15
919 -0.994613 -2.144719  1.150106 1.15
920 -0.994632 -2.141598  1.146966 1.15
921 -0.994648 -2.137900  1.143252 1.14
922 -0.994659 -2.133399  1.138740 1.14
923 -0.994664 -2.127943  1.133279 1.13
924 -0.994664 -2.121466  1.126802 1.13
925 -0.994659 -2.113989  1.119330 1.12
926 -0.994649 -2.105614  1.110965 1.11
927 -0.994635 -2.096518  1.101882 1.10
928 -0.994619 -2.086934  1.092315 1.09
929 -0.994600 -2.077142  1.082541 1.08
930 -0.994581 -2.067453  1.072872 1.07
931 -0.994561 -2.058197  1.063636 1.06
932 -0.994541 -2.049709  1.055168 1.06
933 -0.994523 -2.042314  1.047791 1.05
934 -0.994508 -2.036310  1.041802 1.04
935 -0.994496 -2.031948  1.037452 1.04
936 -0.994490 -2.029413  1.034923 1.03
937 -0.994490 -2.028800  1.034310 1.03
938 -0.994497 -2.030103  1.035606 1.04
939 -0.994510 -2.033212  1.038703 1.04
940 -0.994527 -2.037918  1.043391 1.04
941 -0.994547 -2.043934  1.049387 1.05
942 -0.994568 -2.050925  1.056356 1.06
943 -0.994587 -2.058543  1.063956 1.06
944 -0.994603 -2.066465  1.071862 1.07
945 -0.994613 -2.074417  1.079805 1.08
946 -0.994617 -2.082204  1.087587 1.09
947 -0.994616 -2.089709  1.095093 1.10
948 -0.994611 -2.096900  1.102289 1.10
949 -0.994603 -2.103808  1.109205 1.11
950 -0.994593 -2.110507  1.115914 1.12
951 -0.994585 -2.117091  1.122506 1.12
952 -0.994579 -2.123641  1.129062 1.13
953 -0.994576 -2.130207  1.135631 1.14
954 -0.994576 -2.136794  1.142217 1.14
955 -0.994580 -2.143358  1.148778 1.15
956 -0.994585 -2.149814  1.155228 1.16
957 -0.994592 -2.156041  1.161449 1.16
958 -0.994599 -2.161907  1.167308 1.17
959 -0.994605 -2.167280  1.172676 1.17
960 -0.994609 -2.172047  1.177438 1.18
961 -0.994611 -2.176120  1.181510 1.18
962 -0.994610 -2.179448  1.184838 1.18
963 -0.994609 -2.182013  1.187404 1.19
964 -0.994606 -2.183820  1.189214 1.19
965 -0.994604 -2.184896  1.190292 1.19
966 -0.994602 -2.185267  1.190664 1.19
967 -0.994602 -2.184950  1.190348 1.19
968 -0.994605 -2.183945  1.189340 1.19
969 -0.994609 -2.182224  1.187615 1.19
970 -0.994615 -2.179739  1.185124 1.19
971 -0.994620 -2.176429  1.181808 1.18
972 -0.994624 -2.172238  1.177613 1.18
973 -0.994625 -2.167141  1.172516 1.17
974 -0.994621 -2.161167  1.166546 1.17
975 -0.994611 -2.154425  1.159813 1.16
976 -0.994595 -2.147117  1.152522 1.15
977 -0.994573 -2.139542  1.144970 1.14
978 -0.994548 -2.132081  1.137533 1.14
979 -0.994524 -2.125149  1.130625 1.13
980 -0.994506 -2.119144  1.124638 1.12
981 -0.994497 -2.114379  1.119882 1.12
982 -0.994500 -2.111021  1.116522 1.12
983 -0.994514 -2.109063  1.114549 1.11
984 -0.994538 -2.108314  1.113776 1.11
985 -0.994568 -2.108440  1.113872 1.11
986 -0.994600 -2.109009  1.114409 1.11
987 -0.994630 -2.109561  1.114931 1.11
988 -0.994656 -2.109662  1.115005 1.12
989 -0.994675 -2.108948  1.114273 1.11
990 -0.994686 -2.107164  1.112477 1.11
991 -0.994689 -2.104176  1.109487 1.11
992 -0.994682 -2.099990  1.105308 1.11
993 -0.994666 -2.094758  1.100091 1.10
994 -0.994641 -2.088776  1.094135 1.09
995 -0.994610 -2.082475  1.087865 1.09
996 -0.994574 -2.076383  1.081808 1.08
997 -0.994541 -2.071073  1.076532 1.08
998 -0.994515 -2.067080  1.072564 1.07
999 -0.994503 -2.064808  1.070305 1.07
