#Step   Etot   PotE Ktot  T
0 -0.994607 -2.636955  1.642349 1.64
1 -0.993459 -2.633490  1.640032 1.64
2 -0.993464 -2.627675  1.634211 1.63
3 -0.993471 -2.619451  1.625979 1.63
4 -0.993481 -2.608739  1.615258 1.62
5 -0.993492 -2.595440  1.601948 1.60
6 -0.993505 -2.579442  1.585938 1.59
7 -0.993518 -2.560623  1.567105 1.57
8 -0.993531 -2.538858  1.545327 1.55
9 -0.993544 -2.514036  1.520493 1.52
10 -0.993554 -2.486072  1.492518 1.49
11 -0.993561 -2.454926  1.461365 1.46
12 -0.993561 -2.420629  1.427068 1.43
13 -0.993553 -2.383313  1.389760 1.39
14 -0.993535 -2.343240  1.349705 1.35
15 -0.993506 -2.300828  1.307322 1.31
16 -0.993464 -2.256670  1.263206 1.26
17 -0.993411 -2.211539  1.218127 1.22
18 -0.993350 -2.166364  1.173014 1.17
19 -0.993286 -2.122185  1.128899 1.13
20 -0.993224 -2.080076  1.086852 1.09
21 -0.436512 -2.031174  1.594662 1.59
22 -0.436458 -1.985320  1.548862 1.55
23 -0.436417 -1.943422  1.507005 1.51
24 -0.436392 -1.906161  1.469769 1.47
25 -0.436383 -1.873965  1.437582 1.44
26 -0.436388 -1.846998  1.410610 1.41
27 -0.436404 -1.825197  1.388793 1.39
28 -0.436429 -1.808306  1.371877 1.37
29 -0.436459 -1.795929  1.359470 1.36
30 -0.436491 -1.787579  1.351088 1.35
31 -0.436523 -1.782729  1.346206 1.35
32 -0.436552 -1.780850  1.344298 1.34
33 -0.436578 -1.781448  1.344870 1.34
34 -0.436600 -1.784079  1.347479 1.35
35 -0.436618 -1.788367  1.351749 1.35
36 -0.436634 -1.793994  1.357360 1.36
37 -0.436649 -1.800683  1.364034 1.36
38 -0.436666 -1.808176  1.371510 1.37
39 -0.436685 -1.816203  1.379518 1.38
40 -0.436706 -1.824468  1.387762 1.39
41 -0.180993 -1.832968  1.651975 1.65
42 -0.181016 -1.840213  1.659197 1.66
43 -0.181031 -1.845895  1.664864 1.66
44 -0.181035 -1.849825  1.668790 1.67
45 -0.181025 -1.851986  1.670961 1.67
46 -0.181000 -1.852579  1.671579 1.67
47 -0.180963 -1.852025  1.671062 1.67
48 -0.180916 -1.850937  1.670021 1.67
49 -0.180869 -1.850048  1.669179 1.67
50 -0.180827 -1.850105  1.669278 1.67
51 -0.180798 -1.851758  1.670960 1.67
52 -0.180786 -1.855460  1.674674 1.67
53 -0.180791 -1.861400  1.680609 1.68
54 -0.180813 -1.869492  1.688679 1.69
55 -0.180846 -1.879402  1.698557 1.70
56 -0.180885 -1.890615  1.709729 1.71
57 -0.180928 -1.902502  1.721574 1.72
58 -0.180969 -1.914396  1.733427 1.73
59 -0.181006 -1.925646  1.744639 1.74
60 -0.181038 -1.935663  1.754625 1.75
61 -0.292187 -1.943852  1.651665 1.65
62 -0.292203 -1.950331  1.658128 1.66
63 -0.292212 -1.954857  1.662645 1.66
64 -0.292215 -1.957305  1.665091 1.67
65 -0.292211 -1.957663  1.665452 1.67
66 -0.292205 -1.956009  1.663804 1.66
67 -0.292197 -1.952481  1.660285 1.66
68 -0.292188 -1.947253  1.655064 1.66
69 -0.292180 -1.940504  1.648324 1.65
70 -0.292172 -1.932418  1.640245 1.64
71 -0.292163 -1.923179  1.631016 1.63
72 -0.292152 -1.912993  1.620841 1.62
73 -0.292137 -1.902099  1.609962 1.61
74 -0.292119 -1.890783  1.598664 1.60
75 -0.292099 -1.879376  1.587278 1.59
76 -0.292077 -1.868237  1.576160 1.58
77 -0.292058 -1.857730  1.565672 1.57
78 -0.292041 -1.848189  1.556148 1.56
79 -0.292031 -1.839890  1.547860 1.55
80 -0.292027 -1.833021  1.540994 1.54
81 -0.189525 -1.827280  1.637755 1.64
82 -0.189538 -1.822644  1.633105 1.63
83 -0.189561 -1.818926  1.629365 1.63
84 -0.189591 -1.815812  1.626221 1.63
85 -0.189627 -1.812876  1.623250 1.62
86 -0.189664 -1.809618  1.619954 1.62
87 -0.189699 -1.805523  1.615825 1.62
88 -0.189724 -1.800141  1.610417 1.61
89 -0.189736 -1.793164  1.603428 1.60
90 -0.189731 -1.784506  1.594775 1.59
91 -0.189707 -1.774352  1.584645 1.58
92 -0.189668 -1.763166  1.573499 1.57
93 -0.189620 -1.751640  1.562020 1.56
94 -0.189576 -1.740578  1.551003 1.55
95 -0.189545 -1.730733  1.541188 1.54
96 -0.189534 -1.722644  1.533110 1.53
97 -0.189542 -1.716542  1.527000 1.53
98 -0.189563 -1.712359  1.522796 1.52
99 -0.189584 -1.709830  1.520246 1.52
100 -0.189600 -1.708648  1.519049 1.52
101 -0.065153 -1.708250  1.643097 1.64
102 -0.065149 -1.708260  1.643112 1.64
103 -0.065141 -1.708708  1.643568 1.64
104 -0.065133 -1.709680  1.644547 1.64
105 -0.065128 -1.711256  1.646128 1.65
106 -0.065124 -1.713493  1.648370 1.65
107 -0.065118 -1.716439  1.651321 1.65
108 -0.065108 -1.720166  1.655058 1.66
109 -0.065095 -1.724795  1.659699 1.66
110 -0.065081 -1.730484  1.665403 1.67
111 -0.065069 -1.737406  1.672336 1.67
112 -0.065062 -1.745700  1.680638 1.68
113 -0.065060 -1.755435  1.690375 1.69
114 -0.065066 -1.766585  1.701519 1.70
115 -0.065077 -1.779014  1.713936 1.71
116 -0.065095 -1.792485  1.727391 1.73
117 -0.065117 -1.806675  1.741558 1.74
118 -0.065141 -1.821188  1.756047 1.76
119 -0.065167 -1.835592  1.770425 1.77
120 -0.065190 -1.849443  1.784252 1.78
121 -0.205963 -1.862084  1.656120 1.66
122 -0.205980 -1.873991  1.668010 1.67
123 -0.205992 -1.884863  1.678871 1.68
124 -0.205999 -1.894480  1.688481 1.69
125 -0.206001 -1.902705  1.696705 1.70
126 -0.205998 -1.909486  1.703488 1.70
127 -0.205992 -1.914843  1.708851 1.71
128 -0.205985 -1.918849  1.712864 1.71
129 -0.205980 -1.921596  1.715617 1.72
130 -0.205977 -1.923162  1.717185 1.72
131 -0.205978 -1.923584  1.717605 1.72
132 -0.205981 -1.922854  1.716873 1.72
133 -0.205982 -1.920948  1.714966 1.71
134 -0.205977 -1.917868  1.711891 1.71
135 -0.205963 -1.913706  1.707742 1.71
136 -0.205939 -1.908684  1.702746 1.70
137 -0.205904 -1.903183  1.697279 1.70
138 -0.205863 -1.897718  1.691855 1.69
139 -0.205820 -1.892902  1.687082 1.69
140 -0.205780 -1.889371  1.683591 1.68
141 -0.245840 -1.887802  1.641961 1.64
142 -0.245822 -1.888667  1.642845 1.64
143 -0.245819 -1.892213  1.646394 1.65
144 -0.245832 -1.898446  1.652614 1.65
145 -0.245860 -1.907122  1.661262 1.66
146 -0.245901 -1.917759  1.671858 1.67
147 -0.245951 -1.929684  1.683733 1.68
148 -0.246003 -1.942094  1.696091 1.70
149 -0.246054 -1.954142  1.708088 1.71
150 -0.246098 -1.965011  1.718913 1.72
151 -0.246133 -1.973985  1.727852 1.73
152 -0.246157 -1.980496  1.734340 1.73
153 -0.246170 -1.984150  1.737980 1.74
154 -0.246175 -1.984722  1.738548 1.74
155 -0.246172 -1.982140  1.735967 1.74
156 -0.246166 -1.976450  1.730285 1.73
157 -0.246156 -1.967788  1.721632 1.72
158 -0.246144 -1.956350  1.710206 1.71
159 -0.246130 -1.942389  1.696259 1.70
160 -0.246111 -1.926216  1.680106 1.68
161 -0.282691 -1.908494  1.625803 1.63
162 -0.282658 -1.889611  1.606954 1.61
163 -0.282616 -1.870196  1.587580 1.59
164 -0.282565 -1.851006  1.568441 1.57
165 -0.282508 -1.832924  1.550416 1.55
166 -0.282447 -1.816927  1.534481 1.53
167 -0.282388 -1.804028  1.521640 1.52
168 -0.282338 -1.795181  1.512843 1.51
169 -0.282308 -1.791165  1.508857 1.51
170 -0.282304 -1.792441  1.510137 1.51
171 -0.282331 -1.799044  1.516713 1.52
172 -0.282386 -1.810526  1.528140 1.53
173 -0.282462 -1.825988  1.543526 1.54
174 -0.282547 -1.844198  1.561652 1.56
175 -0.282629 -1.863765  1.581136 1.58
176 -0.282701 -1.883313  1.600613 1.60
177 -0.282756 -1.901628  1.618872 1.62
178 -0.282793 -1.917741  1.634948 1.63
179 -0.282815 -1.930958  1.648144 1.65
180 -0.282824 -1.940842  1.658018 1.66
181 -0.297343 -1.947169  1.649826 1.65
182 -0.297337 -1.949953  1.652616 1.65
183 -0.297327 -1.949268  1.651942 1.65
184 -0.297312 -1.945297  1.647985 1.65
185 -0.297291 -1.938325  1.641035 1.64
186 -0.297262 -1.928763  1.631501 1.63
187 -0.297222 -1.917167  1.619945 1.62
188 -0.297171 -1.904271  1.607100 1.61
189 -0.297110 -1.890986  1.593876 1.59
190 -0.297044 -1.878372  1.581328 1.58
191 -0.296983 -1.867543  1.570559 1.57
192 -0.296939 -1.859521  1.562581 1.56
193 -0.296924 -1.855054  1.558130 1.56
194 -0.296944 -1.854442  1.557498 1.56
195 -0.296998 -1.857437  1.560439 1.56
196 -0.297080 -1.863254  1.566175 1.57
197 -0.297174 -1.870693  1.573519 1.57
198 -0.297267 -1.878341  1.581074 1.58
199 -0.297347 -1.884789  1.587443 1.59
200 -0.297406 -1.888820  1.591414 1.59
201 -0.245355 -1.889415  1.644060 1.64
202 -0.245364 -1.885852  1.640489 1.64
203 -0.245348 -1.878003  1.632655 1.63
204 -0.245312 -1.866123  1.620811 1.62
205 -0.245256 -1.850811  1.605554 1.61
206 -0.245186 -1.832960  1.587774 1.59
207 -0.245107 -1.813693  1.568586 1.57
208 -0.245024 -1.794275  1.549250 1.55
209 -0.244945 -1.776022  1.531077 1.53
210 -0.244877 -1.760187  1.515311 1.52
211 -0.244826 -1.747840  1.503014 1.50
212 -0.244799 -1.739766  1.494967 1.49
213 -0.244796 -1.736389  1.491593 1.49
214 -0.244817 -1.737740  1.492924 1.49
215 -0.244857 -1.743479  1.498623 1.50
216 -0.244910 -1.752952  1.508042 1.51
217 -0.244971 -1.765282  1.520311 1.52
218 -0.245032 -1.779469  1.534436 1.53
219 -0.245089 -1.794488  1.549399 1.55
220 -0.245139 -1.809372  1.564233 1.56
221 -0.165911 -1.823434  1.657523 1.66
222 -0.165938 -1.835416  1.669478 1.67
223 -0.165955 -1.844807  1.678852 1.68
224 -0.165961 -1.851276  1.685315 1.69
225 -0.165959 -1.854662  1.688703 1.69
226 -0.165951 -1.854949  1.688998 1.69
227 -0.165937 -1.852249  1.686313 1.69
228 -0.165918 -1.846785  1.680868 1.68
229 -0.165894 -1.838880  1.672987 1.67
230 -0.165864 -1.828957  1.663093 1.66
231 -0.165828 -1.817541  1.651713 1.65
232 -0.165784 -1.805274  1.639489 1.64
233 -0.165733 -1.792914  1.627181 1.63
234 -0.165676 -1.781337  1.615661 1.62
235 -0.165616 -1.771498  1.605881 1.61
236 -0.165560 -1.764376  1.598815 1.60
237 -0.165517 -1.760868  1.595351 1.60
238 -0.165494 -1.761663  1.596169 1.60
239 -0.165499 -1.767105  1.601606 1.60
240 -0.165534 -1.777099  1.611565 1.61
241 -0.133661 -1.791143  1.657483 1.66
242 -0.133739 -1.808083  1.674344 1.67
243 -0.133824 -1.826657  1.692832 1.69
244 -0.133906 -1.845493  1.711587 1.71
245 -0.133975 -1.863272  1.729297 1.73
246 -0.134026 -1.878860  1.744834 1.74
247 -0.134055 -1.891411  1.757356 1.76
248 -0.134059 -1.900428  1.766369 1.77
249 -0.134037 -1.905813  1.771775 1.77
250 -0.133990 -1.907881  1.773891 1.77
251 -0.133921 -1.907352  1.773431 1.77
252 -0.133840 -1.905273  1.771433 1.77
253 -0.133761 -1.902875  1.769114 1.77
254 -0.133701 -1.901348  1.767647 1.77
255 -0.133674 -1.901586  1.767912 1.77
256 -0.133686 -1.903980  1.770294 1.77
257 -0.133731 -1.908334  1.774603 1.77
258 -0.133794 -1.913951  1.780157 1.78
259 -0.133857 -1.919846  1.785989 1.79
260 -0.133907 -1.925006  1.791099 1.79
261 -0.281535 -1.928727  1.647192 1.65
262 -0.281545 -1.930978  1.649433 1.65
263 -0.281541 -1.931511  1.649971 1.65
264 -0.281527 -1.930313  1.648786 1.65
265 -0.281509 -1.927520  1.646011 1.65
266 -0.281491 -1.923342  1.641851 1.64
267 -0.281474 -1.918011  1.636538 1.64
268 -0.281457 -1.911763  1.630307 1.63
269 -0.281438 -1.904842  1.623403 1.62
270 -0.281418 -1.897520  1.616103 1.62
271 -0.281394 -1.890118  1.608724 1.61
272 -0.281368 -1.883002  1.601635 1.60
273 -0.281341 -1.876580  1.595239 1.60
274 -0.281315 -1.871270  1.589955 1.59
275 -0.281292 -1.867476  1.586184 1.59
276 -0.281275 -1.865545  1.584270 1.58
277 -0.281266 -1.865731  1.584465 1.58
278 -0.281267 -1.868163  1.586896 1.59
279 -0.281278 -1.872815  1.591536 1.59
280 -0.281299 -1.879498  1.598199 1.60
281 -0.236027 -1.887914  1.651887 1.65
282 -0.236060 -1.897427  1.661367 1.66
283 -0.236094 -1.907504  1.671410 1.67
284 -0.236127 -1.917591  1.681464 1.68
285 -0.236155 -1.927162  1.691007 1.69
286 -0.236177 -1.935758  1.699581 1.70
287 -0.236193 -1.943014  1.706821 1.71
288 -0.236201 -1.948671  1.712470 1.71
289 -0.236203 -1.952584  1.716381 1.72
290 -0.236198 -1.954719  1.718521 1.72
291 -0.236188 -1.955143  1.718955 1.72
292 -0.236174 -1.954009  1.717835 1.72
293 -0.236159 -1.951531  1.715372 1.72
294 -0.236144 -1.947956  1.711812 1.71
295 -0.236130 -1.943532  1.707401 1.71
296 -0.236119 -1.938485  1.702365 1.70
297 -0.236112 -1.933003  1.696891 1.70
298 -0.236107 -1.927231  1.691125 1.69
299 -0.236103 -1.921278  1.685175 1.69
300 -0.236099 -1.915229  1.679130 1.68
301 -0.271725 -1.909288  1.637563 1.64
302 -0.271719 -1.903538  1.631819 1.63
303 -0.271712 -1.898088  1.626377 1.63
304 -0.271702 -1.893070  1.621367 1.62
305 -0.271692 -1.888638  1.616946 1.62
306 -0.271681 -1.884969  1.613288 1.61
307 -0.271670 -1.882246  1.610575 1.61
308 -0.271661 -1.880644  1.608983 1.61
309 -0.271656 -1.880313  1.608657 1.61
310 -0.271657 -1.881342  1.609685 1.61
311 -0.271666 -1.883730  1.612064 1.61
312 -0.271686 -1.887345  1.615659 1.62
313 -0.271719 -1.891888  1.620169 1.62
314 -0.271764 -1.896878  1.625113 1.63
315 -0.271820 -1.901646  1.629826 1.63
316 -0.271883 -1.905379  1.633496 1.63
317 -0.271947 -1.907171  1.635224 1.64
318 -0.272007 -1.906113  1.634106 1.63
319 -0.272055 -1.901388  1.629334 1.63
320 -0.272085 -1.892380  1.620295 1.62
321 -0.248887 -1.878619  1.629733 1.63
322 -0.248864 -1.860183  1.611319 1.61
323 -0.248809 -1.837597  1.588788 1.59
324 -0.248722 -1.811882  1.563159 1.56
325 -0.248610 -1.784534  1.535924 1.54
326 -0.248484 -1.757425  1.508941 1.51
327 -0.248361 -1.732611  1.484250 1.48
328 -0.248260 -1.712076  1.463816 1.46
329 -0.248197 -1.697440  1.449243 1.45
330 -0.248180 -1.689721  1.441541 1.44
331 -0.248208 -1.689201  1.440993 1.44
332 -0.248269 -1.695458  1.447189 1.45
333 -0.248348 -1.707519  1.459171 1.46
334 -0.248430 -1.724096  1.475666 1.48
335 -0.248505 -1.743808  1.495303 1.50
336 -0.248567 -1.765353  1.516786 1.52
337 -0.248615 -1.787599  1.538985 1.54
338 -0.248651 -1.809615  1.560964 1.56
339 -0.248677 -1.830652  1.581975 1.58
340 -0.248697 -1.850117  1.601421 1.60
341 -0.206631 -1.867680  1.661049 1.66
342 -0.206641 -1.882628  1.675987 1.68
343 -0.206648 -1.894676  1.688028 1.69
344 -0.206652 -1.903611  1.696959 1.70
345 -0.206652 -1.909296  1.702644 1.70
346 -0.206648 -1.911680  1.705033 1.71
347 -0.206637 -1.910812  1.704175 1.70
348 -0.206618 -1.906855  1.700237 1.70
349 -0.206592 -1.900102  1.693509 1.69
350 -0.206558 -1.890980  1.684422 1.68
351 -0.206517 -1.880051  1.673534 1.67
352 -0.206470 -1.867992  1.661522 1.66
353 -0.206420 -1.855573  1.649153 1.65
354 -0.206369 -1.843615  1.637246 1.64
355 -0.206324 -1.832932  1.626609 1.63
356 -0.206287 -1.824264  1.617977 1.62
357 -0.206266 -1.818198  1.611932 1.61
358 -0.206262 -1.815093  1.608831 1.61
359 -0.206277 -1.815033  1.608756 1.61
360 -0.206310 -1.817802  1.611493 1.61
361 -0.174349 -1.822906  1.648556 1.65
362 -0.174404 -1.829553  1.655150 1.66
363 -0.174461 -1.836922  1.662461 1.66
364 -0.174516 -1.844146  1.669630 1.67
365 -0.174568 -1.850381  1.675812 1.68
366 -0.174615 -1.854845  1.680230 1.68
367 -0.174655 -1.856856  1.682200 1.68
368 -0.174688 -1.855842  1.681154 1.68
369 -0.174711 -1.851373  1.676663 1.68
370 -0.174723 -1.843188  1.668465 1.67
371 -0.174722 -1.831213  1.656491 1.66
372 -0.174709 -1.815596  1.640888 1.64
373 -0.174682 -1.796706  1.622024 1.62
374 -0.174643 -1.775132  1.600489 1.60
375 -0.174592 -1.751671  1.577079 1.58
376 -0.174528 -1.727321  1.552793 1.55
377 -0.174451 -1.703282  1.528832 1.53
378 -0.174360 -1.680961  1.506601 1.51
379 -0.174263 -1.661936  1.487673 1.49
380 -0.174177 -1.647829  1.473652 1.47
381 -0.004270 -1.639076  1.634806 1.63
382 -0.004261 -1.636887  1.632626 1.63
383 -0.004312 -1.641430  1.637118 1.64
384 -0.004413 -1.651942  1.647529 1.65
385 -0.004541 -1.666864  1.662323 1.66
386 -0.004664 -1.684204  1.679539 1.68
387 -0.004758 -1.701993  1.697235 1.70
388 -0.004808 -1.718675  1.713866 1.71
389 -0.004813 -1.733324  1.728511 1.73
390 -0.004778 -1.745698  1.740920 1.74
391 -0.004719 -1.756146  1.751428 1.75
392 -0.004648 -1.765418  1.760769 1.76
393 -0.004583 -1.774435  1.769852 1.77
394 -0.004532 -1.784076  1.779543 1.78
395 -0.004503 -1.795007  1.790505 1.79
396 -0.004492 -1.807606  1.803114 1.80
397 -0.004495 -1.821965  1.817470 1.82
398 -0.004506 -1.837967  1.833462 1.83
399 -0.004519 -1.855372  1.850854 1.85
400 -0.004533 -1.873886  1.869354 1.87
401 -0.230407 -1.892423  1.662016 1.66
402 -0.230436 -1.912168  1.681732 1.68
403 -0.230473 -1.932565  1.702091 1.70
404 -0.230517 -1.952920  1.722403 1.72
405 -0.230562 -1.972446  1.741884 1.74
406 -0.230603 -1.990332  1.759729 1.76
407 -0.230636 -2.005831  1.775195 1.78
408 -0.230657 -2.018334  1.787677 1.79
409 -0.230666 -2.027415  1.796750 1.80
410 -0.230663 -2.032852  1.802189 1.80
411 -0.230652 -2.034612  1.803961 1.80
412 -0.230631 -2.032837  1.802206 1.80
413 -0.230604 -2.027822  1.797219 1.80
414 -0.230569 -2.020001  1.789433 1.79
415 -0.230526 -2.009944  1.779418 1.78
416 -0.230475 -1.998356  1.767881 1.77
417 -0.230416 -1.986079  1.755663 1.76
418 -0.230353 -1.974074  1.743721 1.74
419 -0.230289 -1.963371  1.733082 1.73
420 -0.230235 -1.954982  1.724747 1.72
421 -0.311447 -1.950030  1.638584 1.64
422 -0.311437 -1.949005  1.637568 1.64
423 -0.311456 -1.952056  1.640600 1.64
424 -0.311499 -1.958894  1.647396 1.65
425 -0.311557 -1.968850  1.657293 1.66
426 -0.311620 -1.981000  1.669380 1.67
427 -0.311679 -1.994329  1.682651 1.68
428 -0.311727 -2.007874  1.696147 1.70
429 -0.311761 -2.020823  1.709062 1.71
430 -0.311781 -2.032569  1.720788 1.72
431 -0.311789 -2.042716  1.730927 1.73
432 -0.311788 -2.051053  1.739265 1.74
433 -0.311782 -2.057516  1.745735 1.75
434 -0.311773 -2.062145  1.750372 1.75
435 -0.311764 -2.065034  1.753271 1.75
436 -0.311756 -2.066300  1.754544 1.75
437 -0.311752 -2.066050  1.754297 1.75
438 -0.311752 -2.064359  1.752607 1.75
439 -0.311756 -2.061265  1.749509 1.75
440 -0.311764 -2.056763  1.744999 1.74
441 -0.413273 -2.051138  1.637865 1.64
442 -0.413284 -2.044347  1.631063 1.63
443 -0.413298 -2.036320  1.623022 1.62
444 -0.413311 -2.026982  1.613672 1.61
445 -0.413321 -2.016289  1.602969 1.60
446 -0.413325 -2.004260  1.590935 1.59
447 -0.413317 -1.991033  1.577715 1.58
448 -0.413293 -1.976937  1.563645 1.56
449 -0.413248 -1.962563  1.549314 1.55
450 -0.413187 -1.948787  1.535600 1.54
451 -0.413121 -1.936716  1.523595 1.52
452 -0.413071 -1.927491  1.514419 1.51
453 -0.413059 -1.921977  1.508918 1.51
454 -0.413098 -1.920442  1.507344 1.51
455 -0.413186 -1.922360  1.509174 1.51
456 -0.413305 -1.926458  1.513153 1.51
457 -0.413428 -1.930984  1.517556 1.52
458 -0.413534 -1.934094  1.520560 1.52
459 -0.413605 -1.934201  1.520596 1.52
460 -0.413635 -1.930230  1.516595 1.52
461 -0.286716 -1.921033  1.634318 1.63
462 -0.286657 -1.906674  1.620017 1.62
463 -0.286562 -1.888116  1.601554 1.60
464 -0.286444 -1.866896  1.580452 1.58
465 -0.286323 -1.844908  1.558585 1.56
466 -0.286220 -1.824103  1.537884 1.54
467 -0.286151 -1.806171  1.520020 1.52
468 -0.286125 -1.792273  1.506149 1.51
469 -0.286138 -1.782929  1.496792 1.50
470 -0.286178 -1.778050  1.491873 1.49
471 -0.286228 -1.777120  1.490892 1.49
472 -0.286274 -1.779429  1.493155 1.49
473 -0.286302 -1.784315  1.498012 1.50
474 -0.286306 -1.791340  1.505033 1.51
475 -0.286288 -1.800393  1.514105 1.51
476 -0.286258 -1.811662  1.525405 1.53
477 -0.286234 -1.825466  1.539231 1.54
478 -0.286237 -1.841984  1.555747 1.56
479 -0.286277 -1.860983  1.574706 1.57
480 -0.286349 -1.881671  1.595322 1.60
481 -0.238259 -1.902949  1.664690 1.66
482 -0.238341 -1.922845  1.684504 1.68
483 -0.238400 -1.939920  1.701520 1.70
484 -0.238429 -1.953083  1.714654 1.71
485 -0.238427 -1.961726  1.723299 1.72
486 -0.238396 -1.965751  1.727355 1.73
487 -0.238342 -1.965531  1.727189 1.73
488 -0.238270 -1.961832  1.723562 1.72
489 -0.238187 -1.955723  1.717536 1.72
490 -0.238103 -1.948456  1.710353 1.71
491 -0.238027 -1.941323  1.703296 1.70
492 -0.237972 -1.935485  1.697513 1.70
493 -0.237943 -1.931808  1.693864 1.69
494 -0.237945 -1.930740  1.692795 1.69
495 -0.237974 -1.932272  1.694299 1.69
496 -0.238021 -1.935987  1.697965 1.70
497 -0.238078 -1.941167  1.703089 1.70
498 -0.238137 -1.946937  1.708800 1.71
499 -0.238194 -1.952373  1.714178 1.71
500 -0.238247 -1.956580  1.718333 1.72
501 -0.313127 -1.958851  1.645724 1.65
502 -0.313169 -1.958719  1.645550 1.65
503 -0.313204 -1.955558  1.642354 1.64
504 -0.313229 -1.948872  1.635643 1.64
505 -0.313240 -1.938341  1.625101 1.63
506 -0.313234 -1.923879  1.610645 1.61
507 -0.313209 -1.905682  1.592473 1.59
508 -0.313165 -1.884253  1.571087 1.57
509 -0.313107 -1.860388  1.547282 1.55
510 -0.313040 -1.835117  1.522077 1.52
511 -0.312972 -1.809598  1.496626 1.50
512 -0.312908 -1.785006  1.472098 1.47
513 -0.312851 -1.762443  1.449592 1.45
514 -0.312799 -1.742904  1.430105 1.43
515 -0.312749 -1.727283  1.414533 1.41
516 -0.312700 -1.716406  1.403705 1.40
517 -0.312658 -1.711031  1.398374 1.40
518 -0.312628 -1.711783  1.399154 1.40
519 -0.312621 -1.719033  1.406411 1.41
520 -0.312642 -1.732778  1.420136 1.42
521 -0.089323 -1.753415  1.664092 1.66
522 -0.089387 -1.778368  1.688982 1.69
523 -0.089460 -1.806473  1.717014 1.72
524 -0.089533 -1.836406  1.746873 1.75
525 -0.089600 -1.866828  1.777229 1.78
526 -0.089655 -1.896504  1.806849 1.81
527 -0.089698 -1.924362  1.834664 1.83
528 -0.089729 -1.949533  1.859804 1.86
529 -0.089749 -1.971348  1.881599 1.88
530 -0.089759 -1.989332  1.899572 1.90
531 -0.089761 -2.003187  1.913426 1.91
532 -0.089756 -2.012774  1.923019 1.92
533 -0.089745 -2.018090  1.928345 1.93
534 -0.089731 -2.019238  1.929507 1.93
535 -0.089716 -2.016403  1.926687 1.93
536 -0.089700 -2.009821  1.920121 1.92
537 -0.089686 -1.999752  1.910065 1.91
538 -0.089675 -1.986457  1.896782 1.90
539 -0.089667 -1.970185  1.880518 1.88
540 -0.089660 -1.951164  1.861504 1.86
541 -0.307656 -1.931296  1.623640 1.62
542 -0.307648 -1.910042  1.602394 1.60
543 -0.307638 -1.887645  1.580007 1.58
544 -0.307627 -1.864375  1.556748 1.56
545 -0.307611 -1.840539  1.532927 1.53
546 -0.307592 -1.816497  1.508904 1.51
547 -0.307570 -1.792661  1.485091 1.49
548 -0.307545 -1.769493  1.461948 1.46
549 -0.307518 -1.747491  1.439972 1.44
550 -0.307491 -1.727171  1.419680 1.42
551 -0.307464 -1.709053  1.401589 1.40
552 -0.307440 -1.693631  1.386192 1.39
553 -0.307418 -1.681359  1.373941 1.37
554 -0.307401 -1.672625  1.365224 1.37
555 -0.307389 -1.667734  1.360345 1.36
556 -0.307384 -1.666890  1.359506 1.36
557 -0.307389 -1.670164  1.362775 1.36
558 -0.307406 -1.677466  1.370060 1.37
559 -0.307435 -1.688513  1.381078 1.38
560 -0.307477 -1.702816  1.395339 1.40
561 -0.059371 -1.720434  1.661062 1.66
562 -0.059432 -1.738556  1.679125 1.68
563 -0.059493 -1.756217  1.696724 1.70
564 -0.059549 -1.772447  1.712898 1.71
565 -0.059597 -1.786358  1.726761 1.73
566 -0.059631 -1.797214  1.737584 1.74
567 -0.059647 -1.804506  1.744859 1.74
568 -0.059643 -1.808006  1.748364 1.75
569 -0.059618 -1.807807  1.748189 1.75
570 -0.059575 -1.804321  1.744746 1.74
571 -0.059522 -1.798238  1.738716 1.74
572 -0.059465 -1.790424  1.730959 1.73
573 -0.059415 -1.781786  1.722371 1.72
574 -0.059379 -1.773137  1.713757 1.71
575 -0.059360 -1.765081  1.705721 1.71
576 -0.059356 -1.757975  1.698619 1.70
577 -0.059363 -1.751941  1.692578 1.69
578 -0.059376 -1.746927  1.687551 1.69
579 -0.059391 -1.742770  1.683379 1.68
580 -0.059406 -1.739263  1.679857 1.68
581 -0.095774 -1.736327  1.640553 1.64
582 -0.095780 -1.733858  1.638078 1.64
583 -0.095780 -1.731758  1.635978 1.64
584 -0.095774 -1.730020  1.634246 1.63
585 -0.095766 -1.728718  1.632952 1.63
586 -0.095760 -1.727968  1.632208 1.63
587 -0.095761 -1.727859  1.632098 1.63
588 -0.095772 -1.728391  1.632619 1.63
589 -0.095791 -1.729442  1.633651 1.63
590 -0.095812 -1.730795  1.634983 1.63
591 -0.095824 -1.732229  1.636406 1.64
592 -0.095816 -1.733668  1.637852 1.64
593 -0.095783 -1.735325  1.639542 1.64
594 -0.095726 -1.737785  1.642059 1.64
595 -0.095660 -1.741947  1.646286 1.65
596 -0.095608 -1.748803  1.653195 1.65
597 -0.095589 -1.759109  1.663520 1.66
598 -0.095613 -1.773088  1.677475 1.68
599 -0.095672 -1.790303  1.694631 1.69
600 -0.095750 -1.809760  1.714011 1.71
601 -0.166337 -1.829926  1.663588 1.66
602 -0.166404 -1.850070  1.683666 1.68
603 -0.166453 -1.869010  1.702557 1.70
604 -0.166485 -1.885806  1.719321 1.72
605 -0.166500 -1.899791  1.733291 1.73
606 -0.166499 -1.910572  1.744073 1.74
607 -0.166486 -1.918006  1.751520 1.75
608 -0.166463 -1.922165  1.755702 1.76
609 -0.166438 -1.923271  1.756833 1.76
610 -0.166416 -1.921613  1.755197 1.76
611 -0.166402 -1.917459  1.751057 1.75
612 -0.166398 -1.910983  1.744586 1.74
613 -0.166401 -1.902243  1.735842 1.74
614 -0.166407 -1.891202  1.724795 1.72
615 -0.166409 -1.877807  1.711398 1.71
616 -0.166399 -1.862088  1.695690 1.70
617 -0.166372 -1.844265  1.677893 1.68
618 -0.166328 -1.824808  1.658481 1.66
619 -0.166269 -1.804455  1.638187 1.64
620 -0.166203 -1.784155  1.617952 1.62
621 -0.140591 -1.764746  1.624156 1.62
622 -0.140536 -1.747352  1.606816 1.61
623 -0.140495 -1.732836  1.592341 1.59
624 -0.140468 -1.721849  1.581381 1.58
625 -0.140449 -1.714833  1.574384 1.57
626 -0.140435 -1.712075  1.571640 1.57
627 -0.140426 -1.713762  1.573336 1.57
628 -0.140425 -1.719984  1.579559 1.58
629 -0.140436 -1.730695  1.590259 1.59
630 -0.140462 -1.745652  1.605190 1.61
631 -0.140506 -1.764362  1.623857 1.62
632 -0.140562 -1.786080  1.645518 1.65
633 -0.140627 -1.809853  1.669226 1.67
634 -0.140694 -1.834607  1.693912 1.69
635 -0.140759 -1.859230  1.718471 1.72
636 -0.140816 -1.882666  1.741849 1.74
637 -0.140865 -1.903968  1.763103 1.76
638 -0.140903 -1.922350  1.781447 1.78
639 -0.140928 -1.937209  1.796280 1.80
640 -0.140940 -1.948158  1.807218 1.81
641 -0.304654 -1.955028  1.650375 1.65
642 -0.304635 -1.958733  1.654098 1.65
643 -0.304603 -1.959616  1.655012 1.66
644 -0.304564 -1.958222  1.653658 1.65
645 -0.304524 -1.955222  1.650698 1.65
646 -0.304491 -1.951300  1.646809 1.65
647 -0.304473 -1.947030  1.642557 1.64
648 -0.304472 -1.942770  1.638298 1.64
649 -0.304485 -1.938623  1.634137 1.63
650 -0.304507 -1.934468  1.629960 1.63
651 -0.304531 -1.930047  1.625516 1.63
652 -0.304548 -1.925075  1.620527 1.62
653 -0.304557 -1.919336  1.614779 1.61
654 -0.304555 -1.912744  1.608189 1.61
655 -0.304542 -1.905367  1.600824 1.60
656 -0.304521 -1.897424  1.592903 1.59
657 -0.304493 -1.889267  1.584774 1.58
658 -0.304461 -1.881344  1.576884 1.58
659 -0.304428 -1.874164  1.569736 1.57
660 -0.304399 -1.868240  1.563840 1.56
661 -0.224718 -1.863729  1.639011 1.64
662 -0.224708 -1.860933  1.636224 1.64
663 -0.224714 -1.860015  1.635302 1.64
664 -0.224734 -1.860920  1.636186 1.64
665 -0.224767 -1.863367  1.638600 1.64
666 -0.224806 -1.866900  1.642094 1.64
667 -0.224844 -1.870973  1.646129 1.65
668 -0.224872 -1.875058  1.650186 1.65
669 -0.224886 -1.878762  1.653876 1.65
670 -0.224883 -1.881906  1.657024 1.66
671 -0.224863 -1.884564  1.659701 1.66
672 -0.224832 -1.887036  1.662204 1.66
673 -0.224798 -1.889774  1.664976 1.66
674 -0.224766 -1.893274  1.668508 1.67
675 -0.224745 -1.897969  1.673224 1.67
676 -0.224738 -1.904127  1.679389 1.68
677 -0.224747 -1.911787  1.687040 1.69
678 -0.224775 -1.920721  1.695947 1.70
679 -0.224817 -1.930428  1.705610 1.71
680 -0.224870 -1.940170  1.715300 1.72
681 -0.296725 -1.949027  1.652301 1.65
682 -0.296776 -1.956440  1.659664 1.66
683 -0.296815 -1.961564  1.664749 1.66
684 -0.296839 -1.963731  1.666892 1.67
685 -0.296847 -1.962515  1.665668 1.67
686 -0.296840 -1.957750  1.660910 1.66
687 -0.296825 -1.949503  1.652678 1.65
688 -0.296804 -1.938008  1.641203 1.64
689 -0.296784 -1.923600  1.626816 1.63
690 -0.296768 -1.906643  1.609876 1.61
691 -0.296756 -1.887474  1.590718 1.59
692 -0.296749 -1.866387  1.569639 1.57
693 -0.296741 -1.843647  1.546906 1.55
694 -0.296728 -1.819541  1.522812 1.52
695 -0.296704 -1.794455  1.497751 1.50
696 -0.296665 -1.768952  1.472287 1.47
697 -0.296610 -1.743816  1.447207 1.45
698 -0.296544 -1.720051  1.423508 1.42
699 -0.296476 -1.698802  1.402326 1.40
700 -0.296418 -1.681216  1.384798 1.38
701 -0.037672 -1.666284  1.628612 1.63
702 -0.037647 -1.655513  1.617866 1.62
703 -0.037642 -1.649348  1.611706 1.61
704 -0.037654 -1.647906  1.610252 1.61
705 -0.037679 -1.651018  1.613340 1.61
706 -0.037713 -1.658287  1.620574 1.62
707 -0.037754 -1.669136  1.631381 1.63
708 -0.037802 -1.682852  1.645050 1.65
709 -0.037853 -1.698615  1.660762 1.66
710 -0.037905 -1.715538  1.677634 1.68
711 -0.037955 -1.732719  1.694764 1.69
712 -0.038000 -1.749288  1.711289 1.71
713 -0.038035 -1.764473  1.726438 1.73
714 -0.038058 -1.777653  1.739595 1.74
715 -0.038065 -1.788422  1.750358 1.75
716 -0.038054 -1.796637  1.758583 1.76
717 -0.038027 -1.802430  1.764403 1.76
718 -0.037992 -1.806176  1.768184 1.77
719 -0.037958 -1.808383  1.770425 1.77
720 -0.037935 -1.809549  1.771614 1.77
721 -0.166044 -1.810307  1.644263 1.64
722 -0.166057 -1.811081  1.645024 1.65
723 -0.166081 -1.811675  1.645594 1.65
724 -0.166106 -1.811724  1.645618 1.65
725 -0.166122 -1.810843  1.644721 1.64
726 -0.166125 -1.808761  1.642636 1.64
727 -0.166112 -1.805407  1.639295 1.64
728 -0.166086 -1.800941  1.634855 1.63
729 -0.166053 -1.795715  1.629663 1.63
730 -0.166018 -1.790202  1.624184 1.62
731 -0.165987 -1.784897  1.618909 1.62
732 -0.165967 -1.780229  1.614263 1.61
733 -0.165958 -1.776490  1.610532 1.61
734 -0.165961 -1.773797  1.607836 1.61
735 -0.165973 -1.772096  1.606124 1.61
736 -0.165991 -1.771197  1.605206 1.61
737 -0.166013 -1.770818  1.604805 1.60
738 -0.166035 -1.770638  1.604603 1.60
739 -0.166056 -1.770334  1.604278 1.60
740 -0.166074 -1.769612  1.603538 1.60
741 -0.126127 -1.768110  1.641982 1.64
742 -0.126137 -1.765555  1.639417 1.64
743 -0.126140 -1.761865  1.635725 1.64
744 -0.126132 -1.757086  1.630954 1.63
745 -0.126112 -1.751422  1.625310 1.63
746 -0.126078 -1.745269  1.619191 1.62
747 -0.126033 -1.739216  1.613183 1.61
748 -0.125983 -1.734010  1.608027 1.61
749 -0.125938 -1.730451  1.604513 1.60
750 -0.125910 -1.729227  1.603317 1.60
751 -0.125910 -1.730735  1.604825 1.60
752 -0.125940 -1.734937  1.608997 1.61
753 -0.125992 -1.741333  1.615341 1.62
754 -0.126056 -1.749056  1.623000 1.62
755 -0.126117 -1.757053  1.630936 1.63
756 -0.126166 -1.764286  1.638120 1.64
757 -0.126196 -1.769897  1.643700 1.64
758 -0.126208 -1.773299  1.647091 1.65
759 -0.126201 -1.774204  1.648003 1.65
760 -0.126180 -1.772607  1.646427 1.65
761 -0.129075 -1.768753  1.639678 1.64
762 -0.129034 -1.763076  1.634042 1.63
763 -0.128987 -1.756160  1.627173 1.63
764 -0.128936 -1.748694  1.619758 1.62
765 -0.128885 -1.741433  1.612548 1.61
766 -0.128838 -1.735139  1.606301 1.61
767 -0.128799 -1.730519  1.601720 1.60
768 -0.128771 -1.728162  1.599391 1.60
769 -0.128758 -1.728481  1.599724 1.60
770 -0.128759 -1.731671  1.602912 1.60
771 -0.128773 -1.737700  1.608927 1.61
772 -0.128796 -1.746333  1.617536 1.62
773 -0.128825 -1.757179  1.628354 1.63
774 -0.128855 -1.769758  1.640903 1.64
775 -0.128883 -1.783561  1.654678 1.65
776 -0.128907 -1.798101  1.669193 1.67
777 -0.128929 -1.812930  1.684001 1.68
778 -0.128949 -1.827648  1.698700 1.70
779 -0.128969 -1.841879  1.712910 1.71
780 -0.128991 -1.855248  1.726257 1.73
781 -0.211772 -1.867227  1.655455 1.66
782 -0.211799 -1.877882  1.666083 1.67
783 -0.211828 -1.886776  1.674948 1.67
784 -0.211858 -1.893456  1.681599 1.68
785 -0.211886 -1.897486  1.685600 1.69
786 -0.211910 -1.898466  1.686555 1.69
787 -0.211929 -1.896074  1.684145 1.68
788 -0.211939 -1.890102  1.678163 1.68
789 -0.211937 -1.880499  1.668562 1.67
790 -0.211919 -1.867422  1.655503 1.66
791 -0.211884 -1.851278  1.639394 1.64
792 -0.211830 -1.832754  1.620924 1.62
793 -0.211760 -1.812814  1.601054 1.60
794 -0.211682 -1.792649  1.580967 1.58
795 -0.211608 -1.773554  1.561945 1.56
796 -0.211552 -1.756745  1.545193 1.55
797 -0.211524 -1.743159  1.531635 1.53
798 -0.211529 -1.733284  1.521755 1.52
799 -0.211561 -1.727108  1.515547 1.52
800 -0.211608 -1.724193  1.512584 1.51
801 -0.080742 -1.723485  1.642743 1.64
802 -0.080777 -1.724018  1.643241 1.64
803 -0.080792 -1.725239  1.644446 1.64
804 -0.080788 -1.726870  1.646082 1.65
805 -0.080769 -1.728924  1.648155 1.65
806 -0.080743 -1.731626  1.650883 1.65
807 -0.080718 -1.735312  1.654594 1.65
808 -0.080703 -1.740297  1.659594 1.66
809 -0.080702 -1.746766  1.666064 1.67
810 -0.080717 -1.754697  1.673981 1.67
811 -0.080746 -1.763836  1.683091 1.68
812 -0.080784 -1.773723  1.692939 1.69
813 -0.080822 -1.783776  1.702954 1.70
814 -0.080852 -1.793411  1.712559 1.71
815 -0.080867 -1.802168  1.721301 1.72
816 -0.080863 -1.809819  1.728956 1.73
817 -0.080841 -1.816415  1.735574 1.74
818 -0.080808 -1.822265  1.741457 1.74
819 -0.080774 -1.827840  1.747066 1.75
820 -0.080746 -1.833637  1.752891 1.75
821 -0.190123 -1.840084  1.649961 1.65
822 -0.190121 -1.847798  1.657676 1.66
823 -0.190127 -1.856776  1.666649 1.67
824 -0.190136 -1.866888  1.676752 1.68
825 -0.190141 -1.877953  1.687812 1.69
826 -0.190143 -1.889810  1.699667 1.70
827 -0.190142 -1.902339  1.712197 1.71
828 -0.190143 -1.915440  1.725297 1.73
829 -0.190148 -1.928988  1.738840 1.74
830 -0.190158 -1.942792  1.752634 1.75
831 -0.190174 -1.956576  1.766402 1.77
832 -0.190193 -1.969985  1.779792 1.78
833 -0.190213 -1.982622  1.792409 1.79
834 -0.190231 -1.994080  1.803849 1.80
835 -0.190246 -2.003987  1.813741 1.81
836 -0.190257 -2.012026  1.821769 1.82
837 -0.190264 -2.017951  1.827687 1.83
838 -0.190267 -2.021592  1.831325 1.83
839 -0.190267 -2.022850  1.832584 1.83
840 -0.190263 -2.021693  1.831429 1.83
841 -0.378188 -2.018597  1.640409 1.64
842 -0.378181 -2.013831  1.635650 1.64
843 -0.378174 -2.007489  1.629315 1.63
844 -0.378165 -1.999692  1.621527 1.62
845 -0.378155 -1.990588  1.612433 1.61
846 -0.378145 -1.980347  1.602203 1.60
847 -0.378134 -1.969156  1.591023 1.59
848 -0.378122 -1.957218  1.579095 1.58
849 -0.378110 -1.944747  1.566637 1.57
850 -0.378098 -1.931970  1.553872 1.55
851 -0.378086 -1.919121  1.541035 1.54
852 -0.378074 -1.906436  1.528362 1.53
853 -0.378064 -1.894145  1.516081 1.52
854 -0.378055 -1.882459  1.504403 1.50
855 -0.378050 -1.871560  1.493511 1.49
856 -0.378047 -1.861590  1.483542 1.48
857 -0.378048 -1.852640  1.474592 1.47
858 -0.378051 -1.844763  1.466712 1.47
859 -0.378053 -1.837978  1.459925 1.46
860 -0.378054 -1.832301  1.454247 1.45
861 -0.188800 -1.827096  1.638296 1.64
862 -0.188792 -1.822417  1.633625 1.63
863 -0.188779 -1.818426  1.629647 1.63
864 -0.188764 -1.815355  1.626591 1.63
865 -0.188749 -1.813468  1.624719 1.62
866 -0.188740 -1.813006  1.624266 1.62
867 -0.188740 -1.814121  1.625382 1.63
868 -0.188750 -1.816831  1.628081 1.63
869 -0.188770 -1.820992  1.632222 1.63
870 -0.188798 -1.826310  1.637512 1.64
871 -0.188829 -1.832378  1.643549 1.64
872 -0.188858 -1.838746  1.649888 1.65
873 -0.188878 -1.845001  1.656123 1.66
874 -0.188886 -1.850850  1.661964 1.66
875 -0.188878 -1.856182  1.667304 1.67
876 -0.188855 -1.861114  1.672259 1.67
877 -0.188821 -1.865979  1.677158 1.68
878 -0.188781 -1.871274  1.682493 1.68
879 -0.188745 -1.877561  1.688816 1.69
880 -0.188719 -1.885342  1.696622 1.70
881 -0.241833 -1.894891  1.653057 1.65
882 -0.241842 -1.906498  1.664656 1.66
883 -0.241864 -1.919973  1.678109 1.68
884 -0.241892 -1.934920  1.693028 1.69
885 -0.241921 -1.950833  1.708912 1.71
886 -0.241945 -1.967192  1.725248 1.73
887 -0.241961 -1.983544  1.741583 1.74
888 -0.241971 -1.999535  1.757564 1.76
889 -0.241975 -2.014915  1.772939 1.77
890 -0.241978 -2.029517  1.787539 1.79
891 -0.241981 -2.043215  1.801234 1.80
892 -0.241987 -2.055889  1.813902 1.81
893 -0.241997 -2.067390  1.825393 1.83
894 -0.242012 -2.077526  1.835514 1.84
895 -0.242031 -2.086051  1.844020 1.84
896 -0.242053 -2.092678  1.850626 1.85
897 -0.242075 -2.097096  1.855021 1.86
898 -0.242097 -2.098999  1.856902 1.86
899 -0.242114 -2.098120  1.856006 1.86
900 -0.242123 -2.094280  1.852157 1.85
901 -0.450776 -2.088144  1.637368 1.64
902 -0.450760 -2.079941  1.629181 1.63
903 -0.450731 -2.070005  1.619274 1.62
904 -0.450692 -2.058855  1.608163 1.61
905 -0.450646 -2.047164  1.596518 1.60
906 -0.450600 -2.035694  1.585094 1.59
907 -0.450561 -2.025198  1.574637 1.57
908 -0.450535 -2.016314  1.565778 1.57
909 -0.450525 -2.009476  1.558951 1.56
910 -0.450531 -2.004872  1.554342 1.55
911 -0.450549 -2.002443  1.551894 1.55
912 -0.450575 -2.001931  1.551356 1.55
913 -0.450604 -2.002956  1.552352 1.55
914 -0.450631 -2.005082  1.554450 1.55
915 -0.450654 -2.007890  1.557235 1.56
916 -0.450671 -2.011026  1.560356 1.56
917 -0.450679 -2.014238  1.563559 1.56
918 -0.450680 -2.017390  1.566709 1.57
919 -0.450676 -2.020459  1.569783 1.57
920 -0.450668 -2.023511  1.572844 1.57
921 -0.380003 -2.026597  1.646593 1.65
922 -0.380000 -2.029621  1.649620 1.65
923 -0.380004 -2.032625  1.652622 1.65
924 -0.380016 -2.035546  1.655530 1.66
925 -0.380035 -2.038192  1.658157 1.66
926 -0.380059 -2.040268  1.660210 1.66
927 -0.380083 -2.041414  1.661332 1.66
928 -0.380104 -2.041260  1.661157 1.66
929 -0.380120 -2.039480  1.659360 1.66
930 -0.380131 -2.035818  1.655687 1.66
931 -0.380139 -2.030102  1.649963 1.65
932 -0.380145 -2.022221  1.642076 1.64
933 -0.380151 -2.012108  1.631956 1.63
934 -0.380160 -1.999700  1.619540 1.62
935 -0.380172 -1.984926  1.604754 1.60
936 -0.380186 -1.967693  1.587507 1.59
937 -0.380200 -1.947909  1.567710 1.57
938 -0.380208 -1.925526  1.545318 1.55
939 -0.380204 -1.900606  1.520402 1.52
940 -0.380180 -1.873423  1.493243 1.49
941 -0.229874 -1.842754  1.612880 1.61
942 -0.229790 -1.810569  1.580779 1.58
943 -0.229680 -1.778392  1.548713 1.55
944 -0.229563 -1.748121  1.518558 1.52
945 -0.229474 -1.721688  1.492214 1.49
946 -0.229439 -1.700580  1.471141 1.47
947 -0.229468 -1.685428  1.455961 1.46
948 -0.229544 -1.675876  1.446332 1.45
949 -0.229638 -1.670809  1.441171 1.44
950 -0.229721 -1.668802  1.439081 1.44
951 -0.229778 -1.668548  1.438771 1.44
952 -0.229805 -1.669111  1.439305 1.44
953 -0.229811 -1.669977  1.440166 1.44
954 -0.229803 -1.670981  1.441178 1.44
955 -0.229789 -1.672188  1.442400 1.44
956 -0.229773 -1.673783  1.444009 1.44
957 -0.229759 -1.675991  1.446232 1.45
958 -0.229746 -1.679038  1.449292 1.45
959 -0.229735 -1.683128  1.453392 1.45
960 -0.229727 -1.688437  1.458711 1.46
961 -0.044929 -1.694926  1.649997 1.65
962 -0.044925 -1.701797  1.656872 1.66
963 -0.044928 -1.709118  1.664190 1.66
964 -0.044943 -1.716841  1.671899 1.67
965 -0.044969 -1.724745  1.679777 1.68
966 -0.045002 -1.732441  1.687439 1.69
967 -0.045035 -1.739432  1.694397 1.69
968 -0.045062 -1.745219  1.700157 1.70
969 -0.045077 -1.749405  1.704328 1.70
970 -0.045078 -1.751769  1.706691 1.71
971 -0.045067 -1.752302  1.707235 1.71
972 -0.045045 -1.751193  1.706148 1.71
973 -0.045015 -1.748802  1.703786 1.70
974 -0.044980 -1.745617  1.700637 1.70
975 -0.044940 -1.742228  1.697287 1.70
976 -0.044898 -1.739293  1.694395 1.69
977 -0.044854 -1.737518  1.692664 1.69
978 -0.044812 -1.737616  1.692803 1.69
979 -0.044777 -1.740255  1.695479 1.70
980 -0.044754 -1.745985  1.701231 1.70
981 -0.102484 -1.755147  1.652663 1.65
982 -0.102509 -1.767993  1.665484 1.67
983 -0.102562 -1.784078  1.681516 1.68
984 -0.102634 -1.802530  1.699895 1.70
985 -0.102715 -1.822158  1.719443 1.72
986 -0.102787 -1.841645  1.738857 1.74
987 -0.102839 -1.859777  1.756938 1.76
988 -0.102863 -1.875644  1.772782 1.77
989 -0.102858 -1.888752  1.785893 1.79
990 -0.102832 -1.899025  1.796192 1.80
991 -0.102795 -1.906725  1.803929 1.80
992 -0.102758 -1.912300  1.809541 1.81
993 -0.102732 -1.916218  1.813485 1.81
994 -0.102725 -1.918811  1.816086 1.82
995 -0.102738 -1.920171  1.817433 1.82
996 -0.102770 -1.920112  1.817342 1.82
997 -0.102813 -1.918206  1.815393 1.82
998 -0.102855 -1.913897  1.811042 1.81
999 -0.102883 -1.906670  1.803786 1.80
1000 -0.102883 -1.896252  1.793369 1.79
1001 -0.102845 -1.882812  1.779967 1.78
1002 -0.102768 -1.867086  1.764318 1.76
1003 -0.102663 -1.850377  1.747714 1.75
1004 -0.102554 -1.834367  1.731813 1.73
1005 -0.102469 -1.820765  1.718296 1.72
1006 -0.102428 -1.810895  1.708468 1.71
1007 -0.102434 -1.805397  1.702964 1.70
1008 -0.102475 -1.804169  1.701695 1.70
1009 -0.102530 -1.806550  1.704021 1.70
1010 -0.102582 -1.811618  1.709036 1.71
1011 -0.102624 -1.818451  1.715828 1.72
1012 -0.102653 -1.826274  1.723622 1.72
1013 -0.102673 -1.834487  1.731814 1.73
1014 -0.102688 -1.842632  1.739944 1.74
1015 -0.102700 -1.850351  1.747651 1.75
1016 -0.102709 -1.857351  1.754642 1.75
1017 -0.102714 -1.863408  1.760694 1.76
1018 -0.102713 -1.868374  1.765661 1.77
1019 -0.102705 -1.872202  1.769497 1.77
1020 -0.102688 -1.874968  1.772280 1.77
1021 -0.102664 -1.876879  1.774215 1.77
1022 -0.102633 -1.878266  1.775633 1.78
1023 -0.102599 -1.879556  1.776957 1.78
1024 -0.102567 -1.881220  1.778653 1.78
1025 -0.102543 -1.883697  1.781154 1.78
1026 -0.102530 -1.887317  1.784787 1.78
1027 -0.102531 -1.892235  1.789704 1.79
1028 -0.102544 -1.898400  1.795855 1.80
1029 -0.102567 -1.905570  1.803002 1.80
1030 -0.102594 -1.913361  1.810767 1.81
1031 -0.102620 -1.921326  1.818706 1.82
1032 -0.102643 -1.929014  1.826371 1.83
1033 -0.102663 -1.936016  1.833354 1.83
1034 -0.102680 -1.941969  1.839288 1.84
1035 -0.102697 -1.946541  1.843844 1.84
1036 -0.102713 -1.949425  1.846712 1.85
1037 -0.102726 -1.950336  1.847610 1.85
1038 -0.102734 -1.949041  1.846308 1.85
1039 -0.102733 -1.945400  1.842668 1.84
1040 -0.102720 -1.939414  1.836694 1.84
1041 -0.102695 -1.931267  1.828572 1.83
1042 -0.102657 -1.921344  1.818687 1.82
1043 -0.102609 -1.910230  1.807622 1.81
1044 -0.102555 -1.898664  1.796109 1.80
1045 -0.102505 -1.887461  1.784955 1.78
1046 -0.102467 -1.877390  1.774923 1.77
1047 -0.102450 -1.869041  1.766591 1.77
1048 -0.102459 -1.862694  1.760236 1.76
1049 -0.102494 -1.858243  1.755748 1.76
1050 -0.102552 -1.855188  1.752636 1.75
1051 -0.102623 -1.852711  1.750088 1.75
1052 -0.102699 -1.849795  1.747095 1.75
1053 -0.102773 -1.845360  1.742587 1.74
1054 -0.102837 -1.838386  1.735548 1.74
1055 -0.102889 -1.828005  1.725117 1.73
1056 -0.102923 -1.813584  1.710662 1.71
1057 -0.102935 -1.794780  1.691845 1.69
1058 -0.102924 -1.771602  1.668678 1.67
1059 -0.102887 -1.744452  1.641565 1.64
1060 -0.102824 -1.714147  1.611323 1.61
1061 -0.102738 -1.681909  1.579171 1.58
1062 -0.102634 -1.649311  1.546678 1.55
1063 -0.102520 -1.618184  1.515665 1.52
1064 -0.102408 -1.590475  1.488068 1.49
1065 -0.102313 -1.568057  1.465744 1.47
1066 -0.102251 -1.552491  1.450240 1.45
1067 -0.102233 -1.544784  1.442550 1.44
1068 -0.102263 -1.545216  1.442953 1.44
1069 -0.102330 -1.553312  1.450981 1.45
1070 -0.102419 -1.567975  1.465556 1.47
1071 -0.102511 -1.587738  1.485227 1.49
1072 -0.102593 -1.611033  1.508440 1.51
1073 -0.102658 -1.636406  1.533748 1.53
1074 -0.102703 -1.662640  1.559937 1.56
1075 -0.102730 -1.688798  1.586068 1.59
1076 -0.102743 -1.714211  1.611468 1.61
1077 -0.102744 -1.738440  1.635696 1.64
1078 -0.102738 -1.761232  1.658494 1.66
1079 -0.102726 -1.782472  1.679746 1.68
1080 -0.102713 -1.802136  1.699424 1.70
1081 -0.102701 -1.820243  1.717542 1.72
1082 -0.102692 -1.836811  1.734119 1.73
1083 -0.102689 -1.851827  1.749138 1.75
1084 -0.102691 -1.865221  1.762530 1.76
1085 -0.102697 -1.876869  1.774172 1.77
1086 -0.102706 -1.886600  1.783894 1.78
1087 -0.102716 -1.894221  1.791505 1.79
1088 -0.102726 -1.899545  1.796819 1.80
1089 -0.102734 -1.902408  1.799674 1.80
1090 -0.102741 -1.902690  1.799949 1.80
1091 -0.102746 -1.900316  1.797570 1.80
1092 -0.102750 -1.895255  1.792505 1.79
1093 -0.102752 -1.887522  1.784770 1.78
1094 -0.102752 -1.877177  1.774425 1.77
1095 -0.102748 -1.864339  1.761591 1.76
1096 -0.102739 -1.849205  1.746466 1.75
1097 -0.102723 -1.832071  1.729348 1.73
1098 -0.102699 -1.813350  1.710651 1.71
1099 -0.102667 -1.793585  1.690918 1.69
1100 -0.102627 -1.773448  1.670821 1.67
1101 -0.102579 -1.753734  1.651155 1.65
1102 -0.102525 -1.735346  1.632821 1.63
1103 -0.102467 -1.719276  1.616810 1.62
1104 -0.102409 -1.706559  1.604150 1.60
1105 -0.102360 -1.698189  1.595829 1.60
1106 -0.102329 -1.694993  1.592664 1.59
1107 -0.102326 -1.697479  1.595152 1.60
1108 -0.102355 -1.705702  1.603347 1.60
1109 -0.102410 -1.719219  1.616809 1.62
1110 -0.102481 -1.737147  1.634665 1.63
1111 -0.102557 -1.758324  1.655767 1.66
1112 -0.102626 -1.781495  1.678870 1.68
1113 -0.102684 -1.805471  1.702787 1.70
1114 -0.102734 -1.829196  1.726462 1.73
1115 -0.102779 -1.851750  1.748971 1.75
1116 -0.102823 -1.872302  1.769479 1.77
1117 -0.102865 -1.890073  1.787208 1.79
1118 -0.102903 -1.904344  1.801441 1.80
1119 -0.102931 -1.914502  1.811571 1.81
1120 -0.102943 -1.920127  1.817184 1.82
1121 -0.102935 -1.921071  1.818136 1.82
1122 -0.102907 -1.917511  1.814604 1.81
1123 -0.102862 -1.909955  1.807093 1.81
1124 -0.102804 -1.899191  1.796387 1.80
1125 -0.102740 -1.886211  1.783471 1.78
1126 -0.102673 -1.872113  1.769440 1.77
1127 -0.102606 -1.858037  1.755431 1.76
1128 -0.102543 -1.845101  1.742558 1.74
1129 -0.102489 -1.834341  1.731852 1.73
1130 -0.102452 -1.826616  1.724163 1.72
1131 -0.102441 -1.822484  1.720043 1.72
1132 -0.102457 -1.822095  1.719638 1.72
1133 -0.102498 -1.825151  1.722653 1.72
1134 -0.102555 -1.830964  1.728409 1.73
1135 -0.102617 -1.838587  1.735970 1.74
1136 -0.102676 -1.846969  1.744292 1.74
1137 -0.102727 -1.855089  1.752362 1.75
1138 -0.102766 -1.862052  1.759286 1.76
1139 -0.102791 -1.867145  1.764354 1.76
1140 -0.102802 -1.869878  1.767076 1.77
1141 -0.102797 -1.869994  1.767197 1.77
1142 -0.102778 -1.867483  1.764705 1.76
1143 -0.102746 -1.862570  1.759824 1.76
1144 -0.102704 -1.855690  1.752986 1.75
1145 -0.102657 -1.847441  1.744785 1.74
1146 -0.102608 -1.838517  1.735909 1.74
1147 -0.102565 -1.829628  1.727063 1.73
1148 -0.102533 -1.821408  1.718875 1.72
1149 -0.102515 -1.814334  1.711819 1.71
1150 -0.102515 -1.808665  1.706150 1.71
1151 -0.102530 -1.804409  1.701879 1.70
1152 -0.102559 -1.801337  1.698778 1.70
1153 -0.102595 -1.799030  1.696435 1.70
1154 -0.102631 -1.796968  1.694336 1.69
1155 -0.102660 -1.794637  1.691976 1.69
1156 -0.102675 -1.791642  1.688967 1.69
1157 -0.102670 -1.787805  1.685135 1.69
1158 -0.102647 -1.783229  1.680582 1.68
1159 -0.102607 -1.778296  1.675689 1.68
1160 -0.102560 -1.773618  1.671058 1.67
1161 -0.102515 -1.769914  1.667399 1.67
1162 -0.102482 -1.767861  1.665379 1.67
1163 -0.102466 -1.767955  1.665488 1.67
1164 -0.102471 -1.770412  1.667942 1.67
1165 -0.102491 -1.775146  1.672655 1.67
1166 -0.102522 -1.781814  1.679292 1.68
1167 -0.102556 -1.789910  1.687354 1.69
1168 -0.102587 -1.798872  1.696285 1.70
1169 -0.102612 -1.808171  1.705559 1.71
1170 -0.102629 -1.817369  1.714740 1.71
1171 -0.102640 -1.826140  1.723500 1.72
1172 -0.102646 -1.834259  1.731613 1.73
1173 -0.102651 -1.841577  1.738927 1.74
1174 -0.102656 -1.847979  1.745323 1.75
1175 -0.102664 -1.853351  1.750687 1.75
1176 -0.102674 -1.857559  1.754885 1.75
1177 -0.102685 -1.860449  1.757763 1.76
1178 -0.102696 -1.861857  1.759161 1.76
1179 -0.102704 -1.861646  1.758941 1.76
1180 -0.102707 -1.859730  1.757023 1.76
1181 -0.102703 -1.856115  1.753411 1.75
1182 -0.102693 -1.850911  1.748219 1.75
1183 -0.102675 -1.844344  1.741669 1.74
1184 -0.102652 -1.836740  1.734088 1.73
1185 -0.102626 -1.828509  1.725882 1.73
1186 -0.102599 -1.820110  1.717511 1.72
1187 -0.102573 -1.812017  1.709444 1.71
1188 -0.102551 -1.804679  1.702128 1.70
1189 -0.102535 -1.798478  1.695944 1.70
1190 -0.102526 -1.793696  1.691170 1.69
1191 -0.102526 -1.790486  1.687959 1.69
1192 -0.102533 -1.788867  1.686334 1.69
1193 -0.102543 -1.788744  1.686200 1.69
1194 -0.102555 -1.789941  1.687386 1.69
1195 -0.102566 -1.792250  1.689685 1.69
1196 -0.102572 -1.795475  1.692903 1.69
1197 -0.102573 -1.799467  1.696894 1.70
1198 -0.102568 -1.804144  1.701576 1.70
1199 -0.102559 -1.809498  1.706939 1.71
1200 -0.102546 -1.815588  1.713042 1.71
1201 -0.102533 -1.822517  1.719985 1.72
1202 -0.102522 -1.830389  1.727867 1.73
1203 -0.102518 -1.839263  1.736745 1.74
1204 -0.102525 -1.849093  1.746569 1.75
1205 -0.102543 -1.859691  1.757148 1.76
1206 -0.102572 -1.870696  1.768124 1.77
1207 -0.102610 -1.881591  1.778981 1.78
1208 -0.102654 -1.891732  1.789079 1.79
1209 -0.102698 -1.900415  1.797717 1.80
1210 -0.102737 -1.906942  1.804205 1.80
1211 -0.102767 -1.910707  1.807941 1.81
1212 -0.102783 -1.911263  1.808480 1.81
1213 -0.102782 -1.908391  1.805609 1.81
1214 -0.102760 -1.902152  1.799391 1.80
1215 -0.102718 -1.892924  1.790205 1.79
1216 -0.102657 -1.881408  1.778752 1.78
1217 -0.102581 -1.868598  1.766016 1.77
1218 -0.102502 -1.855684  1.753182 1.75
1219 -0.102431 -1.843912  1.741481 1.74
1220 -0.102382 -1.834383  1.732002 1.73
1221 -0.102364 -1.827858  1.725494 1.73
1222 -0.102382 -1.824609  1.722227 1.72
1223 -0.102429 -1.824377  1.721948 1.72
1224 -0.102495 -1.826442  1.723947 1.72
1225 -0.102566 -1.829794  1.727228 1.73
1226 -0.102630 -1.833338  1.730708 1.73
1227 -0.102678 -1.836079  1.733401 1.73
1228 -0.102706 -1.837260  1.734554 1.73
1229 -0.102714 -1.836430  1.733716 1.73
1230 -0.102704 -1.833462  1.730759 1.73
1231 -0.102677 -1.828528  1.725851 1.73
1232 -0.102641 -1.822049  1.719409 1.72
1233 -0.102598 -1.814625  1.712027 1.71
1234 -0.102555 -1.806953  1.704398 1.70
1235 -0.102517 -1.799742  1.697225 1.70
1236 -0.102487 -1.793635  1.691148 1.69
1237 -0.102467 -1.789150  1.686683 1.69
1238 -0.102456 -1.786657  1.684202 1.68
1239 -0.102450 -1.786387  1.683937 1.68
1240 -0.102447 -1.788461  1.686014 1.69
1241 -0.102447 -1.792934  1.690488 1.69
1242 -0.102448 -1.799809  1.697361 1.70
1243 -0.102455 -1.809028  1.706574 1.71
1244 -0.102470 -1.820434  1.717964 1.72
1245 -0.102497 -1.833715  1.731217 1.73
1246 -0.102537 -1.848372  1.745835 1.75
1247 -0.102586 -1.863715  1.761129 1.76
1248 -0.102640 -1.878907  1.776267 1.78
1249 -0.102692 -1.893041  1.790349 1.79
1250 -0.102735 -1.905246  1.802511 1.80
1251 -0.102765 -1.914785  1.812020 1.81
1252 -0.102778 -1.921138  1.818359 1.82
1253 -0.102773 -1.924054  1.821281 1.82
1254 -0.102750 -1.923576  1.820826 1.82
1255 -0.102713 -1.920026  1.817313 1.82
1256 -0.102664 -1.913967  1.811303 1.81
1257 -0.102612 -1.906133  1.803522 1.80
1258 -0.102561 -1.897342  1.794781 1.79
1259 -0.102518 -1.888386  1.785867 1.79
1260 -0.102489 -1.879938  1.777449 1.78
1261 -0.102476 -1.872476  1.770000 1.77
1262 -0.102477 -1.866250  1.763773 1.76
1263 -0.102487 -1.861296  1.758809 1.76
1264 -0.102503 -1.857497  1.754994 1.75
1265 -0.102519 -1.854654  1.752135 1.75
1266 -0.102530 -1.852566  1.750036 1.75
1267 -0.102536 -1.851083  1.748547 1.75
1268 -0.102535 -1.850138  1.747603 1.75
1269 -0.102531 -1.849749  1.747218 1.75
1270 -0.102523 -1.849997  1.747474 1.75
1271 -0.102515 -1.851006  1.748491 1.75
1272 -0.102506 -1.852910  1.750404 1.75
1273 -0.102497 -1.855848  1.753351 1.75
1274 -0.102488 -1.859955  1.757468 1.76
1275 -0.102479 -1.865366  1.762887 1.76
1276 -0.102471 -1.872204  1.769733 1.77
1277 -0.102468 -1.880562  1.778094 1.78
1278 -0.102472 -1.890454  1.787983 1.79
1279 -0.102486 -1.901777  1.799291 1.80
1280 -0.102511 -1.914270  1.811760 1.81
1281 -0.102544 -1.927514  1.824971 1.82
1282 -0.102582 -1.940959  1.838377 1.84
1283 -0.102621 -1.953978  1.851357 1.85
1284 -0.102658 -1.965931  1.863274 1.86
1285 -0.102690 -1.976219  1.873529 1.87
1286 -0.102717 -1.984311  1.881594 1.88
1287 -0.102740 -1.989759  1.887019 1.89
1288 -0.102759 -1.992197  1.889437 1.89
1289 -0.102774 -1.991334  1.888559 1.89
1290 -0.102784 -1.986968  1.884184 1.88
1291 -0.102786 -1.979003  1.876217 1.88
1292 -0.102777 -1.967481  1.864704 1.86
1293 -0.102756 -1.952623  1.849867 1.85
1294 -0.102721 -1.934860  1.832140 1.83
1295 -0.102671 -1.914855  1.812184 1.81
1296 -0.102610 -1.893490  1.790880 1.79
1297 -0.102543 -1.871825  1.769281 1.77
1298 -0.102478 -1.851000  1.748521 1.75
1299 -0.102425 -1.832117  1.729692 1.73
1300 -0.102390 -1.816098  1.713709 1.71
1301 -0.102376 -1.803575  1.701199 1.70
1302 -0.102383 -1.794837  1.692454 1.69
1303 -0.102404 -1.789852  1.687448 1.69
1304 -0.102432 -1.788347  1.685915 1.69
1305 -0.102461 -1.789914  1.687453 1.69
1306 -0.102489 -1.794095  1.691606 1.69
1307 -0.102518 -1.800418  1.697900 1.70
1308 -0.102549 -1.808393  1.705844 1.71
1309 -0.102585 -1.817476  1.714891 1.71
1310 -0.102628 -1.827042  1.724414 1.72
1311 -0.102675 -1.836375  1.733700 1.73
1312 -0.102721 -1.844703  1.741982 1.74
1313 -0.102763 -1.851267  1.748503 1.75
1314 -0.102795 -1.855394  1.752599 1.75
1315 -0.102813 -1.856577  1.753764 1.75
1316 -0.102815 -1.854529  1.751714 1.75
1317 -0.102802 -1.849213  1.746411 1.75
1318 -0.102774 -1.840850  1.738076 1.74
1319 -0.102734 -1.829898  1.727164 1.73
1320 -0.102688 -1.817001  1.714313 1.71
1321 -0.102642 -1.802913  1.700272 1.70
1322 -0.102603 -1.788393  1.685789 1.69
1323 -0.102580 -1.774086  1.671506 1.67
1324 -0.102576 -1.760418  1.657842 1.66
1325 -0.102592 -1.747525  1.644933 1.64
1326 -0.102626 -1.735237  1.632611 1.63
1327 -0.102670 -1.723130  1.620460 1.62
1328 -0.102715 -1.710634  1.607919 1.61
1329 -0.102750 -1.697172  1.594422 1.59
1330 -0.102768 -1.682310  1.579542 1.58
1331 -0.102761 -1.665889  1.563128 1.56
1332 -0.102726 -1.648123  1.545398 1.55
1333 -0.102661 -1.629663  1.527002 1.53
1334 -0.102570 -1.611594  1.509023 1.51
1335 -0.102463 -1.595381  1.492919 1.49
1336 -0.102353 -1.582721  1.480368 1.48
1337 -0.102261 -1.575303  1.473042 1.47
1338 -0.102207 -1.574519  1.472313 1.47
1339 -0.102200 -1.581175  1.478975 1.48
1340 -0.102243 -1.595316  1.493073 1.49
1341 -0.102322 -1.616224  1.513902 1.51
1342 -0.102419 -1.642599  1.540180 1.54
1343 -0.102516 -1.672829  1.570313 1.57
1344 -0.102600 -1.705267  1.602667 1.60
1345 -0.102665 -1.738430  1.635765 1.64
1346 -0.102710 -1.771104  1.668394 1.67
1347 -0.102739 -1.802368  1.699629 1.70
1348 -0.102753 -1.831567  1.728814 1.73
1349 -0.102757 -1.858274  1.755517 1.76
1350 -0.102753 -1.882241  1.779488 1.78
1351 -0.102744 -1.903356  1.800612 1.80
1352 -0.102732 -1.921606  1.818874 1.82
1353 -0.102720 -1.937040  1.834320 1.83
1354 -0.102709 -1.949740  1.847031 1.85
1355 -0.102700 -1.959794  1.857095 1.86
1356 -0.102693 -1.967285  1.864592 1.86
1357 -0.102688 -1.972275  1.869587 1.87
1358 -0.102686 -1.974812  1.872126 1.87
1359 -0.102686 -1.974930  1.872244 1.87
1360 -0.102686 -1.972658  1.869972 1.87
1361 -0.102687 -1.968029  1.865342 1.87
1362 -0.102688 -1.961086  1.858398 1.86
1363 -0.102690 -1.951883  1.849193 1.85
1364 -0.102693 -1.940485  1.837792 1.84
1365 -0.102696 -1.926969  1.824273 1.82
1366 -0.102698 -1.911423  1.808725 1.81
1367 -0.102699 -1.893958  1.791259 1.79
1368 -0.102698 -1.874722  1.772024 1.77
1369 -0.102691 -1.853920  1.751228 1.75
1370 -0.102678 -1.831840  1.729162 1.73
1371 -0.102657 -1.808876  1.706219 1.71
1372 -0.102627 -1.785546  1.682919 1.68
1373 -0.102589 -1.762493  1.659904 1.66
1374 -0.102545 -1.740471  1.637926 1.64
1375 -0.102502 -1.720297  1.617795 1.62
1376 -0.102466 -1.702764  1.600298 1.60
1377 -0.102446 -1.688521  1.586075 1.59
1378 -0.102449 -1.677951  1.575502 1.58
1379 -0.102476 -1.671072  1.568596 1.57
1380 -0.102523 -1.667521  1.564999 1.56
1381 -0.102579 -1.666627  1.564049 1.56
1382 -0.102633 -1.667555  1.564922 1.56
1383 -0.102676 -1.669475  1.566800 1.57
1384 -0.102703 -1.671708  1.569005 1.57
1385 -0.102715 -1.673795  1.571080 1.57
1386 -0.102715 -1.675504  1.572790 1.57
1387 -0.102708 -1.676778  1.574070 1.57
1388 -0.102700 -1.677654  1.574954 1.57
1389 -0.102694 -1.678198  1.575504 1.58
1390 -0.102688 -1.678460  1.575772 1.58
1391 -0.102682 -1.678475  1.575793 1.58
1392 -0.102673 -1.678284  1.575611 1.58
1393 -0.102659 -1.677968  1.575309 1.58
1394 -0.102640 -1.677675  1.575035 1.58
1395 -0.102617 -1.677620  1.575003 1.58
1396 -0.102593 -1.678071  1.575478 1.58
1397 -0.102569 -1.679322  1.576753 1.58
1398 -0.102548 -1.681657  1.579109 1.58
1399 -0.102530 -1.685323  1.582792 1.58
1400 -0.102518 -1.690505  1.587987 1.59
1401 -0.102511 -1.697317  1.594806 1.59
1402 -0.102510 -1.705793  1.603283 1.60
1403 -0.102514 -1.715885  1.613371 1.61
1404 -0.102522 -1.727470  1.624948 1.62
1405 -0.102535 -1.740356  1.637822 1.64
1406 -0.102550 -1.754295  1.651745 1.65
1407 -0.102568 -1.768996  1.666428 1.67
1408 -0.102586 -1.784142  1.681556 1.68
1409 -0.102605 -1.799404  1.696798 1.70
1410 -0.102625 -1.814449  1.711824 1.71
1411 -0.102645 -1.828945  1.726300 1.73
1412 -0.102666 -1.842557  1.739890 1.74
1413 -0.102690 -1.854939  1.752250 1.75
1414 -0.102715 -1.865735  1.763021 1.76
1415 -0.102740 -1.874578  1.771838 1.77
1416 -0.102764 -1.881111  1.778348 1.78
1417 -0.102780 -1.885035  1.782255 1.78
1418 -0.102783 -1.886178  1.783395 1.78
1419 -0.102766 -1.884589  1.781823 1.78
1420 -0.102723 -1.880632  1.777909 1.78
1421 -0.102656 -1.875049  1.772393 1.77
1422 -0.102572 -1.868934  1.766362 1.77
1423 -0.102489 -1.863598  1.761109 1.76
1424 -0.102425 -1.860324  1.757899 1.76
1425 -0.102394 -1.860089  1.757695 1.76
1426 -0.102401 -1.863352  1.760950 1.76
1427 -0.102439 -1.869988  1.767549 1.77
1428 -0.102494 -1.879394  1.776900 1.78
1429 -0.102552 -1.890680  1.788128 1.79
1430 -0.102604 -1.902877  1.800273 1.80
1431 -0.102645 -1.915089  1.812443 1.81
1432 -0.102674 -1.926574  1.823901 1.82
1433 -0.102690 -1.936785  1.834095 1.83
1434 -0.102695 -1.945359  1.842664 1.84
1435 -0.102692 -1.952106  1.849414 1.85
1436 -0.102683 -1.956975  1.854292 1.85
1437 -0.102671 -1.960022  1.857350 1.86
1438 -0.102658 -1.961367  1.858709 1.86
1439 -0.102645 -1.961164  1.858518 1.86
1440 -0.102634 -1.959572  1.856938 1.86
1441 -0.102624 -1.956747  1.854123 1.85
1442 -0.102614 -1.952839  1.850225 1.85
1443 -0.102602 -1.948013  1.845412 1.85
1444 -0.102588 -1.942463  1.839875 1.84
1445 -0.102571 -1.936415  1.833844 1.83
1446 -0.102554 -1.930135  1.827581 1.83
1447 -0.102536 -1.923903  1.821367 1.82
1448 -0.102521 -1.917995  1.815474 1.82
1449 -0.102509 -1.912656  1.810147 1.81
1450 -0.102501 -1.908078  1.805578 1.81
1451 -0.102498 -1.904387  1.801890 1.80
1452 -0.102500 -1.901632  1.799132 1.80
1453 -0.102507 -1.899776  1.797268 1.80
1454 -0.102521 -1.898692  1.796171 1.80
1455 -0.102540 -1.898159  1.795619 1.80
1456 -0.102564 -1.897873  1.795309 1.80
1457 -0.102590 -1.897462  1.794872 1.79
1458 -0.102616 -1.896523  1.793907 1.79
1459 -0.102640 -1.894654  1.792015 1.79
1460 -0.102660 -1.891490  1.788829 1.79
1461 -0.102677 -1.886721  1.784044 1.78
1462 -0.102689 -1.880115  1.777426 1.78
1463 -0.102696 -1.871520  1.768823 1.77
1464 -0.102699 -1.860870  1.758171 1.76
1465 -0.102696 -1.848192  1.745496 1.75
1466 -0.102687 -1.833610  1.730923 1.73
1467 -0.102673 -1.817351  1.714679 1.71
1468 -0.102652 -1.799750  1.697098 1.70
1469 -0.102626 -1.781245  1.678619 1.68
1470 -0.102597 -1.762361  1.659765 1.66
1471 -0.102566 -1.743685  1.641118 1.64
1472 -0.102539 -1.725817  1.623279 1.62
1473 -0.102517 -1.709325  1.606808 1.61
1474 -0.102504 -1.694682  1.592179 1.59
1475 -0.102500 -1.682234  1.579735 1.58
1476 -0.102503 -1.672180  1.569677 1.57
1477 -0.102512 -1.664592  1.562081 1.56
1478 -0.102521 -1.659457  1.556936 1.56
1479 -0.102529 -1.656723  1.554194 1.55
1480 -0.102535 -1.656339  1.553804 1.55
1481 -0.102542 -1.658252  1.555710 1.56
1482 -0.102552 -1.662384  1.559832 1.56
1483 -0.102570 -1.668576  1.566006 1.57
1484 -0.102598 -1.676539  1.573941 1.57
1485 -0.102636 -1.685823  1.583187 1.58
1486 -0.102680 -1.695830  1.593150 1.59
1487 -0.102725 -1.705864  1.603140 1.60
1488 -0.102765 -1.715221  1.612455 1.61
1489 -0.102795 -1.723275  1.620480 1.62
1490 -0.102810 -1.729580  1.626770 1.63
1491 -0.102806 -1.733932  1.631126 1.63
1492 -0.102782 -1.736428  1.633647 1.63
1493 -0.102739 -1.737488  1.634749 1.63
1494 -0.102682 -1.737830  1.635148 1.64
1495 -0.102622 -1.738386  1.635764 1.64
1496 -0.102572 -1.740139  1.637567 1.64
1497 -0.102546 -1.743911  1.641366 1.64
1498 -0.102549 -1.750170  1.647621 1.65
1499 -0.102584 -1.758904  1.656320 1.66
1500 -0.102644 -1.769610  1.666965 1.67
1501 -0.102720 -1.781375  1.678654 1.68
1502 -0.102801 -1.793020  1.690219 1.69
1503 -0.102873 -1.803281  1.700408 1.70
1504 -0.102923 -1.811017  1.708094 1.71
1505 -0.102939 -1.815426  1.712487 1.71
1506 -0.102915 -1.816226  1.713311 1.71
1507 -0.102854 -1.813747  1.710892 1.71
1508 -0.102769 -1.808885  1.706116 1.71
1509 -0.102679 -1.802913  1.700234 1.70
1510 -0.102609 -1.797173  1.694564 1.69
1511 -0.102578 -1.792728  1.690150 1.69
1512 -0.102594 -1.790084  1.687490 1.69
1513 -0.102653 -1.789055  1.686402 1.69
1514 -0.102741 -1.788822  1.686081 1.69
1515 -0.102835 -1.788158  1.685323 1.69
1516 -0.102913 -1.785753  1.682840 1.68
1517 -0.102954 -1.780556  1.677602 1.68
1518 -0.102943 -1.772086  1.669143 1.67
1519 -0.102875 -1.760645  1.657770 1.66
1520 -0.102758 -1.747386  1.644628 1.64
1521 -0.102618 -1.734161  1.631543 1.63
1522 -0.102497 -1.723112  1.620615 1.62
1523 -0.102434 -1.716062  1.613628 1.61
1524 -0.102446 -1.713947  1.611501 1.61
1525 -0.102521 -1.716545  1.614024 1.61
1526 -0.102627 -1.722651  1.620024 1.62
1527 -0.102727 -1.730561  1.627834 1.63
1528 -0.102799 -1.738602  1.635804 1.64
1529 -0.102835 -1.745491  1.642656 1.64
1530 -0.102839 -1.750469  1.647630 1.65
1531 -0.102817 -1.753280  1.650463 1.65
1532 -0.102775 -1.754089  1.651314 1.65
1533 -0.102721 -1.753384  1.650663 1.65
1534 -0.102662 -1.751868  1.649206 1.65
1535 -0.102605 -1.750347  1.647742 1.65
1536 -0.102558 -1.749602  1.647043 1.65
1537 -0.102527 -1.750267  1.647740 1.65
1538 -0.102512 -1.752755  1.650243 1.65
1539 -0.102511 -1.757231  1.654720 1.65
1540 -0.102518 -1.763656  1.661138 1.66
1541 -0.102528 -1.771856  1.669328 1.67
1542 -0.102539 -1.781596  1.679057 1.68
1543 -0.102551 -1.792621  1.690070 1.69
1544 -0.102564 -1.804661  1.702097 1.70
1545 -0.102582 -1.817413  1.714830 1.71
1546 -0.102608 -1.830504  1.727896 1.73
1547 -0.102641 -1.843469  1.740828 1.74
1548 -0.102681 -1.855739  1.753058 1.75
1549 -0.102726 -1.866663  1.763937 1.76
1550 -0.102771 -1.875544  1.772773 1.77
1551 -0.102812 -1.881703  1.778891 1.78
1552 -0.102845 -1.884552  1.781707 1.78
1553 -0.102865 -1.883667  1.780802 1.78
1554 -0.102867 -1.878858  1.775990 1.78
1555 -0.102850 -1.870224  1.767374 1.77
1556 -0.102813 -1.858187  1.755374 1.76
1557 -0.102756 -1.843504  1.740748 1.74
1558 -0.102680 -1.827256  1.724576 1.72
1559 -0.102589 -1.810818  1.708229 1.71
1560 -0.102491 -1.795783  1.693292 1.69
1561 -0.102400 -1.783820  1.681419 1.68
1562 -0.102339 -1.776438  1.674099 1.67
1563 -0.102329 -1.774657  1.672329 1.67
1564 -0.102381 -1.778679  1.676298 1.68
1565 -0.102487 -1.787727  1.685240 1.69
1566 -0.102619 -1.800177  1.697557 1.70
1567 -0.102745 -1.813950  1.711205 1.71
1568 -0.102838 -1.827019  1.724181 1.72
1569 -0.102885 -1.837810  1.734925 1.73
1570 -0.102891 -1.845401  1.742510 1.74
1571 -0.102865 -1.849502  1.746636 1.75
1572 -0.102823 -1.850307  1.747484 1.75
1573 -0.102774 -1.848309  1.745535 1.75
1574 -0.102727 -1.844126  1.741399 1.74
1575 -0.102686 -1.838384  1.735698 1.74
1576 -0.102651 -1.831658  1.729007 1.73
1577 -0.102622 -1.824451  1.721829 1.72
1578 -0.102598 -1.817195  1.714597 1.71
1579 -0.102578 -1.810261  1.707683 1.71
1580 -0.102561 -1.803968  1.701406 1.70
1581 -0.102546 -1.798592  1.696046 1.70
1582 -0.102531 -1.794387  1.691856 1.69
1583 -0.102514 -1.791601  1.689087 1.69
1584 -0.102496 -1.790494  1.687998 1.69
1585 -0.102478 -1.791334  1.688855 1.69
1586 -0.102466 -1.794357  1.691891 1.69
1587 -0.102465 -1.799698  1.697233 1.70
1588 -0.102480 -1.807307  1.704827 1.70
1589 -0.102511 -1.816883  1.714372 1.71
1590 -0.102555 -1.827867  1.725312 1.73
1591 -0.102604 -1.839504  1.736900 1.74
1592 -0.102649 -1.850954  1.748305 1.75
1593 -0.102684 -1.861424  1.758740 1.76
1594 -0.102704 -1.870278  1.767573 1.77
1595 -0.102709 -1.877101  1.774392 1.77
1596 -0.102700 -1.881719  1.779019 1.78
1597 -0.102682 -1.884167  1.781485 1.78
1598 -0.102659 -1.884639  1.781979 1.78
1599 -0.102634 -1.883429  1.780795 1.78
1600 -0.102610 -1.880878  1.778268 1.78
1601 -0.102588 -1.877331  1.774743 1.77
1602 -0.102571 -1.873106  1.770535 1.77
1603 -0.102557 -1.868474  1.765917 1.77
1604 -0.102547 -1.863656  1.761108 1.76
1605 -0.102541 -1.858813  1.756272 1.76
1606 -0.102539 -1.854055  1.751516 1.75
1607 -0.102541 -1.849434  1.746894 1.75
1608 -0.102546 -1.844948  1.742401 1.74
1609 -0.102556 -1.840534  1.737977 1.74
1610 -0.102569 -1.836072  1.733503 1.73
1611 -0.102584 -1.831396  1.728811 1.73
1612 -0.102599 -1.826314  1.723715 1.72
1613 -0.102610 -1.820652  1.718042 1.72
1614 -0.102615 -1.814291  1.711676 1.71
1615 -0.102611 -1.807217  1.704606 1.70
1616 -0.102597 -1.799547  1.696950 1.70
1617 -0.102574 -1.791548  1.688974 1.69
1618 -0.102543 -1.783629  1.681085 1.68
1619 -0.102508 -1.776310  1.673802 1.67
1620 -0.102471 -1.770182  1.667711 1.67
1621 -0.102438 -1.765839  1.663401 1.66
1622 -0.102413 -1.763811  1.661398 1.66
1623 -0.102401 -1.764488  1.662087 1.66
1624 -0.102404 -1.768056  1.665651 1.67
1625 -0.102425 -1.774449  1.672025 1.67
1626 -0.102460 -1.783337  1.680877 1.68
1627 -0.102507 -1.794144  1.691636 1.69
1628 -0.102560 -1.806106  1.703545 1.70
1629 -0.102613 -1.818362  1.715750 1.72
1630 -0.102659 -1.830054  1.727395 1.73
1631 -0.102694 -1.840413  1.737720 1.74
1632 -0.102715 -1.848839  1.746124 1.75
1633 -0.102721 -1.854940  1.752219 1.75
1634 -0.102713 -1.858559  1.755846 1.76
1635 -0.102692 -1.859764  1.757071 1.76
1636 -0.102662 -1.858822  1.756160 1.76
1637 -0.102628 -1.856150  1.753522 1.75
1638 -0.102596 -1.852237  1.749641 1.75
1639 -0.102571 -1.847557  1.744986 1.74
1640 -0.102559 -1.842479  1.739920 1.74
1641 -0.102560 -1.837198  1.734638 1.73
1642 -0.102573 -1.831714  1.729142 1.73
1643 -0.102591 -1.825865  1.723274 1.72
1644 -0.102610 -1.819398  1.716788 1.72
1645 -0.102621 -1.812072  1.709451 1.71
1646 -0.102621 -1.803751  1.701130 1.70
1647 -0.102608 -1.794469  1.691861 1.69
1648 -0.102585 -1.784450  1.681865 1.68
1649 -0.102555 -1.774083  1.671528 1.67
1650 -0.102524 -1.763862  1.661338 1.66
1651 -0.102499 -1.754292  1.651793 1.65
1652 -0.102486 -1.745794  1.643307 1.64
1653 -0.102489 -1.738614  1.636125 1.64
1654 -0.102507 -1.732776  1.630269 1.63
1655 -0.102539 -1.728073  1.625534 1.63
1656 -0.102581 -1.724095  1.621514 1.62
1657 -0.102626 -1.720298  1.617672 1.62
1658 -0.102670 -1.716084  1.613414 1.61
1659 -0.102705 -1.710892  1.608187 1.61
1660 -0.102726 -1.704298  1.601572 1.60
1661 -0.102727 -1.696104  1.593377 1.59
1662 -0.102706 -1.686414  1.583708 1.58
1663 -0.102665 -1.675665  1.573000 1.57
1664 -0.102609 -1.664598  1.561989 1.56
1665 -0.102550 -1.654156  1.551606 1.55
1666 -0.102498 -1.645331  1.542833 1.54
1667 -0.102464 -1.638986  1.536522 1.54
1668 -0.102451 -1.635716  1.533265 1.53
1669 -0.102458 -1.635778  1.533320 1.53
1670 -0.102478 -1.639118  1.536639 1.54
1671 -0.102503 -1.645462  1.542960 1.54
1672 -0.102524 -1.654449  1.551925 1.55
1673 -0.102538 -1.665733  1.563195 1.56
1674 -0.102547 -1.679039  1.576492 1.58
1675 -0.102555 -1.694146  1.591591 1.59
1676 -0.102569 -1.710824  1.608256 1.61
1677 -0.102590 -1.728760  1.626170 1.63
1678 -0.102620 -1.747508  1.644889 1.64
1679 -0.102654 -1.766501  1.663847 1.66
1680 -0.102687 -1.785099  1.682412 1.68
1681 -0.102713 -1.802678  1.699965 1.70
1682 -0.102729 -1.818716  1.715987 1.72
1683 -0.102732 -1.832850  1.730118 1.73
1684 -0.102725 -1.844905  1.742180 1.74
1685 -0.102709 -1.854878  1.752169 1.75
1686 -0.102689 -1.862898  1.760209 1.76
1687 -0.102670 -1.869165  1.766495 1.77
1688 -0.102655 -1.873888  1.771233 1.77
1689 -0.102645 -1.877235  1.774590 1.77
1690 -0.102642 -1.879300  1.776657 1.78
1691 -0.102646 -1.880090  1.777444 1.78
1692 -0.102653 -1.879539  1.776886 1.78
1693 -0.102663 -1.877531  1.774868 1.77
1694 -0.102672 -1.873932  1.771260 1.77
1695 -0.102679 -1.868626  1.765947 1.77
1696 -0.102682 -1.861551  1.758870 1.76
1697 -0.102677 -1.852734  1.750057 1.75
1698 -0.102663 -1.842319  1.739656 1.74
1699 -0.102640 -1.830598  1.727958 1.73
1700 -0.102607 -1.818013  1.715407 1.72
1701 -0.102568 -1.805150  1.702583 1.70
1702 -0.102526 -1.792691  1.690165 1.69
1703 -0.102487 -1.781349  1.678861 1.68
1704 -0.102458 -1.771779  1.669322 1.67
1705 -0.102442 -1.764498  1.662057 1.66
1706 -0.102441 -1.759813  1.657372 1.66
1707 -0.102456 -1.757789  1.655334 1.66
1708 -0.102485 -1.758248  1.655763 1.66
1709 -0.102526 -1.760789  1.658263 1.66
1710 -0.102577 -1.764824  1.662246 1.66
1711 -0.102637 -1.769613  1.666975 1.67
1712 -0.102705 -1.774296  1.671591 1.67
1713 -0.102777 -1.777928  1.675151 1.68
1714 -0.102852 -1.779513  1.676661 1.68
1715 -0.102923 -1.778067  1.675145 1.68
1716 -0.102980 -1.772717  1.669738 1.67
1717 -0.103007 -1.762860  1.659852 1.66
1718 -0.102989 -1.748382  1.645392 1.65
1719 -0.102911 -1.729900  1.626989 1.63
1720 -0.102773 -1.708932  1.606158 1.61
1721 -0.102599 -1.687850  1.585251 1.59
1722 -0.102434 -1.669502  1.567068 1.57
1723 -0.102331 -1.656520  1.554189 1.55
1724 -0.102323 -1.650546  1.548223 1.55
1725 -0.102401 -1.651762  1.549360 1.55
1726 -0.102526 -1.658982  1.556456 1.56
1727 -0.102643 -1.670258  1.567614 1.57
1728 -0.102717 -1.683641  1.580924 1.58
1729 -0.102736 -1.697755  1.595020 1.60
1730 -0.102710 -1.711992  1.609283 1.61
1731 -0.102659 -1.726398  1.623739 1.62
1732 -0.102605 -1.741399  1.638794 1.64
1733 -0.102561 -1.757516  1.654956 1.65
1734 -0.102537 -1.775137  1.672600 1.67
1735 -0.102536 -1.794378  1.691842 1.69
1736 -0.102556 -1.815035  1.712479 1.71
1737 -0.102592 -1.836609  1.734017 1.73
1738 -0.102636 -1.858379  1.755743 1.76
1739 -0.102681 -1.879519  1.776838 1.78
1740 -0.102722 -1.899204  1.796483 1.80
1741 -0.102754 -1.916702  1.813948 1.81
1742 -0.102777 -1.931427  1.828650 1.83
1743 -0.102792 -1.942962  1.840170 1.84
1744 -0.102801 -1.951048  1.848247 1.85
1745 -0.102804 -1.955563  1.852758 1.85
1746 -0.102801 -1.956513  1.853712 1.85
1747 -0.102788 -1.954050  1.851262 1.85
1748 -0.102758 -1.948523  1.845764 1.85
1749 -0.102705 -1.940562  1.837857 1.84
1750 -0.102625 -1.931167  1.828543 1.83
1751 -0.102523 -1.921729  1.819206 1.82
1752 -0.102416 -1.913929  1.811514 1.81
1753 -0.102326 -1.909486  1.807160 1.81
1754 -0.102279 -1.909796  1.807517 1.81
1755 -0.102285 -1.915588  1.813303 1.81
1756 -0.102342 -1.926739  1.824397 1.82
1757 -0.102436 -1.942310  1.839875 1.84
1758 -0.102544 -1.960774  1.858230 1.86
1759 -0.102647 -1.980330  1.877683 1.88
1760 -0.102732 -1.999215  1.896483 1.90
1761 -0.102790 -2.015924  1.913134 1.91
1762 -0.102820 -2.029340  1.926520 1.93
1763 -0.102825 -2.038770  1.935945 1.94
1764 -0.102810 -2.043917  1.941107 1.94
1765 -0.102779 -2.044822  1.942043 1.94
1766 -0.102738 -2.041784  1.939046 1.94
1767 -0.102692 -2.035293  1.932602 1.93
1768 -0.102643 -2.025958  1.923315 1.92
1769 -0.102594 -2.014452  1.911858 1.91
1770 -0.102549 -2.001467  1.898919 1.90
1771 -0.102508 -1.987675  1.885167 1.89
1772 -0.102473 -1.973692  1.871219 1.87
1773 -0.102447 -1.960052  1.857605 1.86
1774 -0.102429 -1.947180  1.844750 1.84
1775 -0.102422 -1.935369  1.832947 1.83
1776 -0.102426 -1.924766  1.822339 1.82
1777 -0.102441 -1.915356  1.812915 1.81
1778 -0.102464 -1.906973  1.804509 1.80
1779 -0.102495 -1.899318  1.796823 1.80
1780 -0.102530 -1.891991  1.789462 1.79
1781 -0.102564 -1.884543  1.781979 1.78
1782 -0.102596 -1.876526  1.773930 1.77
1783 -0.102621 -1.867544  1.764923 1.76
1784 -0.102639 -1.857296  1.754657 1.75
1785 -0.102648 -1.845607  1.742960 1.74
1786 -0.102646 -1.832451  1.729805 1.73
1787 -0.102633 -1.817960  1.715326 1.72
1788 -0.102610 -1.802435  1.699826 1.70
1789 -0.102575 -1.786350  1.683775 1.68
1790 -0.102530 -1.770337  1.667807 1.67
1791 -0.102479 -1.755172  1.652693 1.65
1792 -0.102426 -1.741718  1.639291 1.64
1793 -0.102379 -1.730841  1.628462 1.63
1794 -0.102347 -1.723300  1.620953 1.62
1795 -0.102337 -1.719610  1.617274 1.62
1796 -0.102353 -1.719938  1.617585 1.62
1797 -0.102395 -1.724030  1.621635 1.62
1798 -0.102459 -1.731226  1.628767 1.63
1799 -0.102535 -1.740536  1.638001 1.64
1800 -0.102615 -1.750773  1.648157 1.65
1801 -0.102692 -1.760684  1.657993 1.66
1802 -0.102759 -1.769082  1.666323 1.67
1803 -0.102814 -1.774927  1.672113 1.67
1804 -0.102856 -1.777390  1.674535 1.67
1805 -0.102881 -1.775892  1.673011 1.67
1806 -0.102887 -1.770134  1.667247 1.67
1807 -0.102872 -1.760146  1.657275 1.66
1808 -0.102830 -1.746330  1.643500 1.64
1809 -0.102760 -1.729512  1.626752 1.63
1810 -0.102664 -1.710962  1.608299 1.61
1811 -0.102553 -1.692335  1.589781 1.59
1812 -0.102450 -1.675476  1.573025 1.57
1813 -0.102382 -1.662089  1.559707 1.56
1814 -0.102370 -1.653329  1.550958 1.55
1815 -0.102421 -1.649473  1.547053 1.55
1816 -0.102517 -1.649857  1.547340 1.55
1817 -0.102630 -1.653099  1.550469 1.55
1818 -0.102729 -1.657538  1.554809 1.55
1819 -0.102796 -1.661678  1.558882 1.56
1820 -0.102821 -1.664499  1.561678 1.56
1821 -0.102804 -1.665600  1.562796 1.56
1822 -0.102751 -1.665205  1.562453 1.56
1823 -0.102670 -1.664090  1.561420 1.56
1824 -0.102574 -1.663456  1.560882 1.56
1825 -0.102483 -1.664711  1.562229 1.56
1826 -0.102420 -1.669164  1.566743 1.57
1827 -0.102408 -1.677658  1.575250 1.58
1828 -0.102450 -1.690275  1.587825 1.59
1829 -0.102534 -1.706264  1.603730 1.60
1830 -0.102635 -1.724225  1.621590 1.62
1831 -0.102727 -1.742485  1.639757 1.64
1832 -0.102797 -1.759463  1.656667 1.66
1833 -0.102840 -1.773917  1.671077 1.67
1834 -0.102862 -1.785005  1.682143 1.68
1835 -0.102871 -1.792240  1.689369 1.69
1836 -0.102873 -1.795384  1.692511 1.69
1837 -0.102872 -1.794364  1.691491 1.69
1838 -0.102865 -1.789235  1.686370 1.69
1839 -0.102842 -1.780230  1.677387 1.68
1840 -0.102792 -1.767874  1.665081 1.67
1841 -0.102705 -1.753149  1.650444 1.65
1842 -0.102578 -1.737620  1.635042 1.64
1843 -0.102428 -1.723416  1.620988 1.62
1844 -0.102290 -1.712953  1.610664 1.61
1845 -0.102206 -1.708398  1.606192 1.61
1846 -0.102205 -1.711038  1.608833 1.61
1847 -0.102284 -1.720878  1.618594 1.62
1848 -0.102414 -1.736670  1.634257 1.63
1849 -0.102555 -1.756340  1.653785 1.65
1850 -0.102679 -1.777563  1.674883 1.67
1851 -0.102772 -1.798224  1.695452 1.70
1852 -0.102832 -1.816665  1.713833 1.71
1853 -0.102864 -1.831732  1.728868 1.73
1854 -0.102874 -1.842726  1.739851 1.74
1855 -0.102869 -1.849318  1.746449 1.75
1856 -0.102851 -1.851474  1.748622 1.75
1857 -0.102825 -1.849390  1.746566 1.75
1858 -0.102791 -1.843453  1.740662 1.74
1859 -0.102751 -1.834198  1.731447 1.73
1860 -0.102707 -1.822283  1.719576 1.72
1861 -0.102660 -1.808459  1.705799 1.71
1862 -0.102609 -1.793548  1.690938 1.69
1863 -0.102556 -1.778429  1.675873 1.68
1864 -0.102501 -1.764027  1.661526 1.66
1865 -0.102448 -1.751283  1.648835 1.65
1866 -0.102406 -1.741086  1.638680 1.64
1867 -0.102385 -1.734153  1.631768 1.63
1868 -0.102397 -1.730860  1.628463 1.63
1869 -0.102447 -1.731092  1.628645 1.63
1870 -0.102531 -1.734169  1.631638 1.63
1871 -0.102635 -1.738915  1.636280 1.64
1872 -0.102740 -1.743857  1.641117 1.64
1873 -0.102829 -1.747495  1.644666 1.64
1874 -0.102886 -1.748580  1.645694 1.65
1875 -0.102904 -1.746329  1.643425 1.64
1876 -0.102880 -1.740551  1.637671 1.64
1877 -0.102816 -1.731688  1.628872 1.63
1878 -0.102721 -1.720774  1.618053 1.62
1879 -0.102608 -1.709305  1.606697 1.61
1880 -0.102493 -1.699043  1.596550 1.60
1881 -0.102394 -1.691762  1.589368 1.59
1882 -0.102325 -1.688984  1.586659 1.59
1883 -0.102298 -1.691744  1.589446 1.59
1884 -0.102313 -1.700438  1.598126 1.60
1885 -0.102365 -1.714795  1.612430 1.61
1886 -0.102444 -1.733947  1.631503 1.63
1887 -0.102535 -1.756600  1.654065 1.65
1888 -0.102626 -1.781236  1.678611 1.68
1889 -0.102705 -1.806320  1.703615 1.70
1890 -0.102765 -1.830471  1.727706 1.73
1891 -0.102802 -1.852584  1.749781 1.75
1892 -0.102818 -1.871887  1.769069 1.77
1893 -0.102815 -1.887944  1.785129 1.79
1894 -0.102800 -1.900612  1.797812 1.80
1895 -0.102778 -1.909959  1.807180 1.81
1896 -0.102756 -1.916174  1.813417 1.81
1897 -0.102738 -1.919478  1.816740 1.82
1898 -0.102726 -1.920064  1.817338 1.82
1899 -0.102719 -1.918064  1.815345 1.82
1900 -0.102713 -1.913564  1.810850 1.81
1901 -0.102706 -1.906645  1.803940 1.80
1902 -0.102693 -1.897439  1.794746 1.79
1903 -0.102672 -1.886171  1.783499 1.78
1904 -0.102644 -1.873190  1.770546 1.77
1905 -0.102610 -1.858962  1.756352 1.76
1906 -0.102576 -1.844034  1.741458 1.74
1907 -0.102543 -1.828978  1.726434 1.73
1908 -0.102518 -1.814328  1.711811 1.71
1909 -0.102502 -1.800521  1.698019 1.70
1910 -0.102497 -1.787851  1.685354 1.69
1911 -0.102502 -1.776451  1.673949 1.67
1912 -0.102516 -1.766297  1.663782 1.66
1913 -0.102535 -1.757237  1.654702 1.65
1914 -0.102556 -1.749031  1.646475 1.65
1915 -0.102575 -1.741412  1.638836 1.64
1916 -0.102589 -1.734142  1.631554 1.63
1917 -0.102593 -1.727071  1.624478 1.62
1918 -0.102588 -1.720172  1.617584 1.62
1919 -0.102573 -1.713563  1.610990 1.61
1920 -0.102550 -1.707499  1.604948 1.60
1921 -0.102525 -1.702334  1.599810 1.60
1922 -0.102499 -1.698471  1.595972 1.60
1923 -0.102478 -1.696296  1.593818 1.59
1924 -0.102464 -1.696127  1.593662 1.59
1925 -0.102458 -1.698167  1.595709 1.60
1926 -0.102460 -1.702494  1.600035 1.60
1927 -0.102467 -1.709065  1.606598 1.61
1928 -0.102478 -1.717737  1.615259 1.62
1929 -0.102491 -1.728300  1.625809 1.63
1930 -0.102504 -1.740512  1.638008 1.64
1931 -0.102516 -1.754116  1.651601 1.65
1932 -0.102526 -1.768869  1.666343 1.67
1933 -0.102534 -1.784542  1.682008 1.68
1934 -0.102541 -1.800931  1.698390 1.70
1935 -0.102546 -1.817852  1.715306 1.72
1936 -0.102550 -1.835142  1.732591 1.73
1937 -0.102555 -1.852641  1.750086 1.75
1938 -0.102561 -1.870185  1.767624 1.77
1939 -0.102570 -1.887582  1.785012 1.79
1940 -0.102583 -1.904599  1.802016 1.80
1941 -0.102600 -1.920948  1.818347 1.82
1942 -0.102622 -1.936280  1.833659 1.83
1943 -0.102645 -1.950200  1.847554 1.85
1944 -0.102671 -1.962275  1.859605 1.86
1945 -0.102695 -1.972072  1.869377 1.87
1946 -0.102717 -1.979178  1.876461 1.88
1947 -0.102736 -1.983231  1.880495 1.88
1948 -0.102750 -1.983939  1.881188 1.88
1949 -0.102761 -1.981091  1.878331 1.88
1950 -0.102767 -1.974565  1.871798 1.87
1951 -0.102770 -1.964322  1.861552 1.86
1952 -0.102769 -1.950410  1.847642 1.85
1953 -0.102762 -1.932969  1.830207 1.83
1954 -0.102749 -1.912240  1.809491 1.81
1955 -0.102727 -1.888594  1.785867 1.79
1956 -0.102692 -1.862566  1.759873 1.76
1957 -0.102643 -1.834895  1.732252 1.73
1958 -0.102579 -1.806548  1.703968 1.70
1959 -0.102506 -1.778700  1.676194 1.68
1960 -0.102433 -1.752653  1.650220 1.65
1961 -0.102373 -1.729683  1.627310 1.63
1962 -0.102338 -1.710845  1.608507 1.61
1963 -0.102334 -1.696788  1.594454 1.59
1964 -0.102361 -1.687659  1.585298 1.59
1965 -0.102409 -1.683118  1.580709 1.58
1966 -0.102470 -1.682453  1.579983 1.58
1967 -0.102533 -1.684734  1.582201 1.58
1968 -0.102593 -1.688956  1.586363 1.59
1969 -0.102645 -1.694139  1.591494 1.59
1970 -0.102688 -1.699393  1.596705 1.60
1971 -0.102720 -1.703968  1.601249 1.60
1972 -0.102738 -1.707284  1.604546 1.60
1973 -0.102744 -1.708961  1.606217 1.61
1974 -0.102738 -1.708825  1.606087 1.61
1975 -0.102722 -1.706895  1.604173 1.60
1976 -0.102699 -1.703354  1.600656 1.60
1977 -0.102671 -1.698511  1.595840 1.60
1978 -0.102641 -1.692756  1.590115 1.59
1979 -0.102611 -1.686525  1.583914 1.58
1980 -0.102582 -1.680272  1.577691 1.58
1981 -0.102554 -1.674444  1.571890 1.57
1982 -0.102530 -1.669466  1.566936 1.57
1983 -0.102509 -1.665723  1.563214 1.56
1984 -0.102491 -1.663554  1.561063 1.56
1985 -0.102477 -1.663241  1.560763 1.56
1986 -0.102468 -1.665003  1.562535 1.56
1987 -0.102462 -1.668996  1.566534 1.57
1988 -0.102460 -1.675311  1.572851 1.57
1989 -0.102462 -1.683975  1.581513 1.58
1990 -0.102468 -1.694949  1.592481 1.59
1991 -0.102478 -1.708127  1.605649 1.61
1992 -0.102493 -1.723337  1.620844 1.62
1993 -0.102511 -1.740336  1.637825 1.64
1994 -0.102532 -1.758817  1.656285 1.66
1995 -0.102556 -1.778416  1.675860 1.68
1996 -0.102581 -1.798726  1.696145 1.70
1997 -0.102606 -1.819320  1.716715 1.72
1998 -0.102627 -1.839780  1.737153 1.74
1999 -0.102644 -1.859726  1.757082 1.76
