#Step   Etot   PotE Ktot  T
0 -0.994606 -2.636840  1.642234 1.64
1 -0.994608 -2.633036  1.638428 1.64
2 -0.994612 -2.626673  1.632062 1.63
3 -0.994617 -2.617714  1.623096 1.62
4 -0.994624 -2.606102  1.611478 1.61
5 -0.994632 -2.591772  1.597140 1.60
6 -0.994641 -2.574647  1.580006 1.58
7 -0.994651 -2.554647  1.559996 1.56
8 -0.994660 -2.531694  1.537034 1.54
9 -0.994668 -2.505721  1.511053 1.51
10 -0.994675 -2.476682  1.482006 1.48
11 -0.994680 -2.444559  1.449879 1.45
12 -0.994681 -2.409382  1.414701 1.41
13 -0.994678 -2.371235  1.376557 1.38
14 -0.994669 -2.330279  1.335610 1.34
15 -0.994654 -2.286760  1.292107 1.29
16 -0.994631 -2.241028  1.246397 1.25
17 -0.994600 -2.193542  1.198941 1.20
18 -0.994562 -2.144881  1.150319 1.15
19 -0.994516 -2.095741  1.101226 1.10
20 -0.994464 -2.046924  1.052460 1.05
21 -0.994408 -1.999314  1.004906 1.00
22 -0.994350 -1.953850  0.959500 0.96
23 -0.994294 -1.911483  0.917189 0.92
24 -0.994244 -1.873121  0.878877 0.88
25 -0.994202 -1.839584  0.845382 0.85
26 -0.994171 -1.811547  0.817376 0.82
27 -0.994154 -1.789501  0.795347 0.80
28 -0.994152 -1.773721  0.779569 0.78
29 -0.994164 -1.764250  0.770086 0.77
30 -0.994189 -1.760905  0.766716 0.77
31 -0.994225 -1.763291  0.769066 0.77
32 -0.994270 -1.770834  0.776564 0.78
33 -0.994321 -1.782821  0.788500 0.79
34 -0.994375 -1.798442  0.804067 0.80
35 -0.994429 -1.816837  0.822408 0.82
36 -0.994480 -1.837136  0.842656 0.84
37 -0.994528 -1.858494  0.863966 0.86
38 -0.994571 -1.880124  0.885553 0.89
39 -0.994608 -1.901314  0.906706 0.91
40 -0.994638 -1.921452  0.926815 0.93
41 -0.994660 -1.940032  0.945372 0.95
42 -0.994675 -1.956664  0.961988 0.96
43 -0.994683 -1.971076  0.976394 0.98
44 -0.994683 -1.983120  0.988437 0.99
45 -0.994676 -1.992763  0.998087 1.00
46 -0.994663 -2.000084  1.005421 1.01
47 -0.994644 -2.005266  1.010622 1.01
48 -0.994621 -2.008582  1.013961 1.01
49 -0.994595 -2.010376  1.015781 1.02
50 -0.994568 -2.011042  1.016475 1.02
51 -0.994540 -2.011000  1.016459 1.02
52 -0.994515 -2.010665  1.016150 1.02
53 -0.994494 -2.010425  1.015931 1.02
54 -0.994478 -2.010612  1.016134 1.02
55 -0.994467 -2.011483  1.017016 1.02
56 -0.994463 -2.013209  1.018746 1.02
57 -0.994464 -2.015870  1.021406 1.02
58 -0.994470 -2.019460  1.024990 1.02
59 -0.994480 -2.023897  1.029417 1.03
60 -0.994492 -2.029044  1.034552 1.03
61 -0.994505 -2.034726  1.040221 1.04
62 -0.994518 -2.040749  1.046231 1.05
63 -0.994530 -2.046918  1.052388 1.05
64 -0.994541 -2.053046  1.058505 1.06
65 -0.994551 -2.058965  1.064415 1.06
66 -0.994559 -2.064526  1.069967 1.07
67 -0.994566 -2.069602  1.075036 1.08
68 -0.994570 -2.074088  1.079518 1.08
69 -0.994574 -2.077906  1.083332 1.08
70 -0.994575 -2.081003  1.086428 1.09
71 -0.994574 -2.083354  1.088780 1.09
72 -0.994572 -2.084966  1.090394 1.09
73 -0.994568 -2.085872  1.091304 1.09
74 -0.994563 -2.086131  1.091568 1.09
75 -0.994557 -2.085822  1.091264 1.09
76 -0.994552 -2.085032  1.090480 1.09
77 -0.994546 -2.083852  1.089306 1.09
78 -0.994542 -2.082370  1.087827 1.09
79 -0.994539 -2.080659  1.086120 1.09
80 -0.994537 -2.078781  1.084244 1.08
81 -0.994535 -2.076783  1.082247 1.08
82 -0.994534 -2.074700  1.080165 1.08
83 -0.994534 -2.072561  1.078027 1.08
84 -0.994533 -2.070394  1.075862 1.08
85 -0.994531 -2.068234  1.073703 1.07
86 -0.994528 -2.066127  1.071599 1.07
87 -0.994524 -2.064133  1.069609 1.07
88 -0.994519 -2.062332  1.067813 1.07
89 -0.994513 -2.060813  1.066300 1.07
90 -0.994508 -2.059676  1.065168 1.07
91 -0.994503 -2.059018  1.064515 1.06
92 -0.994499 -2.058925  1.064426 1.06
93 -0.994497 -2.059464  1.064967 1.06
94 -0.994497 -2.060674  1.066176 1.07
95 -0.994500 -2.062559  1.068059 1.07
96 -0.994504 -2.065093  1.070589 1.07
97 -0.994510 -2.068219  1.073710 1.07
98 -0.994516 -2.071861  1.077345 1.08
99 -0.994523 -2.075926  1.081403 1.08
100 -0.994529 -2.080318  1.085789 1.09
101 -0.994534 -2.084946  1.090412 1.09
102 -0.994539 -2.089728  1.095189 1.10
103 -0.994542 -2.094598  1.100056 1.10
104 -0.994544 -2.099506  1.104962 1.10
105 -0.994545 -2.104417  1.109872 1.11
106 -0.994546 -2.109313  1.114768 1.11
107 -0.994546 -2.114183  1.119637 1.12
108 -0.994546 -2.119018  1.124471 1.12
109 -0.994548 -2.123804  1.129256 1.13
110 -0.994552 -2.128511  1.133959 1.13
111 -0.994558 -2.133080  1.138522 1.14
112 -0.994567 -2.137418  1.142851 1.14
113 -0.994578 -2.141391  1.146812 1.15
114 -0.994593 -2.144822  1.150230 1.15
115 -0.994609 -2.147503  1.152894 1.15
116 -0.994625 -2.149199  1.154574 1.15
117 -0.994641 -2.149677  1.155036 1.16
118 -0.994655 -2.148719  1.154065 1.15
119 -0.994664 -2.146153  1.151489 1.15
120 -0.994667 -2.141872  1.147205 1.15
121 -0.994665 -2.135857  1.141193 1.14
122 -0.994655 -2.128191  1.133536 1.13
123 -0.994639 -2.119061  1.124422 1.12
124 -0.994617 -2.108757  1.114139 1.11
125 -0.994593 -2.097644  1.103051 1.10
126 -0.994567 -2.086135  1.091568 1.09
127 -0.994544 -2.074650  1.080106 1.08
128 -0.994525 -2.063575  1.069050 1.07
129 -0.994511 -2.053234  1.058722 1.06
130 -0.994502 -2.043871  1.049369 1.05
131 -0.994498 -2.035654  1.041157 1.04
132 -0.994496 -2.028681  1.034185 1.03
133 -0.994497 -2.022992  1.028495 1.03
134 -0.994500 -2.018584  1.024084 1.02
135 -0.994507 -2.015409  1.020902 1.02
136 -0.994516 -2.013374  1.018859 1.02
137 -0.994527 -2.012342  1.017814 1.02
138 -0.994541 -2.012129  1.017587 1.02
139 -0.994557 -2.012518  1.017961 1.02
140 -0.994571 -2.013279  1.018709 1.02
141 -0.994582 -2.014196  1.019614 1.02
142 -0.994589 -2.015091  1.020501 1.02
143 -0.994591 -2.015854  1.021264 1.02
144 -0.994587 -2.016459  1.021873 1.02
145 -0.994578 -2.016961  1.022383 1.02
146 -0.994567 -2.017480  1.022913 1.02
147 -0.994556 -2.018174  1.023618 1.02
148 -0.994548 -2.019195  1.024647 1.02
149 -0.994544 -2.020654  1.026110 1.03
150 -0.994546 -2.022592  1.028045 1.03
151 -0.994553 -2.024968  1.030415 1.03
152 -0.994562 -2.027674  1.033112 1.03
153 -0.994572 -2.030557  1.035985 1.04
154 -0.994581 -2.033448  1.038867 1.04
155 -0.994588 -2.036190  1.041602 1.04
156 -0.994592 -2.038661  1.044069 1.04
157 -0.994594 -2.040781  1.046187 1.05
158 -0.994593 -2.042511  1.047918 1.05
159 -0.994591 -2.043850  1.049259 1.05
160 -0.994589 -2.044818  1.050230 1.05
161 -0.994587 -2.045443  1.050856 1.05
162 -0.994587 -2.045745  1.051158 1.05
163 -0.994589 -2.045725  1.051136 1.05
164 -0.994593 -2.045360  1.050767 1.05
165 -0.994598 -2.044606  1.050008 1.05
166 -0.994602 -2.043411  1.048808 1.05
167 -0.994604 -2.041733  1.047128 1.05
168 -0.994603 -2.039567  1.044965 1.04
169 -0.994595 -2.036972  1.042377 1.04
170 -0.994582 -2.034084  1.039502 1.04
171 -0.994563 -2.031128  1.036565 1.04
172 -0.994541 -2.028407  1.033866 1.03
173 -0.994517 -2.026277  1.031760 1.03
174 -0.994496 -2.025104  1.030608 1.03
175 -0.994481 -2.025208  1.030727 1.03
176 -0.994475 -2.026814  1.032339 1.03
177 -0.994480 -2.029999  1.035519 1.04
178 -0.994496 -2.034676  1.040180 1.04
179 -0.994520 -2.040590  1.046070 1.05
180 -0.994550 -2.047349  1.052798 1.05
181 -0.994583 -2.054468  1.059885 1.06
182 -0.994615 -2.061427  1.066812 1.07
183 -0.994643 -2.067719  1.073075 1.07
184 -0.994665 -2.072896  1.078230 1.08
185 -0.994680 -2.076607  1.081927 1.08
186 -0.994685 -2.078628  1.083943 1.08
187 -0.994680 -2.078884  1.084204 1.08
188 -0.994663 -2.077468  1.082805 1.08
189 -0.994634 -2.074659  1.080025 1.08
190 -0.994594 -2.070917  1.076323 1.08
191 -0.994548 -2.066863  1.072315 1.07
192 -0.994499 -2.063220  1.068721 1.07
193 -0.994455 -2.060736  1.066281 1.07
194 -0.994422 -2.060076  1.065654 1.07
195 -0.994406 -2.061724  1.067318 1.07
196 -0.994408 -2.065907  1.071499 1.07
197 -0.994425 -2.072573  1.078149 1.08
198 -0.994453 -2.081427  1.086974 1.09
199 -0.994485 -2.091996  1.097511 1.10
200 -0.994518 -2.103723  1.109205 1.11
201 -0.994546 -2.116044  1.121498 1.12
202 -0.994569 -2.128449  1.133880 1.13
203 -0.994585 -2.140509  1.145924 1.15
204 -0.994596 -2.151893  1.157297 1.16
205 -0.994602 -2.162357  1.167755 1.17
206 -0.994604 -2.171736  1.177132 1.18
207 -0.994603 -2.179934  1.185331 1.19
208 -0.994600 -2.186905  1.192305 1.19
209 -0.994595 -2.192649  1.198054 1.20
210 -0.994588 -2.197201  1.202613 1.20
211 -0.994581 -2.200628  1.206047 1.21
212 -0.994572 -2.203017  1.208445 1.21
213 -0.994563 -2.204479  1.209916 1.21
214 -0.994553 -2.205142  1.210588 1.21
215 -0.994544 -2.205140  1.210597 1.21
216 -0.994535 -2.204618  1.210083 1.21
217 -0.994526 -2.203714  1.209188 1.21
218 -0.994519 -2.202561  1.208042 1.21
219 -0.994513 -2.201275  1.206762 1.21
220 -0.994510 -2.199949  1.205440 1.21
221 -0.994508 -2.198650  1.204142 1.20
222 -0.994508 -2.197416  1.202907 1.20
223 -0.994510 -2.196255  1.201745 1.20
224 -0.994513 -2.195154  1.200641 1.20
225 -0.994516 -2.194084  1.199568 1.20
226 -0.994519 -2.193009  1.198489 1.20
227 -0.994522 -2.191894  1.197372 1.20
228 -0.994523 -2.190716  1.196193 1.20
229 -0.994524 -2.189465  1.194941 1.19
230 -0.994523 -2.188144  1.193620 1.19
231 -0.994524 -2.186762  1.192238 1.19
232 -0.994524 -2.185327  1.190802 1.19
233 -0.994527 -2.183833  1.189306 1.19
234 -0.994531 -2.182254  1.187723 1.19
235 -0.994537 -2.180538  1.186001 1.19
236 -0.994544 -2.178604  1.184060 1.18
237 -0.994552 -2.176358  1.181806 1.18
238 -0.994560 -2.173697  1.179138 1.18
239 -0.994565 -2.170533  1.175967 1.18
240 -0.994568 -2.166803  1.172235 1.17
241 -0.994567 -2.162492  1.167924 1.17
242 -0.994563 -2.157633  1.163070 1.16
243 -0.994556 -2.152315  1.157760 1.16
244 -0.994547 -2.146667  1.152120 1.15
245 -0.994539 -2.140840  1.146301 1.15
246 -0.994533 -2.134983  1.140450 1.14
247 -0.994530 -2.129212  1.134682 1.13
248 -0.994532 -2.123591  1.129059 1.13
249 -0.994539 -2.118113  1.123574 1.12
250 -0.994548 -2.112706  1.118158 1.12
251 -0.994560 -2.107249  1.112689 1.11
252 -0.994571 -2.101595  1.107024 1.11
253 -0.994580 -2.095602  1.101022 1.10
254 -0.994585 -2.089158  1.094573 1.09
255 -0.994587 -2.082201  1.087614 1.09
256 -0.994586 -2.074725  1.080139 1.08
257 -0.994581 -2.066775  1.072194 1.07
258 -0.994575 -2.058443  1.063867 1.06
259 -0.994568 -2.049848  1.055280 1.06
260 -0.994560 -2.041132  1.046571 1.05
261 -0.994552 -2.032446  1.037894 1.04
262 -0.994544 -2.023949  1.029405 1.03
263 -0.994536 -2.015801  1.021265 1.02
264 -0.994528 -2.008163  1.013635 1.01
265 -0.994521 -2.001190  1.006670 1.01
266 -0.994516 -1.995020  1.000504 1.00
267 -0.994514 -1.989755  0.995241 1.00
268 -0.994516 -1.985445  0.990929 0.99
269 -0.994523 -1.982074  0.987551 0.99
270 -0.994534 -1.979551  0.985017 0.99
271 -0.994548 -1.977724  0.983176 0.98
272 -0.994562 -1.976398  0.981835 0.98
273 -0.994575 -1.975368  0.980792 0.98
274 -0.994584 -1.974453  0.979869 0.98
275 -0.994588 -1.973526  0.978938 0.98
276 -0.994587 -1.972536  0.977949 0.98
277 -0.994580 -1.971510  0.976930 0.98
278 -0.994569 -1.970557  0.975988 0.98
279 -0.994555 -1.969847  0.975292 0.98
280 -0.994540 -1.969591  0.975051 0.98
281 -0.994527 -1.970011  0.975483 0.98
282 -0.994518 -1.971301  0.976784 0.98
283 -0.994514 -1.973603  0.979089 0.98
284 -0.994516 -1.976971  0.982455 0.98
285 -0.994524 -1.981365  0.986841 0.99
286 -0.994538 -1.986647  0.992108 0.99
287 -0.994556 -1.992593  0.998037 1.00
288 -0.994575 -1.998924  1.004349 1.00
289 -0.994595 -2.005332  1.010737 1.01
290 -0.994613 -2.011506  1.016893 1.02
291 -0.994629 -2.017161  1.022533 1.02
292 -0.994641 -2.022052  1.027411 1.03
293 -0.994650 -2.025985  1.031335 1.03
294 -0.994654 -2.028829  1.034174 1.03
295 -0.994655 -2.030515  1.035860 1.04
296 -0.994652 -2.031046  1.036394 1.04
297 -0.994644 -2.030492  1.035849 1.04
298 -0.994632 -2.028997  1.034365 1.03
299 -0.994616 -2.026768  1.032152 1.03
300 -0.994597 -2.024080  1.029484 1.03
301 -0.994575 -2.021258  1.026683 1.03
302 -0.994552 -2.018662  1.024110 1.02
303 -0.994529 -2.016670  1.022141 1.02
304 -0.994509 -2.015645  1.021136 1.02
305 -0.994494 -2.015905  1.021411 1.02
306 -0.994485 -2.017689  1.023203 1.02
307 -0.994484 -2.021132  1.026647 1.03
308 -0.994491 -2.026248  1.031758 1.03
309 -0.994504 -2.032929  1.038426 1.04
310 -0.994521 -2.040959  1.046437 1.05
311 -0.994542 -2.050039  1.055498 1.06
312 -0.994561 -2.059832  1.065271 1.07
313 -0.994578 -2.069995  1.075417 1.08
314 -0.994591 -2.080223  1.085633 1.09
315 -0.994597 -2.090278  1.095682 1.10
316 -0.994596 -2.100010  1.105414 1.11
317 -0.994589 -2.109364  1.114774 1.11
318 -0.994577 -2.118379  1.123801 1.12
319 -0.994562 -2.127170  1.132607 1.13
320 -0.994546 -2.135899  1.141352 1.14
321 -0.994532 -2.144744  1.150213 1.15
322 -0.994521 -2.153863  1.159342 1.16
323 -0.994516 -2.163353  1.168837 1.17
324 -0.994517 -2.173233  1.178716 1.18
325 -0.994525 -2.183425  1.188900 1.19
326 -0.994539 -2.193757  1.199219 1.20
327 -0.994556 -2.203976  1.209421 1.21
328 -0.994575 -2.213777  1.219203 1.22
329 -0.994594 -2.222830  1.228236 1.23
330 -0.994611 -2.230810  1.236199 1.24
331 -0.994625 -2.237427  1.242802 1.24
332 -0.994636 -2.242444  1.247808 1.25
333 -0.994642 -2.245687  1.251045 1.25
334 -0.994643 -2.247056  1.252413 1.25
335 -0.994641 -2.246525  1.251884 1.25
336 -0.994635 -2.244136  1.249501 1.25
337 -0.994627 -2.239991  1.245364 1.25
338 -0.994617 -2.234244  1.239627 1.24
339 -0.994605 -2.227083  1.232478 1.23
340 -0.994594 -2.218719  1.224125 1.22
341 -0.994584 -2.209365  1.214781 1.21
342 -0.994576 -2.199221  1.204645 1.20
343 -0.994570 -2.188466  1.193895 1.19
344 -0.994567 -2.177243  1.182675 1.18
345 -0.994567 -2.165661  1.171094 1.17
346 -0.994568 -2.153795  1.159227 1.16
347 -0.994570 -2.141695  1.147125 1.15
348 -0.994573 -2.129395  1.134822 1.13
349 -0.994575 -2.116925  1.122350 1.12
350 -0.994575 -2.104331  1.109757 1.11
351 -0.994572 -2.091688  1.097116 1.10
352 -0.994565 -2.079115  1.084550 1.08
353 -0.994554 -2.066788  1.072234 1.07
354 -0.994538 -2.054952  1.060414 1.06
355 -0.994518 -2.043912  1.049394 1.05
356 -0.994497 -2.034027  1.039531 1.04
357 -0.994476 -2.025673  1.031197 1.03
358 -0.994459 -2.019207  1.024747 1.02
359 -0.994449 -2.014917  1.020468 1.02
360 -0.994446 -2.012989  1.018542 1.02
361 -0.994452 -2.013477  1.019025 1.02
362 -0.994463 -2.016309  1.021846 1.02
363 -0.994479 -2.021306  1.026827 1.03
364 -0.994496 -2.028209  1.033713 1.03
365 -0.994514 -2.036724  1.042210 1.04
366 -0.994530 -2.046541  1.052010 1.05
367 -0.994545 -2.057361  1.062816 1.06
368 -0.994557 -2.068903  1.074346 1.07
369 -0.994568 -2.080913  1.086345 1.09
370 -0.994578 -2.093156  1.098578 1.10
371 -0.994586 -2.105416  1.110830 1.11
372 -0.994595 -2.117490  1.122895 1.12
373 -0.994603 -2.129179  1.134576 1.13
374 -0.994612 -2.140288  1.145676 1.15
375 -0.994621 -2.150621  1.156000 1.16
376 -0.994629 -2.159985  1.165355 1.17
377 -0.994637 -2.168195  1.173558 1.17
378 -0.994644 -2.175084  1.180440 1.18
379 -0.994649 -2.180511  1.185862 1.19
380 -0.994651 -2.184367  1.189716 1.19
381 -0.994652 -2.186584  1.191933 1.19
382 -0.994649 -2.187140  1.192491 1.19
383 -0.994644 -2.186057  1.191413 1.19
384 -0.994636 -2.183405  1.188769 1.19
385 -0.994626 -2.179298  1.184672 1.18
386 -0.994614 -2.173892  1.179278 1.18
387 -0.994600 -2.167378  1.172778 1.17
388 -0.994585 -2.159978  1.165393 1.17
389 -0.994569 -2.151937  1.157368 1.16
390 -0.994552 -2.143518  1.148966 1.15
391 -0.994535 -2.134994  1.140459 1.14
392 -0.994518 -2.126641  1.132122 1.13
393 -0.994502 -2.118732  1.124230 1.12
394 -0.994487 -2.111530  1.117042 1.12
395 -0.994474 -2.105278  1.110803 1.11
396 -0.994463 -2.100192  1.105729 1.11
397 -0.994454 -2.096456  1.102002 1.10
398 -0.994449 -2.094208  1.099759 1.10
399 -0.994447 -2.093536  1.099089 1.10
400 -0.994448 -2.094477  1.100029 1.10
401 -0.994453 -2.097011  1.102558 1.10
402 -0.994461 -2.101064  1.106603 1.11
403 -0.994471 -2.106518  1.112047 1.11
404 -0.994482 -2.113217  1.118734 1.12
405 -0.994495 -2.120977  1.126483 1.13
406 -0.994507 -2.129603  1.135096 1.14
407 -0.994519 -2.138890  1.144371 1.14
408 -0.994531 -2.148642  1.154111 1.15
409 -0.994541 -2.158666  1.164125 1.16
410 -0.994551 -2.168786  1.174235 1.17
411 -0.994560 -2.178835  1.184276 1.18
412 -0.994567 -2.188665  1.194097 1.19
413 -0.994574 -2.198138  1.203564 1.20
414 -0.994579 -2.207136  1.212557 1.21
415 -0.994583 -2.215559  1.220975 1.22
416 -0.994586 -2.223324  1.228738 1.23
417 -0.994588 -2.230371  1.235784 1.24
418 -0.994588 -2.236658  1.242069 1.24
419 -0.994589 -2.242156  1.247567 1.25
420 -0.994589 -2.246846  1.252258 1.25
421 -0.994589 -2.250713  1.256123 1.26
422 -0.994591 -2.253731  1.259140 1.26
423 -0.994594 -2.255866  1.261272 1.26
424 -0.994598 -2.257069  1.262471 1.26
425 -0.994603 -2.257277  1.262674 1.26
426 -0.994607 -2.256420  1.261813 1.26
427 -0.994611 -2.254431  1.259820 1.26
428 -0.994614 -2.251257  1.256643 1.26
429 -0.994615 -2.246865  1.252250 1.25
430 -0.994613 -2.241259  1.246646 1.25
431 -0.994609 -2.234479  1.239870 1.24
432 -0.994603 -2.226602  1.231999 1.23
433 -0.994596 -2.217740  1.223144 1.22
434 -0.994588 -2.208025  1.213437 1.21
435 -0.994580 -2.197605  1.203025 1.20
436 -0.994573 -2.186627  1.192054 1.19
437 -0.994568 -2.175229  1.180661 1.18
438 -0.994564 -2.163531  1.168967 1.17
439 -0.994562 -2.151633  1.157070 1.16
440 -0.994562 -2.139612  1.145050 1.15
441 -0.994562 -2.127527  1.132964 1.13
442 -0.994563 -2.115424  1.120861 1.12
443 -0.994564 -2.103346  1.108783 1.11
444 -0.994563 -2.091343  1.096780 1.10
445 -0.994560 -2.079481  1.084921 1.08
446 -0.994554 -2.067862  1.073308 1.07
447 -0.994545 -2.056628  1.062082 1.06
448 -0.994533 -2.045966  1.051434 1.05
449 -0.994518 -2.036112  1.041594 1.04
450 -0.994502 -2.027327  1.032825 1.03
451 -0.994488 -2.019880  1.025392 1.03
452 -0.994477 -2.014012  1.019535 1.02
453 -0.994472 -2.009899  1.015427 1.02
454 -0.994474 -2.007623  1.013149 1.01
455 -0.994483 -2.007155  1.012672 1.01
456 -0.994498 -2.008351  1.013853 1.01
457 -0.994517 -2.010967  1.016450 1.02
458 -0.994539 -2.014688  1.020148 1.02
459 -0.994562 -2.019148  1.024586 1.02
460 -0.994585 -2.023964  1.029379 1.03
461 -0.994606 -2.028754  1.034148 1.03
462 -0.994626 -2.033152  1.038526 1.04
463 -0.994644 -2.036821  1.042178 1.04
464 -0.994659 -2.039458  1.044799 1.04
465 -0.994670 -2.040806  1.046136 1.05
466 -0.994679 -2.040664  1.045985 1.05
467 -0.994682 -2.038895  1.044213 1.04
468 -0.994681 -2.035439  1.040758 1.04
469 -0.994675 -2.030318  1.035643 1.04
470 -0.994664 -2.023641  1.028977 1.03
471 -0.994648 -2.015599  1.020951 1.02
472 -0.994630 -2.006460  1.011830 1.01
473 -0.994609 -1.996548  1.001939 1.00
474 -0.994587 -1.986232  0.991645 0.99
475 -0.994565 -1.975902  0.981337 0.98
476 -0.994543 -1.965960  0.971416 0.97
477 -0.994521 -1.956811  0.962290 0.96
478 -0.994498 -1.948866  0.954368 0.95
479 -0.994474 -1.942545  0.948071 0.95
480 -0.994450 -1.938278  0.943828 0.94
481 -0.994427 -1.936489  0.942062 0.94
482 -0.994410 -1.937557  0.943148 0.94
483 -0.994403 -1.941755  0.947352 0.95
484 -0.994410 -1.949178  0.954768 0.95
485 -0.994432 -1.959693  0.965260 0.97
486 -0.994466 -1.972928  0.978462 0.98
487 -0.994508 -1.988312  0.993804 0.99
488 -0.994550 -2.005149  1.010599 1.01
489 -0.994589 -2.022711  1.028122 1.03
490 -0.994620 -2.040317  1.045696 1.05
491 -0.994644 -2.057383  1.062740 1.06
492 -0.994659 -2.073447  1.078788 1.08
493 -0.994669 -2.088158  1.093489 1.09
494 -0.994674 -2.101267  1.106593 1.11
495 -0.994675 -2.112602  1.117926 1.12
496 -0.994675 -2.122051  1.127376 1.13
497 -0.994673 -2.129545  1.134872 1.13
498 -0.994671 -2.135049  1.140378 1.14
499 -0.994667 -2.138552  1.143884 1.14
500 -0.994663 -2.140068  1.145405 1.15
501 -0.994658 -2.139636  1.144978 1.14
502 -0.994652 -2.137319  1.142668 1.14
503 -0.994643 -2.133213  1.138570 1.14
504 -0.994633 -2.127446  1.132813 1.13
505 -0.994622 -2.120179  1.125557 1.13
506 -0.994610 -2.111602  1.116992 1.12
507 -0.994597 -2.101926  1.107329 1.11
508 -0.994586 -2.091367  1.096781 1.10
509 -0.994577 -2.080130  1.085553 1.09
510 -0.994571 -2.068390  1.073819 1.07
511 -0.994568 -2.056284  1.061716 1.06
512 -0.994568 -2.043902  1.049334 1.05
513 -0.994570 -2.031297  1.036727 1.04
514 -0.994573 -2.018493  1.023921 1.02
515 -0.994574 -2.005512  1.010938 1.01
516 -0.994572 -1.992393  0.997821 1.00
517 -0.994567 -1.979223  0.984656 0.98
518 -0.994556 -1.966149  0.971593 0.97
519 -0.994539 -1.953397  0.958858 0.96
520 -0.994519 -1.941271  0.946752 0.95
521 -0.994495 -1.930136  0.935641 0.94
522 -0.994471 -1.920393  0.925922 0.93
523 -0.994450 -1.912440  0.917990 0.92
524 -0.994435 -1.906621  0.912186 0.91
525 -0.994427 -1.903186  0.908759 0.91
526 -0.994427 -1.902265  0.907838 0.91
527 -0.994434 -1.903857  0.909422 0.91
528 -0.994446 -1.907845  0.913399 0.91
529 -0.994461 -1.914028  0.919567 0.92
530 -0.994478 -1.922150  0.927672 0.93
531 -0.994494 -1.931925  0.937431 0.94
532 -0.994510 -1.943059  0.948549 0.95
533 -0.994526 -1.955255  0.960729 0.96
534 -0.994542 -1.968213  0.973671 0.97
535 -0.994558 -1.981635  0.987077 0.99
536 -0.994573 -1.995228  1.000655 1.00
537 -0.994586 -2.008712  1.014126 1.01
538 -0.994597 -2.021835  1.027238 1.03
539 -0.994604 -2.034384  1.039780 1.04
540 -0.994608 -2.046197  1.051589 1.05
541 -0.994608 -2.057172  1.062565 1.06
542 -0.994604 -2.067268  1.072664 1.07
543 -0.994597 -2.076500  1.081903 1.08
544 -0.994588 -2.084928  1.090340 1.09
545 -0.994579 -2.092647  1.098068 1.10
546 -0.994570 -2.099761  1.105191 1.11
547 -0.994563 -2.106374  1.111812 1.11
548 -0.994558 -2.112568  1.118011 1.12
549 -0.994555 -2.118398  1.123843 1.12
550 -0.994553 -2.123887  1.129334 1.13
551 -0.994553 -2.129037  1.134484 1.13
552 -0.994553 -2.133835  1.139282 1.14
553 -0.994552 -2.138270  1.143718 1.14
554 -0.994549 -2.142343  1.147793 1.15
555 -0.994545 -2.146074  1.151529 1.15
556 -0.994540 -2.149510  1.154971 1.15
557 -0.994533 -2.152717  1.158184 1.16
558 -0.994527 -2.155775  1.161248 1.16
559 -0.994521 -2.158769  1.164248 1.16
560 -0.994516 -2.161776  1.167260 1.17
561 -0.994513 -2.164856  1.170342 1.17
562 -0.994512 -2.168039  1.173527 1.17
563 -0.994514 -2.171324  1.176809 1.18
564 -0.994519 -2.174669  1.180150 1.18
565 -0.994525 -2.177999  1.183473 1.18
566 -0.994534 -2.181205  1.186671 1.19
567 -0.994543 -2.184157  1.189614 1.19
568 -0.994552 -2.186711  1.192160 1.19
569 -0.994561 -2.188725  1.194164 1.19
570 -0.994568 -2.190061  1.195492 1.20
571 -0.994575 -2.190599  1.196024 1.20
572 -0.994580 -2.190240  1.195660 1.20
573 -0.994585 -2.188905  1.194321 1.19
574 -0.994588 -2.186536  1.191948 1.19
575 -0.994590 -2.183095  1.188505 1.19
576 -0.994591 -2.178562  1.183971 1.18
577 -0.994591 -2.172935  1.178344 1.18
578 -0.994591 -2.166231  1.171640 1.17
579 -0.994589 -2.158484  1.163895 1.16
580 -0.994586 -2.149753  1.155167 1.16
581 -0.994581 -2.140119  1.145538 1.15
582 -0.994574 -2.129689  1.135115 1.14
583 -0.994566 -2.118601  1.124035 1.12
584 -0.994556 -2.107018  1.112462 1.11
585 -0.994544 -2.095134  1.100590 1.10
586 -0.994529 -2.083173  1.088643 1.09
587 -0.994514 -2.071384  1.076870 1.08
588 -0.994497 -2.060042  1.065544 1.07
589 -0.994480 -2.049432  1.054952 1.05
590 -0.994464 -2.039844  1.045380 1.05
591 -0.994450 -2.031548  1.037098 1.04
592 -0.994440 -2.024776  1.030336 1.03
593 -0.994435 -2.019697  1.025263 1.03
594 -0.994436 -2.016401  1.021965 1.02
595 -0.994444 -2.014880  1.020436 1.02
596 -0.994458 -2.015027  1.020569 1.02
597 -0.994477 -2.016640  1.022163 1.02
598 -0.994500 -2.019437  1.024938 1.02
599 -0.994524 -2.023086  1.028563 1.03
600 -0.994547 -2.027231  1.032684 1.03
601 -0.994567 -2.031528  1.036961 1.04
602 -0.994583 -2.035678  1.041095 1.04
603 -0.994592 -2.039452  1.044860 1.04
604 -0.994595 -2.042714  1.048119 1.05
605 -0.994592 -2.045423  1.050831 1.05
606 -0.994584 -2.047631  1.053047 1.05
607 -0.994574 -2.049458  1.054885 1.05
608 -0.994563 -2.051063  1.056500 1.06
609 -0.994556 -2.052600  1.058044 1.06
610 -0.994554 -2.054178  1.059625 1.06
611 -0.994558 -2.055829  1.061271 1.06
612 -0.994568 -2.057489  1.062922 1.06
613 -0.994582 -2.059010  1.064428 1.06
614 -0.994597 -2.060178  1.065580 1.07
615 -0.994612 -2.060756  1.066144 1.07
616 -0.994623 -2.060524  1.065901 1.07
617 -0.994631 -2.059307  1.064676 1.06
618 -0.994634 -2.056996  1.062362 1.06
619 -0.994633 -2.053552  1.058919 1.06
620 -0.994630 -2.048998  1.054368 1.05
621 -0.994624 -2.043404  1.048779 1.05
622 -0.994618 -2.036874  1.042256 1.04
623 -0.994610 -2.029542  1.034931 1.03
624 -0.994600 -2.021568  1.026968 1.03
625 -0.994586 -2.013156  1.018569 1.02
626 -0.994568 -2.004567  1.010000 1.01
627 -0.994543 -1.996141  1.001598 1.00
628 -0.994513 -1.988297  0.993785 0.99
629 -0.994479 -1.981531  0.987052 0.99
630 -0.994447 -1.976374  0.981927 0.98
631 -0.994420 -1.973330  0.978910 0.98
632 -0.994404 -1.972807  0.978404 0.98
633 -0.994401 -1.975040  0.980639 0.98
634 -0.994412 -1.980047  0.985635 0.99
635 -0.994434 -1.987625  0.993191 0.99
636 -0.994463 -1.997394  1.002932 1.00
637 -0.994493 -2.008865  1.014372 1.01
638 -0.994519 -2.021517  1.026998 1.03
639 -0.994540 -2.034868  1.040328 1.04
640 -0.994555 -2.048512  1.053957 1.05
641 -0.994564 -2.062129  1.067564 1.07
642 -0.994571 -2.075476  1.080905 1.08
643 -0.994576 -2.088365  1.093789 1.09
644 -0.994581 -2.100632  1.106050 1.11
645 -0.994588 -2.112119  1.117531 1.12
646 -0.994597 -2.122659  1.128062 1.13
647 -0.994606 -2.132069  1.137463 1.14
648 -0.994617 -2.140158  1.145542 1.15
649 -0.994627 -2.146735  1.152108 1.15
650 -0.994635 -2.151623  1.156987 1.16
651 -0.994641 -2.154680  1.160038 1.16
652 -0.994644 -2.155813  1.161170 1.16
653 -0.994641 -2.154996  1.160355 1.16
654 -0.994634 -2.152279  1.157645 1.16
655 -0.994621 -2.147797  1.153176 1.15
656 -0.994603 -2.141779  1.147176 1.15
657 -0.994580 -2.134536  1.139956 1.14
658 -0.994553 -2.126456  1.131902 1.13
659 -0.994525 -2.117981  1.123456 1.12
660 -0.994497 -2.109580  1.115082 1.12
661 -0.994472 -2.101711  1.107238 1.11
662 -0.994452 -2.094789  1.100337 1.10
663 -0.994438 -2.089157  1.094719 1.09
664 -0.994430 -2.085060  1.090631 1.09
665 -0.994428 -2.082645  1.088217 1.09
666 -0.994431 -2.081960  1.087529 1.09
667 -0.994437 -2.082971  1.088534 1.09
668 -0.994447 -2.085580  1.091133 1.09
669 -0.994459 -2.089634  1.095175 1.10
670 -0.994472 -2.094943  1.100471 1.10
671 -0.994487 -2.101281  1.106794 1.11
672 -0.994504 -2.108396  1.113892 1.11
673 -0.994521 -2.116006  1.121485 1.12
674 -0.994540 -2.123813  1.129273 1.13
675 -0.994559 -2.131505  1.136946 1.14
676 -0.994577 -2.138770  1.144193 1.14
677 -0.994594 -2.145309  1.150716 1.15
678 -0.994608 -2.150850  1.156242 1.16
679 -0.994620 -2.155156  1.160536 1.16
680 -0.994630 -2.158035  1.163405 1.16
681 -0.994636 -2.159346  1.164710 1.16
682 -0.994640 -2.158998  1.164358 1.16
683 -0.994642 -2.156952  1.162311 1.16
684 -0.994641 -2.153215  1.158575 1.16
685 -0.994638 -2.147839  1.153200 1.15
686 -0.994635 -2.140910  1.146275 1.15
687 -0.994631 -2.132544  1.137913 1.14
688 -0.994627 -2.122870  1.128243 1.13
689 -0.994625 -2.112019  1.117394 1.12
690 -0.994625 -2.100104  1.105479 1.11
691 -0.994628 -2.087211  1.092583 1.09
692 -0.994634 -2.073389  1.078755 1.08
693 -0.994642 -2.058653  1.064011 1.06
694 -0.994650 -2.042996  1.048347 1.05
695 -0.994657 -2.026415  1.031758 1.03
696 -0.994661 -2.008928  1.014267 1.01
697 -0.994659 -1.990611  0.995951 1.00
698 -0.994651 -1.971626  0.976975 0.98
699 -0.994634 -1.952249  0.957615 0.96
700 -0.994605 -1.932902  0.938297 0.94
701 -0.994563 -1.914183  0.919619 0.92
702 -0.994508 -1.896882  0.902374 0.90
703 -0.994441 -1.881982  0.887541 0.89
704 -0.994370 -1.870612  0.876242 0.88
705 -0.994303 -1.863939  0.869636 0.87
706 -0.994255 -1.863014  0.868758 0.87
707 -0.994237 -1.868572  0.874335 0.87
708 -0.994253 -1.880873  0.886619 0.89
709 -0.994304 -1.899608  0.905304 0.91
710 -0.994380 -1.923928  0.929548 0.93
711 -0.994469 -1.952562  0.958093 0.96
712 -0.994560 -1.984006  0.989446 0.99
713 -0.994642 -2.016706  1.022064 1.02
714 -0.994709 -2.049221  1.054512 1.05
715 -0.994759 -2.080318  1.085559 1.09
716 -0.994792 -2.109024  1.114232 1.11
717 -0.994810 -2.134630  1.139820 1.14
718 -0.994816 -2.156667  1.161851 1.16
719 -0.994814 -2.174865  1.180051 1.18
720 -0.994805 -2.189113  1.194308 1.19
721 -0.994793 -2.199417  1.204624 1.20
722 -0.994779 -2.205869  1.211090 1.21
723 -0.994763 -2.208626  1.213863 1.21
724 -0.994745 -2.207900  1.213156 1.21
725 -0.994724 -2.203958  1.209234 1.21
726 -0.994700 -2.197128  1.202428 1.20
727 -0.994671 -2.187811  1.193140 1.19
728 -0.994637 -2.176493  1.181857 1.18
729 -0.994598 -2.163749  1.169151 1.17
730 -0.994557 -2.150225  1.155669 1.16
731 -0.994516 -2.136611  1.142095 1.14
732 -0.994481 -2.123580  1.129099 1.13
733 -0.994456 -2.111719  1.117263 1.12
734 -0.994446 -2.101456  1.107011 1.11
735 -0.994450 -2.093003  1.098553 1.10
736 -0.994469 -2.086334  1.091865 1.09
737 -0.994498 -2.081207  1.086710 1.09
738 -0.994531 -2.077223  1.082693 1.08
739 -0.994562 -2.073912  1.079350 1.08
740 -0.994587 -2.070820  1.076233 1.08
741 -0.994603 -2.067584  1.072982 1.07
742 -0.994607 -2.063981  1.069374 1.07
743 -0.994602 -2.059945  1.065343 1.07
744 -0.994588 -2.055563  1.060975 1.06
745 -0.994568 -2.051048  1.056480 1.06
746 -0.994545 -2.046703  1.052158 1.05
747 -0.994522 -2.042878  1.048357 1.05
748 -0.994501 -2.039928  1.045428 1.05
749 -0.994484 -2.038173  1.043690 1.04
750 -0.994472 -2.037869  1.043397 1.04
751 -0.994467 -2.039182  1.044715 1.04
752 -0.994468 -2.042180  1.047712 1.05
753 -0.994474 -2.046833  1.052359 1.05
754 -0.994485 -2.053021  1.058536 1.06
755 -0.994499 -2.060553  1.066054 1.07
756 -0.994514 -2.069187  1.074673 1.07
757 -0.994529 -2.078654  1.084124 1.08
758 -0.994544 -2.088669  1.094124 1.09
759 -0.994559 -2.098948  1.104390 1.10
760 -0.994572 -2.109217  1.114644 1.11
761 -0.994584 -2.119209  1.124625 1.12
762 -0.994595 -2.128679  1.134084 1.13
763 -0.994605 -2.137400  1.142795 1.14
764 -0.994612 -2.145171  1.150559 1.15
765 -0.994617 -2.151828  1.157211 1.16
766 -0.994619 -2.157248  1.162629 1.16
767 -0.994618 -2.161354  1.166737 1.17
768 -0.994614 -2.164123  1.169510 1.17
769 -0.994607 -2.165581  1.170974 1.17
770 -0.994598 -2.165801  1.171203 1.17
771 -0.994587 -2.164896  1.170308 1.17
772 -0.994576 -2.163007  1.168431 1.17
773 -0.994565 -2.160294  1.165728 1.17
774 -0.994555 -2.156920  1.162365 1.16
775 -0.994546 -2.153043  1.158497 1.16
776 -0.994540 -2.148803  1.154263 1.15
777 -0.994536 -2.144313  1.149777 1.15
778 -0.994534 -2.139656  1.145122 1.15
779 -0.994535 -2.134885  1.140351 1.14
780 -0.994537 -2.130023  1.135486 1.14
781 -0.994540 -2.125071  1.130530 1.13
782 -0.994544 -2.120015  1.125470 1.13
783 -0.994548 -2.114838  1.120290 1.12
784 -0.994550 -2.109531  1.114981 1.11
785 -0.994551 -2.104102  1.109550 1.11
786 -0.994550 -2.098582  1.104032 1.10
787 -0.994547 -2.093036  1.098488 1.10
788 -0.994542 -2.087554  1.093011 1.09
789 -0.994536 -2.082256  1.087719 1.09
790 -0.994530 -2.077278  1.082749 1.08
791 -0.994523 -2.072767  1.078244 1.08
792 -0.994517 -2.068866  1.074349 1.07
793 -0.994511 -2.065709  1.071198 1.07
794 -0.994507 -2.063412  1.068905 1.07
795 -0.994505 -2.062068  1.067562 1.07
796 -0.994506 -2.061735  1.067230 1.07
797 -0.994509 -2.062434  1.067924 1.07
798 -0.994516 -2.064131  1.069615 1.07
799 -0.994527 -2.066741  1.072214 1.07
800 -0.994540 -2.070122  1.075582 1.08
801 -0.994555 -2.074088  1.079533 1.08
802 -0.994569 -2.078429  1.083861 1.08
803 -0.994581 -2.082942  1.088361 1.09
804 -0.994589 -2.087451  1.092862 1.09
805 -0.994593 -2.091834  1.097242 1.10
806 -0.994592 -2.096036  1.101444 1.10
807 -0.994587 -2.100067  1.105480 1.11
808 -0.994579 -2.103994  1.109415 1.11
809 -0.994569 -2.107930  1.113361 1.11
810 -0.994558 -2.112012  1.117454 1.12
811 -0.994548 -2.116383  1.121834 1.12
812 -0.994541 -2.121165  1.126624 1.13
813 -0.994538 -2.126442  1.131905 1.13
814 -0.994539 -2.132236  1.137697 1.14
815 -0.994545 -2.138495  1.143950 1.14
816 -0.994555 -2.145094  1.150540 1.15
817 -0.994568 -2.151847  1.157280 1.16
818 -0.994581 -2.158524  1.163943 1.16
819 -0.994593 -2.164885  1.170292 1.17
820 -0.994603 -2.170707  1.176104 1.18
821 -0.994608 -2.175813  1.181204 1.18
822 -0.994609 -2.180088  1.185479 1.19
823 -0.994604 -2.183496  1.188892 1.19
824 -0.994596 -2.186075  1.191480 1.19
825 -0.994584 -2.187931  1.193348 1.19
826 -0.994570 -2.189222  1.194652 1.19
827 -0.994556 -2.190132  1.195576 1.20
828 -0.994543 -2.190852  1.196309 1.20
829 -0.994533 -2.191552  1.197019 1.20
830 -0.994526 -2.192367  1.197841 1.20
831 -0.994522 -2.193383  1.198861 1.20
832 -0.994521 -2.194639  1.200118 1.20
833 -0.994523 -2.196127  1.201604 1.20
834 -0.994526 -2.197805  1.203279 1.20
835 -0.994530 -2.199605  1.205075 1.21
836 -0.994534 -2.201447  1.206913 1.21
837 -0.994538 -2.203250  1.208713 1.21
838 -0.994541 -2.204938  1.210397 1.21
839 -0.994543 -2.206444  1.211901 1.21
840 -0.994545 -2.207715  1.213171 1.21
841 -0.994546 -2.208708  1.214162 1.21
842 -0.994546 -2.209392  1.214846 1.21
843 -0.994546 -2.209750  1.215205 1.22
844 -0.994544 -2.209779  1.215235 1.22
845 -0.994542 -2.209493  1.214950 1.21
846 -0.994539 -2.208923  1.214384 1.21
847 -0.994535 -2.208122  1.213587 1.21
848 -0.994531 -2.207155  1.212624 1.21
849 -0.994527 -2.206095  1.211568 1.21
850 -0.994525 -2.205008  1.210483 1.21
851 -0.994526 -2.203937  1.209411 1.21
852 -0.994530 -2.202889  1.208358 1.21
853 -0.994538 -2.201822  1.207284 1.21
854 -0.994549 -2.200645  1.206096 1.21
855 -0.994563 -2.199222  1.204659 1.20
856 -0.994577 -2.197388  1.202811 1.20
857 -0.994591 -2.194972  1.200382 1.20
858 -0.994601 -2.191823  1.197221 1.20
859 -0.994609 -2.187829  1.193220 1.19
860 -0.994612 -2.182941  1.188329 1.19
861 -0.994611 -2.177173  1.182562 1.18
862 -0.994607 -2.170605  1.175998 1.18
863 -0.994602 -2.163363  1.168761 1.17
864 -0.994598 -2.155592  1.160994 1.16
865 -0.994596 -2.147434  1.152838 1.15
866 -0.994596 -2.139002  1.144406 1.14
867 -0.994599 -2.130374  1.135776 1.14
868 -0.994600 -2.121612  1.127012 1.13
869 -0.994595 -2.112799  1.118203 1.12
870 -0.994582 -2.104098  1.109515 1.11
871 -0.994559 -2.095799  1.101241 1.10
872 -0.994527 -2.088340  1.093813 1.09
873 -0.994493 -2.082264  1.087770 1.09
874 -0.994468 -2.078117  1.083649 1.08
875 -0.994459 -2.076308  1.081849 1.08
876 -0.994472 -2.076972  1.082500 1.08
877 -0.994503 -2.079913  1.085410 1.09
878 -0.994544 -2.084644  1.090100 1.09
879 -0.994583 -2.090516  1.095933 1.10
880 -0.994611 -2.096882  1.102270 1.10
881 -0.994625 -2.103231  1.108606 1.11
882 -0.994624 -2.109262  1.114638 1.11
883 -0.994612 -2.114881  1.120269 1.12
884 -0.994595 -2.120155  1.125561 1.13
885 -0.994577 -2.125239  1.130662 1.13
886 -0.994563 -2.130300  1.135737 1.14
887 -0.994554 -2.135463  1.140909 1.14
888 -0.994553 -2.140775  1.146222 1.15
889 -0.994557 -2.146192  1.151635 1.15
890 -0.994566 -2.151588  1.157022 1.16
891 -0.994578 -2.156773  1.162194 1.16
892 -0.994591 -2.161518  1.166927 1.17
893 -0.994604 -2.165589  1.170985 1.17
894 -0.994615 -2.168762  1.174147 1.17
895 -0.994624 -2.170851  1.176227 1.18
896 -0.994629 -2.171712  1.177083 1.18
897 -0.994632 -2.171258  1.176626 1.18
898 -0.994632 -2.169453  1.174822 1.17
899 -0.994629 -2.166319  1.171690 1.17
900 -0.994623 -2.161924  1.167301 1.17
901 -0.994615 -2.156390  1.161775 1.16
902 -0.994603 -2.149888  1.155285 1.16
903 -0.994588 -2.142648  1.148060 1.15
904 -0.994569 -2.134956  1.140386 1.14
905 -0.994547 -2.127154  1.132607 1.13
906 -0.994525 -2.119625  1.125100 1.13
907 -0.994506 -2.112752  1.118247 1.12
908 -0.994492 -2.106874  1.112381 1.11
909 -0.994489 -2.102223  1.107734 1.11
910 -0.994496 -2.098881  1.104385 1.10
911 -0.994513 -2.096763  1.102249 1.10
912 -0.994537 -2.095630  1.101094 1.10
913 -0.994561 -2.095147  1.100587 1.10
914 -0.994582 -2.094948  1.100367 1.10
915 -0.994596 -2.094710  1.100115 1.10
916 -0.994600 -2.094206  1.099605 1.10
917 -0.994596 -2.093334  1.098737 1.10
918 -0.994584 -2.092123  1.097538 1.10
919 -0.994567 -2.090712  1.096145 1.10
920 -0.994548 -2.089318  1.094770 1.09
921 -0.994529 -2.088193  1.093664 1.09
922 -0.994513 -2.087583  1.093071 1.09
923 -0.994501 -2.087693  1.093191 1.09
924 -0.994496 -2.088652  1.094156 1.09
925 -0.994498 -2.090502  1.096004 1.10
926 -0.994506 -2.093185  1.098679 1.10
927 -0.994520 -2.096550  1.102029 1.10
928 -0.994539 -2.100362  1.105824 1.11
929 -0.994560 -2.104326  1.109766 1.11
930 -0.994583 -2.108101  1.113517 1.11
931 -0.994606 -2.111332  1.116727 1.12
932 -0.994627 -2.113677  1.119050 1.12
933 -0.994644 -2.114827  1.120184 1.12
934 -0.994655 -2.114539  1.119884 1.12
935 -0.994660 -2.112656  1.117996 1.12
936 -0.994658 -2.109130  1.114472 1.11
937 -0.994646 -2.104035  1.109389 1.11
938 -0.994627 -2.097580  1.102953 1.10
939 -0.994600 -2.090099  1.095499 1.10
940 -0.994568 -2.082038  1.087470 1.09
941 -0.994534 -2.073918  1.079385 1.08
942 -0.994501 -2.066289  1.071788 1.07
943 -0.994474 -2.059670  1.065196 1.07
944 -0.994456 -2.054494  1.060038 1.06
945 -0.994448 -2.051064  1.056617 1.06
946 -0.994450 -2.049524  1.055075 1.06
947 -0.994460 -2.049860  1.055400 1.06
948 -0.994476 -2.051923  1.057447 1.06
949 -0.994495 -2.055470  1.060974 1.06
950 -0.994514 -2.060208  1.065693 1.07
951 -0.994531 -2.065836  1.071304 1.07
952 -0.994545 -2.072078  1.077533 1.08
953 -0.994555 -2.078703  1.084148 1.08
954 -0.994562 -2.085527  1.090965 1.09
955 -0.994567 -2.092417  1.097850 1.10
956 -0.994569 -2.099275  1.104706 1.10
957 -0.994571 -2.106036  1.111466 1.11
958 -0.994571 -2.112653  1.118082 1.12
959 -0.994571 -2.119091  1.124520 1.12
960 -0.994571 -2.125325  1.130754 1.13
961 -0.994571 -2.131334  1.136763 1.14
962 -0.994571 -2.137101  1.142530 1.14
963 -0.994571 -2.142612  1.148041 1.15
964 -0.994571 -2.147853  1.153282 1.15
965 -0.994572 -2.152808  1.158236 1.16
966 -0.994574 -2.157452  1.162878 1.16
967 -0.994576 -2.161750  1.167173 1.17
968 -0.994580 -2.165655  1.171075 1.17
969 -0.994583 -2.169110  1.174527 1.17
970 -0.994587 -2.172056  1.177470 1.18
971 -0.994589 -2.174438  1.179849 1.18
972 -0.994589 -2.176220  1.181632 1.18
973 -0.994586 -2.177397  1.182811 1.18
974 -0.994581 -2.178000  1.183419 1.18
975 -0.994573 -2.178104  1.183531 1.18
976 -0.994563 -2.177819  1.183256 1.18
977 -0.994553 -2.177281  1.182728 1.18
978 -0.994544 -2.176633  1.182089 1.18
979 -0.994537 -2.176008  1.181471 1.18
980 -0.994532 -2.175509  1.180977 1.18
981 -0.994530 -2.175203  1.180673 1.18
982 -0.994530 -2.175115  1.180585 1.18
983 -0.994532 -2.175236  1.180704 1.18
984 -0.994535 -2.175534  1.181000 1.18
985 -0.994537 -2.175969  1.181432 1.18
986 -0.994538 -2.176502  1.181964 1.18
987 -0.994538 -2.177110  1.182572 1.18
988 -0.994537 -2.177782  1.183245 1.18
989 -0.994536 -2.178523  1.183987 1.18
990 -0.994534 -2.179344  1.184810 1.18
991 -0.994533 -2.180256  1.185722 1.19
992 -0.994534 -2.181260  1.186726 1.19
993 -0.994535 -2.182341  1.187806 1.19
994 -0.994539 -2.183464  1.188925 1.19
995 -0.994544 -2.184572  1.190028 1.19
996 -0.994549 -2.185590  1.191041 1.19
997 -0.994555 -2.186431  1.191876 1.19
998 -0.994561 -2.187005  1.192444 1.19
999 -0.994566 -2.187228  1.192662 1.19
