#Step   Etot   PotE Ktot  T
0 -0.994611 -2.636690  1.642078 1.64
1 -0.994620 -2.632389  1.637769 1.64
2 -0.994630 -2.625096  1.630465 1.63
3 -0.994639 -2.614660  1.620021 1.62
4 -0.994642 -2.600892  1.606249 1.61
5 -0.994634 -2.583562  1.588928 1.59
6 -0.994608 -2.562412  1.567804 1.57
7 -0.994555 -2.537158  1.542604 1.54
8 -0.994464 -2.507511  1.513047 1.51
9 -0.994325 -2.473203  1.478878 1.48
10 -0.994123 -2.434019  1.439896 1.44
11 -0.993844 -2.389851  1.396007 1.40
12 -0.993473 -2.340759  1.347287 1.35
13 -0.992995 -2.287045  1.294050 1.29
14 -0.992397 -2.229324  1.236927 1.24
15 -0.991671 -2.168583  1.176912 1.18
16 -0.990816 -2.106201  1.115386 1.12
17 -0.989835 -2.043901  1.054066 1.05
18 -0.988742 -1.983631  0.994889 0.99
19 -0.987551 -1.927381  0.939830 0.94
20 -0.986276 -1.876969  0.890693 0.89
21 -0.984924 -1.833854  0.848931 0.85
22 -0.983495 -1.799021  0.815527 0.82
23 -0.981980 -1.772944  0.790964 0.79
24 -0.980365 -1.755628  0.775263 0.78
25 -0.978631 -1.746690  0.768059 0.77
26 -0.976756 -1.745451  0.768695 0.77
27 -0.974718 -1.751030  0.776312 0.78
28 -0.972492 -1.762416  0.789923 0.79
29 -0.970058 -1.778538  0.808480 0.81
30 -0.967392 -1.798317  0.830925 0.83
31 -0.964476 -1.820707  0.856231 0.86
32 -0.961295 -1.844733  0.883438 0.88
33 -0.957835 -1.869511  0.911676 0.91
34 -0.954089 -1.894270  0.940180 0.94
35 -0.950051 -1.918357  0.968306 0.97
36 -0.945720 -1.941249  0.995529 1.00
37 -0.941098 -1.962545  1.021447 1.02
38 -0.936189 -1.981962  1.045772 1.05
39 -0.931003 -1.999319  1.068316 1.07
40 -0.925547 -2.014519  1.088971 1.09
41 -0.919834 -2.027517  1.107683 1.11
42 -0.913875 -2.038295  1.124420 1.12
43 -0.907681 -2.046830  1.139149 1.14
44 -0.901265 -2.053084  1.151819 1.15
45 -0.894636 -2.056993  1.162357 1.16
46 -0.887806 -2.058487  1.170681 1.17
47 -0.880784 -2.057517  1.176734 1.18
48 -0.873581 -2.054097  1.180516 1.18
49 -0.866209 -2.048345  1.182135 1.18
50 -0.858679 -2.040521  1.181842 1.18
51 -0.851001 -2.031061  1.180060 1.18
52 -0.843185 -2.020590  1.177404 1.18
53 -0.835239 -2.009911  1.174672 1.17
54 -0.827167 -1.999977  1.172810 1.17
55 -0.818971 -1.991807  1.172836 1.17
56 -0.810647 -1.986378  1.175731 1.18
57 -0.802185 -1.984478  1.182294 1.18
58 -0.793564 -1.986572  1.193008 1.19
59 -0.784758 -1.992703  1.207945 1.21
60 -0.775732 -2.002480  1.226747 1.23
61 -0.766450 -2.015140  1.248690 1.25
62 -0.756880 -2.029683  1.272803 1.27
63 -0.747001 -2.045023  1.298023 1.30
64 -0.736801 -2.060124  1.323323 1.32
65 -0.726281 -2.074092  1.347811 1.35
66 -0.715452 -2.086226  1.370774 1.37
67 -0.704332 -2.096025  1.391692 1.39
68 -0.692946 -2.103166  1.410220 1.41
69 -0.681319 -2.107473  1.426154 1.43
70 -0.669479 -2.108881  1.439402 1.44
71 -0.657453 -2.107401  1.449947 1.45
72 -0.645267 -2.103099  1.457831 1.46
73 -0.632946 -2.096083  1.463138 1.46
74 -0.620512 -2.086500  1.465988 1.47
75 -0.607986 -2.074534  1.466548 1.47
76 -0.595388 -2.060418  1.465030 1.47
77 -0.582733 -2.044438  1.461704 1.46
78 -0.570038 -2.026938  1.456900 1.46
79 -0.557313 -2.008317  1.451005 1.45
80 -0.544567 -1.989023  1.444456 1.44
81 -0.531805 -1.969538  1.437732 1.44
82 -0.519028 -1.950359  1.431330 1.43
83 -0.506234 -1.931980  1.425746 1.43
84 -0.493414 -1.914865  1.421451 1.42
85 -0.480560 -1.899417  1.418857 1.42
86 -0.467656 -1.885944  1.418288 1.42
87 -0.454687 -1.874627  1.419940 1.42
88 -0.441635 -1.865486  1.423852 1.42
89 -0.428478 -1.858364  1.429886 1.43
90 -0.415196 -1.852931  1.437734 1.44
91 -0.401772 -1.848719  1.446947 1.45
92 -0.388191 -1.845178  1.456987 1.46
93 -0.374442 -1.841737  1.467294 1.47
94 -0.360524 -1.837876  1.477352 1.48
95 -0.346440 -1.833175  1.486736 1.49
96 -0.332199 -1.827346  1.495147 1.50
97 -0.317814 -1.820229  1.502415 1.50
98 -0.303303 -1.811777  1.508473 1.51
99 -0.288684 -1.802001  1.513317 1.51
100 -0.273972 -1.790922  1.516951 1.52
101 -0.259183 -1.778521  1.519339 1.52
102 -0.244330 -1.764710  1.520381 1.52
103 -0.229423 -1.749343  1.519919 1.52
104 -0.214473 -1.732258  1.517784 1.52
105 -0.199489 -1.713356  1.513866 1.51
106 -0.184481 -1.692693  1.508212 1.51
107 -0.169454 -1.670592  1.501137 1.50
108 -0.154407 -1.647780  1.493373 1.49
109 -0.139324 -1.625603  1.486279 1.49
110 -0.124186 -1.606266  1.482080 1.48
111 -0.108991 -1.592897  1.483906 1.48
112 -0.093758 -1.589058  1.495300 1.50
113 -0.078495 -1.597526  1.519031 1.52
114 -0.063127 -1.618828  1.555701 1.56
115 -0.047476 -1.650621  1.603145 1.60
116 -0.031332 -1.688507  1.657175 1.66
117 -0.014556 -1.727726  1.713170 1.71
118 0.002876 -1.764579  1.767454 1.77
119 0.020895 -1.796955  1.817851 1.82
120 0.039398 -1.824119  1.863517 1.86
121 0.058274 -1.846181  1.904455 1.90
122 0.077431 -1.863604  1.941035 1.94
123 0.096792 -1.876884  1.973677 1.97
124 0.116300 -1.886403  2.002704 2.00
125 0.135908 -1.892433  2.028340 2.03
126 0.155575 -1.895237  2.050812 2.05
127 0.175265 -1.895226  2.070491 2.07
128 0.194939 -1.893080  2.088019 2.09
129 0.214553 -1.889756  2.104309 2.10
130 0.234061 -1.886321  2.120382 2.12
131 0.253424 -1.883623  2.137046 2.14
132 0.272618 -1.881913  2.154531 2.15
133 0.291641 -1.880627  2.172269 2.17
134 0.310503 -1.878440  2.188943 2.19
135 0.329205 -1.873566  2.202770 2.20
136 0.347732 -1.864152  2.211884 2.21
137 0.366047 -1.848610  2.214657 2.21
138 0.384100 -1.825819  2.209919 2.21
139 0.401837 -1.795240  2.197077 2.20
140 0.419213 -1.757018  2.176231 2.18
141 0.436193 -1.712132  2.148325 2.15
142 0.452749 -1.662550  2.115299 2.12
143 0.468855 -1.611273  2.080128 2.08
144 0.484474 -1.562064  2.046538 2.05
145 0.499581 -1.518748  2.018329 2.02
146 0.514183 -1.484251  1.998434 2.00
147 0.528344 -1.459818  1.988162 1.99
148 0.542176 -1.444853  1.987030 1.99
149 0.555798 -1.437411  1.993208 1.99
150 0.569293 -1.434954  2.004248 2.00
151 0.582703 -1.434953  2.017656 2.02
152 0.596036 -1.435160  2.031196 2.03
153 0.609286 -1.433692  2.042978 2.04
154 0.622444 -1.429106  2.051550 2.05
155 0.635500 -1.420572  2.056073 2.06
156 0.648444 -1.408140  2.056584 2.06
157 0.661254 -1.392979  2.054233 2.05
158 0.673893 -1.377404  2.051297 2.05
159 0.686309 -1.364522  2.050831 2.05
160 0.698453 -1.357474  2.055927 2.06
161 0.710308 -1.358492  2.068800 2.07
162 0.721905 -1.368202  2.090108 2.09
163 0.733317 -1.385547  2.118864 2.12
164 0.744622 -1.408334  2.152956 2.15
165 0.755872 -1.434086  2.189958 2.19
166 0.767077 -1.460778  2.227855 2.23
167 0.778206 -1.487213  2.265419 2.27
168 0.789205 -1.513014  2.302220 2.30
169 0.800011 -1.538353  2.338364 2.34
170 0.810561 -1.563553  2.374114 2.37
171 0.820807 -1.588728  2.409535 2.41
172 0.830716 -1.613586  2.444301 2.44
173 0.840266 -1.637462  2.477728 2.48
174 0.849438 -1.659553  2.508991 2.51
175 0.858204 -1.679197  2.537401 2.54
176 0.866524 -1.696066  2.562590 2.56
177 0.874350 -1.710197  2.584548 2.58
178 0.881635 -1.721868  2.603503 2.60
179 0.888335 -1.731410  2.619745 2.62
180 0.894420 -1.739041  2.633461 2.63
181 0.899869 -1.744785  2.644654 2.64
182 0.904670 -1.748500  2.653170 2.65
183 0.908816 -1.749978  2.658794 2.66
184 0.912305 -1.749080  2.661385 2.66
185 0.915130 -1.745848  2.660978 2.66
186 0.917286 -1.740538  2.657823 2.66
187 0.918761 -1.733562  2.652323 2.65
188 0.919547 -1.725322  2.644869 2.64
189 0.919639 -1.715999  2.635638 2.64
190 0.919045 -1.705371  2.624416 2.62
191 0.917789 -1.692783  2.610572 2.61
192 0.915908 -1.677302  2.593210 2.59
193 0.913451 -1.658036  2.571488 2.57
194 0.910468 -1.634522  2.544990 2.54
195 0.907006 -1.607049  2.514055 2.51
196 0.903106 -1.576858  2.479964 2.48
197 0.898794 -1.546143  2.444937 2.44
198 0.894079 -1.517818  2.411897 2.41
199 0.888948 -1.495054  2.384003 2.38
200 0.883377 -1.480641  2.364018 2.36
201 0.877337 -1.476352  2.353689 2.35
202 0.870813 -1.482519  2.353332 2.35
203 0.863801 -1.497989  2.361790 2.36
204 0.856307 -1.520458  2.376765 2.38
205 0.848335 -1.547030  2.395364 2.40
206 0.839879 -1.574777  2.414656 2.41
207 0.830931 -1.601150  2.432081 2.43
208 0.821480 -1.624172  2.445651 2.45
209 0.811519 -1.642465  2.453985 2.45
210 0.801057 -1.655197  2.456254 2.46
211 0.790110 -1.662004  2.452114 2.45
212 0.778712 -1.662944  2.441656 2.44
213 0.766899 -1.658481  2.425380 2.43
214 0.754716 -1.649470  2.404185 2.40
215 0.742200 -1.637121  2.379321 2.38
216 0.729386 -1.622907  2.352292 2.35
217 0.716295 -1.608390  2.324685 2.32
218 0.702943 -1.595010  2.297954 2.30
219 0.689340 -1.583869  2.273209 2.27
220 0.675493 -1.575579  2.251072 2.25
221 0.661413 -1.570228  2.231641 2.23
222 0.647109 -1.567459  2.214568 2.21
223 0.632595 -1.566622  2.199217 2.20
224 0.617881 -1.566961  2.184842 2.18
225 0.602980 -1.567767  2.170747 2.17
226 0.587905 -1.568488  2.156393 2.16
227 0.572668 -1.568780  2.141448 2.14
228 0.557283 -1.568505  2.125788 2.13
229 0.541762 -1.567697  2.109459 2.11
230 0.526116 -1.566490  2.092606 2.09
231 0.510356 -1.565038  2.075394 2.08
232 0.494493 -1.563416  2.057909 2.06
233 0.478539 -1.561556  2.040095 2.04
234 0.462511 -1.559211  2.021722 2.02
235 0.446434 -1.555996  2.002430 2.00
236 0.430338 -1.551497  1.981835 1.98
237 0.414256 -1.545409  1.959665 1.96
238 0.398220 -1.537657  1.935876 1.94
239 0.382255 -1.528454  1.910708 1.91
240 0.366381 -1.518271  1.884652 1.88
241 0.350613 -1.507738  1.858351 1.86
242 0.334959 -1.497503  1.832462 1.83
243 0.319427 -1.488115  1.807542 1.81
244 0.304025 -1.479972  1.783997 1.78
245 0.288759 -1.473342  1.762101 1.76
246 0.273637 -1.468464  1.742100 1.74
247 0.258660 -1.465676  1.724336 1.72
248 0.243820 -1.465530  1.709351 1.71
249 0.229098 -1.468823  1.697921 1.70
250 0.214452 -1.476516  1.690968 1.69
251 0.199830 -1.489533  1.689363 1.69
252 0.185168 -1.508491  1.693659 1.69
253 0.170403 -1.533446  1.703849 1.70
254 0.155482 -1.563762  1.719243 1.72
255 0.140363 -1.598140  1.738503 1.74
256 0.125023 -1.634813  1.759835 1.76
257 0.109449 -1.671816  1.781265 1.78
258 0.093643 -1.707249  1.800892 1.80
259 0.077616 -1.739474  1.817090 1.82
260 0.061391 -1.767220  1.828611 1.83
261 0.045003 -1.789615  1.834618 1.83
262 0.028495 -1.806174  1.834669 1.83
263 0.011917 -1.816762  1.828679 1.83
264 -0.004675 -1.821560  1.816885 1.82
265 -0.021225 -1.821022  1.799798 1.80
266 -0.037678 -1.815836  1.778158 1.78
267 -0.053986 -1.806865  1.752879 1.75
268 -0.070108 -1.795074  1.724966 1.72
269 -0.086014 -1.781441  1.695428 1.70
270 -0.101678 -1.766862  1.665184 1.67
271 -0.117084 -1.752079  1.634995 1.63
272 -0.132217 -1.737644  1.605426 1.61
273 -0.147070 -1.723930  1.576861 1.58
274 -0.161635 -1.711185  1.549549 1.55
275 -0.175912 -1.699585  1.523673 1.52
276 -0.189904 -1.689291  1.499387 1.50
277 -0.203620 -1.680461  1.476842 1.48
278 -0.217071 -1.673237  1.456166 1.46
279 -0.230271 -1.667708  1.437436 1.44
280 -0.243235 -1.663882  1.420648 1.42
281 -0.255973 -1.661677  1.405703 1.41
282 -0.268497 -1.660937  1.392440 1.39
283 -0.280812 -1.661497  1.380685 1.38
284 -0.292924 -1.663252  1.370328 1.37
285 -0.304840 -1.666236  1.361397 1.36
286 -0.316571 -1.670666  1.354095 1.35
287 -0.328135 -1.676921  1.348785 1.35
288 -0.339559 -1.685458  1.345899 1.35
289 -0.350873 -1.696663  1.345790 1.35
290 -0.362111 -1.710683  1.348572 1.35
291 -0.373299 -1.727295  1.353997 1.35
292 -0.384456 -1.745876  1.361420 1.36
293 -0.395590 -1.765475  1.369885 1.37
294 -0.406698 -1.784980  1.378282 1.38
295 -0.417771 -1.803303  1.385533 1.39
296 -0.428795 -1.819545  1.390750 1.39
297 -0.439754 -1.833089  1.393336 1.39
298 -0.450627 -1.843646  1.393019 1.39
299 -0.461394 -1.851239  1.389845 1.39
300 -0.472034 -1.856173  1.384139 1.38
301 -0.482529 -1.858998  1.376469 1.38
302 -0.492865 -1.860458  1.367593 1.37
303 -0.503036 -1.861439  1.358403 1.36
304 -0.513045 -1.862880  1.349835 1.35
305 -0.522906 -1.865653  1.342747 1.34
306 -0.532637 -1.870417  1.337780 1.34
307 -0.542257 -1.877474  1.335216 1.34
308 -0.551784 -1.886699  1.334915 1.33
309 -0.561226 -1.897556  1.336330 1.34
310 -0.570584 -1.909211  1.338627 1.34
311 -0.579853 -1.920704  1.340852 1.34
312 -0.589026 -1.931115  1.342089 1.34
313 -0.598093 -1.939679  1.341586 1.34
314 -0.607042 -1.945850  1.338808 1.34
315 -0.615860 -1.949300  1.333440 1.33
316 -0.624532 -1.949892  1.325360 1.33
317 -0.633040 -1.947634  1.314593 1.31
318 -0.641369 -1.942646  1.301277 1.30
319 -0.649499 -1.935130  1.285631 1.29
320 -0.657413 -1.925364  1.267951 1.27
321 -0.665094 -1.913709  1.248615 1.25
322 -0.672526 -1.900633  1.228107 1.23
323 -0.679699 -1.886738  1.207038 1.21
324 -0.686607 -1.872779  1.186171 1.19
325 -0.693253 -1.859655  1.166401 1.17
326 -0.699650 -1.848351  1.148701 1.15
327 -0.705818 -1.839818  1.134000 1.13
328 -0.711787 -1.834806  1.123019 1.12
329 -0.717583 -1.833690  1.116107 1.12
330 -0.723229 -1.836357  1.113128 1.11
331 -0.728735 -1.842208  1.113473 1.11
332 -0.734106 -1.850287  1.116181 1.12
333 -0.739338 -1.859481  1.120143 1.12
334 -0.744426 -1.868736  1.124309 1.12
335 -0.749368 -1.877219  1.127851 1.13
336 -0.754160 -1.884395  1.130236 1.13
337 -0.758799 -1.890041  1.131241 1.13
338 -0.763286 -1.894198  1.130911 1.13
339 -0.767619 -1.897112  1.129493 1.13
340 -0.771798 -1.899164  1.127366 1.13
341 -0.775824 -1.900801  1.124978 1.12
342 -0.779697 -1.902489  1.122792 1.12
343 -0.783422 -1.904665  1.121243 1.12
344 -0.787001 -1.907708  1.120707 1.12
345 -0.790439 -1.911912  1.121474 1.12
346 -0.793740 -1.917473  1.123733 1.12
347 -0.796910 -1.924471  1.127561 1.13
348 -0.799954 -1.932873  1.132919 1.13
349 -0.802873 -1.942532  1.139659 1.14
350 -0.805672 -1.953204  1.147532 1.15
351 -0.808351 -1.964566  1.156215 1.16
352 -0.810910 -1.976254  1.165344 1.17
353 -0.813348 -1.987890  1.174541 1.17
354 -0.815665 -1.999118  1.183453 1.18
355 -0.817859 -2.009634  1.191776 1.19
356 -0.819928 -2.019199  1.199271 1.20
357 -0.821874 -2.027648  1.205775 1.21
358 -0.823693 -2.034891  1.211198 1.21
359 -0.825387 -2.040903  1.215515 1.22
360 -0.826955 -2.045712  1.218757 1.22
361 -0.828396 -2.049393  1.220997 1.22
362 -0.829709 -2.052050  1.222341 1.22
363 -0.830894 -2.053815  1.222921 1.22
364 -0.831951 -2.054836  1.222885 1.22
365 -0.832880 -2.055275  1.222396 1.22
366 -0.833680 -2.055295  1.221615 1.22
367 -0.834352 -2.055055  1.220703 1.22
368 -0.834897 -2.054698  1.219802 1.22
369 -0.835314 -2.054342  1.219028 1.22
370 -0.835605 -2.054070  1.218465 1.22
371 -0.835769 -2.053927  1.218157 1.22
372 -0.835806 -2.053919  1.218113 1.22
373 -0.835715 -2.054025  1.218310 1.22
374 -0.835494 -2.054201  1.218707 1.22
375 -0.835143 -2.054405  1.219262 1.22
376 -0.834661 -2.054607  1.219946 1.22
377 -0.834047 -2.054804  1.220758 1.22
378 -0.833300 -2.055032  1.221732 1.22
379 -0.832422 -2.055360  1.222938 1.22
380 -0.831413 -2.055891  1.224478 1.22
381 -0.830275 -2.056737  1.226462 1.23
382 -0.829009 -2.058003  1.228994 1.23
383 -0.827617 -2.059761  1.232144 1.23
384 -0.826099 -2.062025  1.235926 1.24
385 -0.824455 -2.064737  1.240282 1.24
386 -0.822684 -2.067767  1.245083 1.25
387 -0.820785 -2.070917  1.250133 1.25
388 -0.818755 -2.073953  1.255198 1.26
389 -0.816593 -2.076625  1.260031 1.26
390 -0.814299 -2.078706  1.264407 1.26
391 -0.811873 -2.080016  1.268143 1.27
392 -0.809315 -2.080435  1.271120 1.27
393 -0.806628 -2.079919  1.273291 1.27
394 -0.803814 -2.078495  1.274681 1.27
395 -0.800875 -2.076263  1.275388 1.28
396 -0.797812 -2.073391  1.275579 1.28
397 -0.794627 -2.070115  1.275488 1.28
398 -0.791322 -2.066729  1.275408 1.28
399 -0.787896 -2.063583  1.275687 1.28
400 -0.784352 -2.061057  1.276705 1.28
401 -0.780689 -2.059536  1.278847 1.28
402 -0.776909 -2.059367  1.282458 1.28
403 -0.773010 -2.060811  1.287801 1.29
404 -0.768990 -2.063998  1.295008 1.30
405 -0.764846 -2.068896  1.304051 1.30
406 -0.760570 -2.075306  1.314736 1.31
407 -0.756156 -2.082881  1.326725 1.33
408 -0.751598 -2.091181  1.339582 1.34
409 -0.746891 -2.099731  1.352840 1.35
410 -0.742032 -2.108087  1.366055 1.37
411 -0.737023 -2.115886  1.378863 1.38
412 -0.731868 -2.122868  1.391000 1.39
413 -0.726574 -2.128877  1.402303 1.40
414 -0.721148 -2.133841  1.412692 1.41
415 -0.715600 -2.137742  1.422142 1.42
416 -0.709937 -2.140583  1.430647 1.43
417 -0.704165 -2.142361  1.438197 1.44
418 -0.698290 -2.143054  1.444763 1.44
419 -0.692319 -2.142613  1.450294 1.45
420 -0.686256 -2.140973  1.454717 1.45
421 -0.680105 -2.138056  1.457951 1.46
422 -0.673873 -2.133795  1.459922 1.46
423 -0.667562 -2.128138  1.460576 1.46
424 -0.661179 -2.121072  1.459893 1.46
425 -0.654728 -2.112631  1.457903 1.46
426 -0.648213 -2.102914  1.454701 1.45
427 -0.641639 -2.092092  1.450454 1.45
428 -0.635009 -2.080411  1.445403 1.45
429 -0.628327 -2.068186  1.439859 1.44
430 -0.621596 -2.055777  1.434181 1.43
431 -0.614818 -2.043561  1.428744 1.43
432 -0.607992 -2.031884  1.423892 1.42
433 -0.601119 -2.021022  1.419903 1.42
434 -0.594192 -2.011145  1.416953 1.42
435 -0.587206 -2.002307  1.415100 1.42
436 -0.580155 -1.994448  1.414294 1.41
437 -0.573030 -1.987415  1.414385 1.41
438 -0.565825 -1.980986  1.415160 1.42
439 -0.558537 -1.974898  1.416362 1.42
440 -0.551160 -1.968876  1.417716 1.42
441 -0.543694 -1.962652  1.418957 1.42
442 -0.536138 -1.955987  1.419849 1.42
443 -0.528492 -1.948703  1.420211 1.42
444 -0.520758 -1.940702  1.419943 1.42
445 -0.512938 -1.931989  1.419051 1.42
446 -0.505036 -1.922688  1.417653 1.42
447 -0.497055 -1.913029  1.415974 1.42
448 -0.489002 -1.903323  1.414321 1.41
449 -0.480878 -1.893909  1.413031 1.41
450 -0.472687 -1.885097  1.412411 1.41
451 -0.464427 -1.877104  1.412677 1.41
452 -0.456094 -1.870008  1.413914 1.41
453 -0.447682 -1.863731  1.416049 1.42
454 -0.439185 -1.858047  1.418862 1.42
455 -0.430597 -1.852608  1.422011 1.42
456 -0.421913 -1.846990  1.425078 1.43
457 -0.413129 -1.840751  1.427622 1.43
458 -0.404242 -1.833505  1.429263 1.43
459 -0.395249 -1.825029  1.429780 1.43
460 -0.386149 -1.815390  1.429241 1.43
461 -0.376943 -1.805070  1.428127 1.43
462 -0.367636 -1.795035  1.427399 1.43
463 -0.358240 -1.786681  1.428442 1.43
464 -0.348768 -1.781615  1.432848 1.43
465 -0.339226 -1.781282  1.442056 1.44
466 -0.329604 -1.786570  1.456966 1.46
467 -0.319870 -1.797529  1.477659 1.48
468 -0.309975 -1.813349  1.503374 1.50
469 -0.299868 -1.832576  1.532708 1.53
470 -0.289512 -1.853478  1.563966 1.56
471 -0.278890 -1.874384  1.595494 1.60
472 -0.268008 -1.893909  1.625900 1.63
473 -0.256889 -1.911029  1.654140 1.65
474 -0.245566 -1.925058  1.679492 1.68
475 -0.234074 -1.935567  1.701493 1.70
476 -0.222451 -1.942318  1.719867 1.72
477 -0.210730 -1.945207  1.734477 1.73
478 -0.198945 -1.944243  1.745298 1.75
479 -0.187126 -1.939541  1.752415 1.75
480 -0.175300 -1.931333  1.756034 1.76
481 -0.163489 -1.919989  1.756500 1.76
482 -0.151713 -1.906046  1.754333 1.75
483 -0.139987 -1.890240  1.750253 1.75
484 -0.128322 -1.873520  1.745199 1.75
485 -0.116725 -1.857034  1.740309 1.74
486 -0.105202 -1.842056  1.736854 1.74
487 -0.093752 -1.829863  1.736111 1.74
488 -0.082370 -1.821560  1.739189 1.74
489 -0.071042 -1.817894  1.746852 1.75
490 -0.059746 -1.819111  1.759365 1.76
491 -0.048452 -1.824895  1.776443 1.78
492 -0.037132 -1.834413  1.797281 1.80
493 -0.025758 -1.846452  1.820693 1.82
494 -0.014315 -1.859607  1.845292 1.85
495 -0.002798 -1.872479  1.869681 1.87
496 0.008781 -1.883824  1.892605 1.89
497 0.020403 -1.892645  1.913047 1.91
498 0.032035 -1.898216  1.930251 1.93
499 0.043644 -1.900065  1.943709 1.94
500 0.055194 -1.897922  1.953116 1.95
501 0.066655 -1.891675  1.958330 1.96
502 0.077997 -1.881351  1.959348 1.96
503 0.089198 -1.867119  1.956318 1.96
504 0.100242 -1.849332  1.949574 1.95
505 0.111116 -1.828582  1.939698 1.94
506 0.121810 -1.805760  1.927571 1.93
507 0.132317 -1.782067  1.914385 1.91
508 0.142629 -1.758957  1.901585 1.90
509 0.152736 -1.737958  1.890694 1.89
510 0.162632 -1.720396  1.883029 1.88
511 0.172322 -1.707053  1.879375 1.88
512 0.181820 -1.697899  1.879719 1.88
513 0.191158 -1.691998  1.883156 1.88
514 0.200376 -1.687671  1.888047 1.89
515 0.209512 -1.682882  1.892394 1.89
516 0.218596 -1.675756  1.894352 1.89
517 0.227644 -1.665101  1.892745 1.89
518 0.236654 -1.650834  1.887488 1.89
519 0.245604 -1.634182  1.879786 1.88
520 0.254450 -1.617537  1.871987 1.87
521 0.263133 -1.603881  1.867014 1.87
522 0.271607 -1.595855  1.867461 1.87
523 0.279868 -1.594853  1.874721 1.87
524 0.287964 -1.600612  1.888577 1.89
525 0.295971 -1.611506  1.907477 1.91
526 0.303953 -1.625319  1.929272 1.93
527 0.311939 -1.640037  1.951976 1.95
528 0.319924 -1.654325  1.974249 1.97
529 0.327883 -1.667659  1.995542 2.00
530 0.335783 -1.680216  2.015998 2.02
531 0.343588 -1.692659  2.036247 2.04
532 0.351266 -1.705884  2.057150 2.06
533 0.358786 -1.720736  2.079522 2.08
534 0.366126 -1.737749  2.103875 2.10
535 0.373270 -1.756959  2.130229 2.13
536 0.380210 -1.777835  2.158044 2.16
537 0.386936 -1.799338  2.186274 2.19
538 0.393438 -1.820050  2.213488 2.21
539 0.399696 -1.838318  2.238015 2.24
540 0.405690 -1.852389  2.258079 2.26
541 0.411397 -1.860535  2.271932 2.27
542 0.416795 -1.861189  2.277984 2.28
543 0.421866 -1.853075  2.274940 2.27
544 0.426599 -1.835338  2.261937 2.26
545 0.430994 -1.807687  2.238681 2.24
546 0.435060 -1.770540  2.205599 2.21
547 0.438815 -1.725182  2.163997 2.16
548 0.442285 -1.673895  2.116180 2.12
549 0.445494 -1.620006  2.065500 2.07
550 0.448458 -1.567776  2.016234 2.02
551 0.451173 -1.522054  1.973226 1.97
552 0.453603 -1.487553  1.941155 1.94
553 0.455698 -1.467717  1.923415 1.92
554 0.457449 -1.463490  1.920938 1.92
555 0.458921 -1.472783  1.931703 1.93
556 0.460230 -1.491203  1.951434 1.95
557 0.461471 -1.513670  1.975142 1.98
558 0.462671 -1.535900  1.998570 2.00
559 0.463800 -1.555089  2.018889 2.02
560 0.464811 -1.569846  2.034658 2.03
561 0.465663 -1.579787  2.045450 2.05
562 0.466329 -1.585137  2.051466 2.05
563 0.466798 -1.586494  2.053292 2.05
564 0.467066 -1.584728  2.051795 2.05
565 0.467136 -1.580952  2.048088 2.05
566 0.467006 -1.576500  2.043506 2.04
567 0.466669 -1.572853  2.039523 2.04
568 0.466116 -1.571489  2.037605 2.04
569 0.465329 -1.573653  2.038982 2.04
570 0.464292 -1.580100  2.044392 2.04
571 0.462991 -1.590869  2.053860 2.05
572 0.461421 -1.605174  2.066595 2.07
573 0.459585 -1.621460  2.081045 2.08
574 0.457493 -1.637620  2.095113 2.10
575 0.455155 -1.651316  2.106472 2.11
576 0.452584 -1.660304  2.112888 2.11
577 0.449788 -1.662700  2.112487 2.11
578 0.446783 -1.657157  2.103940 2.10
579 0.443596 -1.642992  2.086588 2.09
580 0.440270 -1.620337  2.060608 2.06
581 0.436864 -1.590417  2.027281 2.03
582 0.433427 -1.555868  1.989295 1.99
583 0.429963 -1.520846  1.950809 1.95
584 0.426404 -1.490455  1.916858 1.92
585 0.422649 -1.469342  1.891991 1.89
586 0.418639 -1.460047  1.878686 1.88
587 0.414400 -1.462191  1.876590 1.88
588 0.410011 -1.473077  1.883087 1.88
589 0.405533 -1.489152  1.894685 1.89
590 0.400980 -1.507278  1.908257 1.91
591 0.396335 -1.525303  1.921638 1.92
592 0.391574 -1.542083  1.933658 1.93
593 0.386680 -1.557277  1.943957 1.94
594 0.381636 -1.571134  1.952770 1.95
595 0.376429 -1.584302  1.960731 1.96
596 0.371042 -1.597622  1.968664 1.97
597 0.365457 -1.611915  1.977372 1.98
598 0.359654 -1.627773  1.987428 1.99
599 0.353621 -1.645406  1.999026 2.00
600 0.347346 -1.664578  2.011925 2.01
601 0.340827 -1.684653  2.025480 2.03
602 0.334062 -1.704707  2.038769 2.04
603 0.327054 -1.723697  2.050751 2.05
604 0.319805 -1.740615  2.060421 2.06
605 0.312323 -1.754611  2.066933 2.07
606 0.304613 -1.765063  2.069676 2.07
607 0.296688 -1.771606  2.068293 2.07
608 0.288559 -1.774111  2.062670 2.06
609 0.280243 -1.772648  2.052891 2.05
610 0.271761 -1.767429  2.039189 2.04
611 0.263132 -1.758746  2.021879 2.02
612 0.254383 -1.746923  2.001306 2.00
613 0.245538 -1.732265  1.977803 1.98
614 0.236627 -1.715044  1.951671 1.95
615 0.227682 -1.695498  1.923179 1.92
616 0.218736 -1.673880  1.892616 1.89
617 0.209827 -1.650538  1.860364 1.86
618 0.200992 -1.626038  1.827030 1.83
619 0.192265 -1.601314  1.793580 1.79
620 0.183670 -1.577789  1.761459 1.76
621 0.175211 -1.557415  1.732626 1.73
622 0.166866 -1.542556  1.709422 1.71
623 0.158586 -1.535650  1.694236 1.69
624 0.150299 -1.538699  1.688998 1.69
625 0.141931 -1.552697  1.694628 1.69
626 0.133422 -1.577222  1.710644 1.71
627 0.124739 -1.610400  1.735139 1.74
628 0.115874 -1.649297  1.765170 1.77
629 0.106827 -1.690586  1.797413 1.80
630 0.097600 -1.731212  1.828812 1.83
631 0.088185 -1.768827  1.857012 1.86
632 0.078577 -1.801928  1.880506 1.88
633 0.068773 -1.829782  1.898554 1.90
634 0.058774 -1.852233  1.911007 1.91
635 0.048593 -1.869509  1.918102 1.92
636 0.038244 -1.882040  1.920284 1.92
637 0.027747 -1.890334  1.918081 1.92
638 0.017123 -1.894879  1.912002 1.91
639 0.006397 -1.896087  1.902484 1.90
640 -0.004406 -1.894274  1.889868 1.89
641 -0.015258 -1.889670  1.874412 1.87
642 -0.026129 -1.882452  1.856323 1.86
643 -0.036991 -1.872799  1.835808 1.84
644 -0.047814 -1.860946  1.813133 1.81
645 -0.058571 -1.847227  1.788656 1.79
646 -0.069241 -1.832092  1.762851 1.76
647 -0.079803 -1.816101  1.736298 1.74
648 -0.090243 -1.799893  1.709650 1.71
649 -0.100553 -1.784133  1.683581 1.68
650 -0.110726 -1.769458  1.658731 1.66
651 -0.120764 -1.756413  1.635648 1.64
652 -0.130668 -1.745418  1.614750 1.61
653 -0.140444 -1.736744  1.596301 1.60
654 -0.150097 -1.730515  1.580418 1.58
655 -0.159635 -1.726725  1.567090 1.57
656 -0.169067 -1.725268  1.556201 1.56
657 -0.178403 -1.725971  1.547569 1.55
658 -0.187651 -1.728614  1.540963 1.54
659 -0.196822 -1.732949  1.536127 1.54
660 -0.205923 -1.738712  1.532789 1.53
661 -0.214962 -1.745634  1.530672 1.53
662 -0.223944 -1.753448  1.529504 1.53
663 -0.232873 -1.761908  1.529034 1.53
664 -0.241754 -1.770800  1.529047 1.53
665 -0.250587 -1.779960  1.529374 1.53
666 -0.259375 -1.789274  1.529899 1.53
667 -0.268121 -1.798674  1.530553 1.53
668 -0.276828 -1.808124  1.531296 1.53
669 -0.285497 -1.817590  1.532092 1.53
670 -0.294131 -1.827023  1.532892 1.53
671 -0.302730 -1.836340  1.533609 1.53
672 -0.311294 -1.845414  1.534120 1.53
673 -0.319821 -1.854089  1.534268 1.53
674 -0.328308 -1.862184  1.533876 1.53
675 -0.336751 -1.869512  1.532761 1.53
676 -0.345146 -1.875888  1.530742 1.53
677 -0.353487 -1.881133  1.527646 1.53
678 -0.361767 -1.885083  1.523316 1.52
679 -0.369976 -1.887591  1.517614 1.52
680 -0.378103 -1.888553  1.510450 1.51
681 -0.386135 -1.887944  1.501810 1.50
682 -0.394055 -1.885866  1.491811 1.49
683 -0.401852 -1.882604  1.480752 1.48
684 -0.409515 -1.878664  1.469149 1.47
685 -0.417043 -1.874774  1.457731 1.46
686 -0.424442 -1.871813  1.447371 1.45
687 -0.431726 -1.870679  1.438953 1.44
688 -0.438915 -1.872110  1.433196 1.43
689 -0.446026 -1.876518  1.430493 1.43
690 -0.453073 -1.883902  1.430829 1.43
691 -0.460063 -1.893864  1.433801 1.43
692 -0.466999 -1.905733  1.438734 1.44
693 -0.473884 -1.918718  1.444834 1.44
694 -0.480718 -1.932047  1.451328 1.45
695 -0.487505 -1.945055  1.457551 1.46
696 -0.494244 -1.957219  1.462975 1.46
697 -0.500936 -1.968146  1.467209 1.47
698 -0.507579 -1.977552  1.469973 1.47
699 -0.514167 -1.985239  1.471072 1.47
700 -0.520694 -1.991075  1.470381 1.47
701 -0.527152 -1.994989  1.467837 1.47
702 -0.533532 -1.996963  1.463430 1.46
703 -0.539825 -1.997033  1.457208 1.46
704 -0.546020 -1.995291  1.449271 1.45
705 -0.552110 -1.991880  1.439770 1.44
706 -0.558085 -1.986987  1.428902 1.43
707 -0.563938 -1.980831  1.416893 1.42
708 -0.569663 -1.973645  1.403982 1.40
709 -0.575256 -1.965649  1.390394 1.39
710 -0.580711 -1.957027  1.376316 1.38
711 -0.586025 -1.947902  1.361877 1.36
712 -0.591192 -1.938331  1.347139 1.35
713 -0.596205 -1.928319  1.332114 1.33
714 -0.601055 -1.917870  1.316815 1.32
715 -0.605731 -1.907062  1.301331 1.30
716 -0.610223 -1.896141  1.285918 1.29
717 -0.614529 -1.885601  1.271072 1.27
718 -0.618652 -1.876201  1.257550 1.26
719 -0.622607 -1.868889  1.246282 1.25
720 -0.626417 -1.864610  1.238193 1.24
721 -0.630105 -1.864069  1.233964 1.23
722 -0.633688 -1.867522  1.233833 1.23
723 -0.637173 -1.874702  1.237529 1.24
724 -0.640555 -1.884914  1.244359 1.24
725 -0.643830 -1.897244  1.253415 1.25
726 -0.646994 -1.910785  1.263791 1.26
727 -0.650047 -1.924792  1.274745 1.27
728 -0.652995 -1.938756  1.285761 1.29
729 -0.655843 -1.952381  1.296538 1.30
730 -0.658597 -1.965534  1.306937 1.31
731 -0.661261 -1.978182  1.316920 1.32
732 -0.663838 -1.990337  1.326499 1.33
733 -0.666330 -2.002031  1.335701 1.34
734 -0.668738 -2.013294  1.344556 1.34
735 -0.671061 -2.024152  1.353091 1.35
736 -0.673303 -2.034631  1.361328 1.36
737 -0.675463 -2.044745  1.369282 1.37
738 -0.677544 -2.054503  1.376959 1.38
739 -0.679546 -2.063894  1.384347 1.38
740 -0.681473 -2.072880  1.391407 1.39
741 -0.683325 -2.081387  1.398062 1.40
742 -0.685103 -2.089299  1.404196 1.40
743 -0.686809 -2.096454  1.409646 1.41
744 -0.688440 -2.102652  1.414212 1.41
745 -0.689997 -2.107665  1.417667 1.42
746 -0.691477 -2.111258  1.419781 1.42
747 -0.692877 -2.113221  1.420345 1.42
748 -0.694192 -2.113397  1.419205 1.42
749 -0.695419 -2.111721  1.416302 1.42
750 -0.696554 -2.108247  1.411694 1.41
751 -0.697594 -2.103170  1.405576 1.41
752 -0.698539 -2.096818  1.398279 1.40
753 -0.699389 -2.089631  1.390242 1.39
754 -0.700148 -2.082100  1.381952 1.38
755 -0.700817 -2.074701  1.373884 1.37
756 -0.701400 -2.067816  1.366416 1.37
757 -0.701897 -2.061672  1.359775 1.36
758 -0.702308 -2.056312  1.354004 1.35
759 -0.702628 -2.051600  1.348972 1.35
760 -0.702854 -2.047257  1.344403 1.34
761 -0.702981 -2.042917  1.339936 1.34
762 -0.703006 -2.038181  1.335175 1.34
763 -0.702924 -2.032666  1.329742 1.33
764 -0.702733 -2.026052  1.323318 1.32
765 -0.702431 -2.018105  1.315674 1.32
766 -0.702013 -2.008713  1.306699 1.31
767 -0.701479 -1.997904  1.296425 1.30
768 -0.700825 -1.985870  1.285045 1.29
769 -0.700050 -1.972971  1.272921 1.27
770 -0.699155 -1.959737  1.260581 1.26
771 -0.698142 -1.946828  1.248686 1.25
772 -0.697013 -1.934991  1.237978 1.24
773 -0.695772 -1.924983  1.229212 1.23
774 -0.694420 -1.917491  1.223071 1.22
775 -0.692958 -1.913055  1.220097 1.22
776 -0.691385 -1.912011  1.220626 1.22
777 -0.689696 -1.914461  1.224765 1.22
778 -0.687885 -1.920277  1.232392 1.23
779 -0.685944 -1.929129  1.243185 1.24
780 -0.683866 -1.940537  1.256671 1.26
781 -0.681644 -1.953933  1.272289 1.27
782 -0.679274 -1.968717  1.289443 1.29
783 -0.676755 -1.984296  1.307541 1.31
784 -0.674087 -2.000107  1.326020 1.33
785 -0.671274 -2.015619  1.344345 1.34
786 -0.668321 -2.030323  1.362002 1.36
787 -0.665233 -2.043711  1.378478 1.38
788 -0.662016 -2.055278  1.393262 1.39
789 -0.658676 -2.064523  1.405847 1.41
790 -0.655219 -2.070973  1.415754 1.42
791 -0.651651 -2.074214  1.422563 1.42
792 -0.647980 -2.073925  1.425945 1.43
793 -0.644214 -2.069912  1.425698 1.43
794 -0.640362 -2.062126  1.421764 1.42
795 -0.636433 -2.050677  1.414244 1.41
796 -0.632433 -2.035833  1.403400 1.40
797 -0.628372 -2.018020  1.389648 1.39
798 -0.624253 -1.997810  1.373557 1.37
799 -0.620079 -1.975918  1.355839 1.36
800 -0.615854 -1.953197  1.337342 1.34
801 -0.611578 -1.930611  1.319033 1.32
802 -0.607251 -1.909206  1.301955 1.30
803 -0.602873 -1.890032  1.287159 1.29
804 -0.598443 -1.874039  1.275596 1.28
805 -0.593955 -1.861957  1.268002 1.27
806 -0.589399 -1.854185  1.264786 1.26
807 -0.584759 -1.850731  1.265972 1.27
808 -0.580013 -1.851223  1.271210 1.27
809 -0.575140 -1.854983  1.279843 1.28
810 -0.570120 -1.861145  1.291025 1.29
811 -0.564937 -1.868778  1.303841 1.30
812 -0.559584 -1.876988  1.317404 1.32
813 -0.554057 -1.884987  1.330930 1.33
814 -0.548358 -1.892131  1.343773 1.34
815 -0.542492 -1.897936  1.355444 1.36
816 -0.536469 -1.902079  1.365610 1.37
817 -0.530296 -1.904388  1.374092 1.37
818 -0.523983 -1.904837  1.380853 1.38
819 -0.517542 -1.903534  1.385991 1.39
820 -0.510982 -1.900703  1.389721 1.39
821 -0.504314 -1.896661  1.392347 1.39
822 -0.497546 -1.891770  1.394224 1.39
823 -0.490687 -1.886388  1.395701 1.40
824 -0.483742 -1.880805  1.397063 1.40
825 -0.476715 -1.875188  1.398473 1.40
826 -0.469607 -1.869547  1.399940 1.40
827 -0.462414 -1.863732  1.401318 1.40
828 -0.455134 -1.857472  1.402337 1.40
829 -0.447764 -1.850428  1.402665 1.40
830 -0.440301 -1.842281  1.401980 1.40
831 -0.432745 -1.832807  1.400061 1.40
832 -0.425097 -1.821970  1.396872 1.40
833 -0.417359 -1.809998  1.392639 1.39
834 -0.409534 -1.797446  1.387913 1.39
835 -0.401627 -1.785203  1.383575 1.38
836 -0.393650 -1.774411  1.380762 1.38
837 -0.385611 -1.766276  1.380666 1.38
838 -0.377514 -1.761771  1.384256 1.38
839 -0.369351 -1.761347  1.391996 1.39
840 -0.361093 -1.764781  1.403688 1.40
841 -0.352704 -1.771226  1.418522 1.42
842 -0.344148 -1.779456  1.435308 1.44
843 -0.335400 -1.788170  1.452770 1.45
844 -0.326455 -1.796242  1.469787 1.47
845 -0.317321 -1.802832  1.485511 1.49
846 -0.308013 -1.807406  1.499394 1.50
847 -0.298547 -1.809706  1.511158 1.51
848 -0.288941 -1.809731  1.520790 1.52
849 -0.279210 -1.807751  1.528541 1.53
850 -0.269371 -1.804307  1.534936 1.53
851 -0.259444 -1.800159  1.540715 1.54
852 -0.249450 -1.796141  1.546691 1.55
853 -0.239406 -1.792931  1.553525 1.55
854 -0.229315 -1.790824  1.561508 1.56
855 -0.219167 -1.789628  1.570461 1.57
856 -0.208936 -1.788766  1.579830 1.58
857 -0.198600 -1.787563  1.588962 1.59
858 -0.188147 -1.785594  1.597447 1.60
859 -0.177582 -1.782929  1.605347 1.61
860 -0.166929 -1.780152  1.613222 1.61
861 -0.156219 -1.778121  1.621902 1.62
862 -0.145476 -1.777583  1.632107 1.63
863 -0.134706 -1.778792  1.644086 1.64
864 -0.123897 -1.781336  1.657439 1.66
865 -0.113026 -1.784210  1.671184 1.67
866 -0.102078 -1.786085  1.684007 1.68
867 -0.091048 -1.785605  1.694557 1.69
868 -0.079950 -1.781621  1.701670 1.70
869 -0.068810 -1.773302  1.704492 1.70
870 -0.057656 -1.760175  1.702519 1.70
871 -0.046519 -1.742127  1.695608 1.70
872 -0.035428 -1.719412  1.683984 1.68
873 -0.024405 -1.692668  1.668264 1.67
874 -0.013470 -1.662940  1.649470 1.65
875 -0.002637 -1.631674  1.629037 1.63
876 0.008085 -1.600671  1.608755 1.61
877 0.018694 -1.571977  1.590671 1.59
878 0.029198 -1.547711  1.576910 1.58
879 0.039617 -1.529856  1.569473 1.57
880 0.049981 -1.520030  1.570011 1.57
881 0.060335 -1.519300  1.579635 1.58
882 0.070731 -1.528043  1.598774 1.60
883 0.081228 -1.545894  1.627122 1.63
884 0.091885 -1.571790  1.663675 1.66
885 0.102752 -1.604096  1.706847 1.71
886 0.113867 -1.640783  1.754650 1.75
887 0.125252 -1.679645  1.804897 1.80
888 0.136905 -1.718487  1.855392 1.86
889 0.148806 -1.755277  1.904083 1.90
890 0.160918 -1.788254  1.949173 1.95
891 0.173190 -1.815988  1.989178 1.99
892 0.185565 -1.837411  2.022977 2.02
893 0.197982 -1.851852  2.049834 2.05
894 0.210383 -1.859068  2.069451 2.07
895 0.222712 -1.859302  2.082014 2.08
896 0.234921 -1.853333  2.088254 2.09
897 0.246967 -1.842512  2.089479 2.09
898 0.258810 -1.828724  2.087534 2.09
899 0.270418 -1.814244  2.084662 2.08
900 0.281762 -1.801462  2.083225 2.08
901 0.292826 -1.792508  2.085334 2.09
902 0.303608 -1.788848  2.092456 2.09
903 0.314123 -1.791000  2.105123 2.11
904 0.324400 -1.798437  2.122837 2.12
905 0.334474 -1.809733  2.144207 2.14
906 0.344370 -1.822876  2.167245 2.17
907 0.354100 -1.835643  2.189743 2.19
908 0.363658 -1.845945  2.209603 2.21
909 0.373025 -1.852069  2.225094 2.23
910 0.382171 -1.852831  2.235002 2.24
911 0.391063 -1.847635  2.238698 2.24
912 0.399670 -1.836485  2.236155 2.24
913 0.407964 -1.819942  2.227905 2.23
914 0.415922 -1.799051  2.214974 2.21
915 0.423529 -1.775225  2.198754 2.20
916 0.430774 -1.750073  2.180846 2.18
917 0.437652 -1.725210  2.162862 2.16
918 0.444169 -1.702054  2.146223 2.15
919 0.450339 -1.681675  2.132014 2.13
920 0.456182 -1.664731  2.120913 2.12
921 0.461723 -1.651497  2.113220 2.11
922 0.466984 -1.641953  2.108938 2.11
923 0.471982 -1.635884  2.107866 2.11
924 0.476727 -1.632939  2.109665 2.11
925 0.481223 -1.632655  2.113878 2.11
926 0.485474 -1.634469  2.119943 2.12
927 0.489482 -1.637734  2.127216 2.13
928 0.493250 -1.641771  2.135020 2.14
929 0.496775 -1.645940  2.142715 2.14
930 0.500054 -1.649709  2.149763 2.15
931 0.503083 -1.652702  2.155785 2.16
932 0.505856 -1.654727  2.160583 2.16
933 0.508365 -1.655782  2.164147 2.16
934 0.510604 -1.656036  2.166640 2.17
935 0.512565 -1.655789  2.168355 2.17
936 0.514237 -1.655395  2.169632 2.17
937 0.515609 -1.655133  2.170742 2.17
938 0.516671 -1.655059  2.171730 2.17
939 0.517420 -1.654886  2.172306 2.17
940 0.517861 -1.653945  2.171805 2.17
941 0.518005 -1.651272  2.169277 2.17
942 0.517871 -1.645792  2.163663 2.16
943 0.517476 -1.636544  2.154021 2.15
944 0.516838 -1.622896  2.139735 2.14
945 0.515974 -1.604688  2.120662 2.12
946 0.514899 -1.582303  2.097202 2.10
947 0.513627 -1.556655  2.070282 2.07
948 0.512169 -1.529096  2.041265 2.04
949 0.510534 -1.501249  2.011784 2.01
950 0.508729 -1.474794  1.983523 1.98
951 0.506759 -1.451241  1.958000 1.96
952 0.504631 -1.431737  1.936368 1.94
953 0.502353 -1.416943  1.919297 1.92
954 0.499937 -1.407015  1.906951 1.91
955 0.497391 -1.401662  1.899053 1.90
956 0.494725 -1.400271  1.894996 1.89
957 0.491943 -1.402039  1.893982 1.89
958 0.489048 -1.406096  1.895144 1.90
959 0.486044 -1.411612  1.897656 1.90
960 0.482931 -1.417897  1.900828 1.90
961 0.479710 -1.424485  1.904195 1.90
962 0.476378 -1.431188  1.907566 1.91
963 0.472928 -1.438082  1.911010 1.91
964 0.469349 -1.445431  1.914780 1.91
965 0.465630 -1.453572  1.919203 1.92
966 0.461764 -1.462806  1.924569 1.92
967 0.457743 -1.473321  1.931064 1.93
968 0.453563 -1.485188  1.938751 1.94
969 0.449220 -1.498375  1.947595 1.95
970 0.444709 -1.512798  1.957507 1.96
971 0.440022 -1.528354  1.968376 1.97
972 0.435149 -1.544942  1.980091 1.98
973 0.430080 -1.562459  1.992539 1.99
974 0.424802 -1.580784  2.005586 2.01
975 0.419303 -1.599748  2.019051 2.02
976 0.413572 -1.619111  2.032684 2.03
977 0.407600 -1.638554  2.046154 2.05
978 0.401378 -1.657677  2.059055 2.06
979 0.394901 -1.676026  2.070927 2.07
980 0.388166 -1.693122  2.081289 2.08
981 0.381172 -1.708495  2.089667 2.09
982 0.373918 -1.721704  2.095622 2.10
983 0.366411 -1.732354  2.098765 2.10
984 0.358658 -1.740114  2.098773 2.10
985 0.350671 -1.744728  2.095399 2.10
986 0.342464 -1.746022  2.088486 2.09
987 0.334057 -1.743910  2.077967 2.08
988 0.325469 -1.738388  2.063856 2.06
989 0.316722 -1.729499  2.046221 2.05
990 0.307841 -1.717309  2.025151 2.03
991 0.298858 -1.701880  2.000737 2.00
992 0.289805 -1.683271  1.973076 1.97
993 0.280722 -1.661593  1.942315 1.94
994 0.271651 -1.637088  1.908739 1.91
995 0.262632 -1.610237  1.872870 1.87
996 0.253702 -1.581849  1.835550 1.84
997 0.244885 -1.553092  1.797977 1.80
998 0.236196 -1.525456  1.761652 1.76
999 0.227635 -1.500617  1.728252 1.73
1000 0.219188 -1.480238  1.699426 1.70
1001 0.210830 -1.465728  1.676558 1.68
1002 0.202530 -1.458002  1.660532 1.66
1003 0.194254 -1.457301  1.651555 1.65
1004 0.185974 -1.463094  1.649067 1.65
1005 0.177670 -1.474130  1.651800 1.65
1006 0.169336 -1.488629  1.657966 1.66
1007 0.160975 -1.504588  1.665563 1.67
1008 0.152595 -1.520115  1.672710 1.67
1009 0.144205 -1.533718  1.677924 1.68
1010 0.135816 -1.544474  1.680290 1.68
1011 0.127435 -1.552070  1.679505 1.68
1012 0.119068 -1.556730  1.675798 1.68
1013 0.110717 -1.559066  1.669783 1.67
1014 0.102383 -1.559880  1.662263 1.66
1015 0.094066 -1.559965  1.654031 1.65
1016 0.085764 -1.559927  1.645691 1.65
1017 0.077479 -1.560072  1.637551 1.64
1018 0.069218 -1.560374  1.629592 1.63
1019 0.060992 -1.560530  1.621522 1.62
1020 0.052816 -1.560099  1.612915 1.61
1021 0.044707 -1.558664  1.603372 1.60
1022 0.036682 -1.555992  1.592675 1.59
1023 0.028751 -1.552136  1.580888 1.58
1024 0.020921 -1.547457  1.568379 1.57
1025 0.013192 -1.542566  1.555759 1.56
1026 0.005560 -1.538204  1.543764 1.54
1027 -0.001983 -1.535102  1.533119 1.53
1028 -0.009444 -1.533865  1.524421 1.52
1029 -0.016829 -1.534904  1.518074 1.52
1030 -0.024147 -1.538428  1.514281 1.51
1031 -0.031403 -1.544480  1.513077 1.51
1032 -0.038608 -1.552989  1.514381 1.51
1033 -0.045772 -1.563815  1.518043 1.52
1034 -0.052906 -1.576780  1.523874 1.52
1035 -0.060023 -1.591679  1.531656 1.53
1036 -0.067136 -1.608274  1.541138 1.54
1037 -0.074256 -1.626291  1.552035 1.55
1038 -0.081394 -1.645410  1.564016 1.56
1039 -0.088559 -1.665263  1.576703 1.58
1040 -0.095759 -1.685429  1.589669 1.59
1041 -0.103000 -1.705444  1.602444 1.60
1042 -0.110282 -1.724819  1.614537 1.61
1043 -0.117607 -1.743064  1.625457 1.63
1044 -0.124969 -1.759727  1.634758 1.63
1045 -0.132363 -1.774437  1.642074 1.64
1046 -0.139781 -1.786938  1.647157 1.65
1047 -0.147212 -1.797128  1.649916 1.65
1048 -0.154649 -1.805078  1.650430 1.65
1049 -0.162080 -1.811036  1.648956 1.65
1050 -0.169499 -1.815415  1.645916 1.65
1051 -0.176900 -1.818761  1.641861 1.64
1052 -0.184282 -1.821698  1.637417 1.64
1053 -0.191646 -1.824859  1.633213 1.63
1054 -0.198998 -1.828799  1.629801 1.63
1055 -0.206343 -1.833924  1.627581 1.63
1056 -0.213687 -1.840425  1.626738 1.63
1057 -0.221034 -1.848260  1.627226 1.63
1058 -0.228388 -1.857171  1.628783 1.63
1059 -0.235747 -1.866745  1.630998 1.63
1060 -0.243109 -1.876504  1.633395 1.63
1061 -0.250470 -1.885995  1.635525 1.64
1062 -0.257827 -1.894872  1.637045 1.64
1063 -0.265176 -1.902947  1.637771 1.64
1064 -0.272515 -1.910210  1.637695 1.64
1065 -0.279843 -1.916815  1.636972 1.64
1066 -0.287161 -1.923036  1.635874 1.64
1067 -0.294474 -1.929198  1.634725 1.63
1068 -0.301785 -1.935596  1.633812 1.63
1069 -0.309098 -1.942414  1.633316 1.63
1070 -0.316418 -1.949671  1.633253 1.63
1071 -0.323743 -1.957208  1.633465 1.63
1072 -0.331070 -1.964719  1.633649 1.63
1073 -0.338393 -1.971823  1.633430 1.63
1074 -0.345705 -1.978148  1.632443 1.63
1075 -0.353000 -1.983404  1.630404 1.63
1076 -0.360272 -1.987423  1.627150 1.63
1077 -0.367517 -1.990166  1.622649 1.62
1078 -0.374729 -1.991698  1.616969 1.62
1079 -0.381904 -1.992141  1.610237 1.61
1080 -0.389038 -1.991635  1.602596 1.60
1081 -0.396124 -1.990299  1.594174 1.59
1082 -0.403156 -1.988219  1.585063 1.59
1083 -0.410127 -1.985449  1.575322 1.58
1084 -0.417026 -1.982022  1.564996 1.56
1085 -0.423846 -1.977992  1.554145 1.55
1086 -0.430577 -1.973472  1.542895 1.54
1087 -0.437211 -1.968688  1.531477 1.53
1088 -0.443742 -1.964006  1.520264 1.52
1089 -0.450169 -1.959943  1.509774 1.51
1090 -0.456498 -1.957131  1.500633 1.50
1091 -0.462736 -1.956252  1.493516 1.49
1092 -0.468897 -1.957943  1.489047 1.49
1093 -0.474996 -1.962702  1.487706 1.49
1094 -0.481050 -1.970792  1.489742 1.49
1095 -0.487075 -1.982184  1.495109 1.50
1096 -0.493084 -1.996534  1.503450 1.50
1097 -0.499089 -2.013208  1.514119 1.51
1098 -0.505093 -2.031353  1.526260 1.53
1099 -0.511100 -2.050011  1.538910 1.54
1100 -0.517109 -2.068228  1.551119 1.55
1101 -0.523118 -2.085165  1.562047 1.56
1102 -0.529124 -2.100157  1.571033 1.57
1103 -0.535123 -2.112750  1.577627 1.58
1104 -0.541111 -2.122697  1.581586 1.58
1105 -0.547081 -2.129933  1.582852 1.58
1106 -0.553025 -2.134541  1.581516 1.58
1107 -0.558937 -2.136714  1.577777 1.58
1108 -0.564806 -2.136719  1.571913 1.57
1109 -0.570626 -2.134866  1.564240 1.56
1110 -0.576387 -2.131477  1.555090 1.56
1111 -0.582082 -2.126868  1.544785 1.54
1112 -0.587705 -2.121325  1.533620 1.53
1113 -0.593249 -2.115095  1.521846 1.52
1114 -0.598707 -2.108374  1.509666 1.51
1115 -0.604075 -2.101305  1.497231 1.50
1116 -0.609346 -2.093990  1.484644 1.48
1117 -0.614514 -2.086495  1.471980 1.47
1118 -0.619575 -2.078874  1.459299 1.46
1119 -0.624524 -2.071190  1.446667 1.45
1120 -0.629356 -2.063530  1.434174 1.43
1121 -0.634069 -2.056013  1.421944 1.42
1122 -0.638661 -2.048796  1.410135 1.41
1123 -0.643132 -2.042065  1.398933 1.40
1124 -0.647483 -2.036015  1.388533 1.39
1125 -0.651714 -2.030837  1.379124 1.38
1126 -0.655828 -2.026695  1.370867 1.37
1127 -0.659828 -2.023707  1.363879 1.36
1128 -0.663716 -2.021940  1.358224 1.36
1129 -0.667496 -2.021398  1.353903 1.35
1130 -0.671169 -2.022024  1.350855 1.35
1131 -0.674738 -2.023704  1.348965 1.35
1132 -0.678206 -2.026277  1.348071 1.35
1133 -0.681573 -2.029547  1.347974 1.35
1134 -0.684840 -2.033300  1.348460 1.35
1135 -0.688009 -2.037316  1.349307 1.35
1136 -0.691079 -2.041384  1.350304 1.35
1137 -0.694051 -2.045313  1.351262 1.35
1138 -0.696925 -2.048939  1.352014 1.35
1139 -0.699700 -2.052128  1.352429 1.35
1140 -0.702376 -2.054774  1.352399 1.35
1141 -0.704952 -2.056798  1.351846 1.35
1142 -0.707428 -2.058142  1.350714 1.35
1143 -0.709801 -2.058773  1.348972 1.35
1144 -0.712071 -2.058679  1.346608 1.35
1145 -0.714235 -2.057873  1.343638 1.34
1146 -0.716292 -2.056393  1.340101 1.34
1147 -0.718240 -2.054310  1.336070 1.34
1148 -0.720079 -2.051724  1.331645 1.33
1149 -0.721805 -2.048765  1.326959 1.33
1150 -0.723420 -2.045589  1.322170 1.32
1151 -0.724921 -2.042374  1.317452 1.32
1152 -0.726311 -2.039303  1.312993 1.31
1153 -0.727587 -2.036564  1.308976 1.31
1154 -0.728753 -2.034328  1.305575 1.31
1155 -0.729807 -2.032745  1.302938 1.30
1156 -0.730750 -2.031930  1.301180 1.30
1157 -0.731584 -2.031958  1.300374 1.30
1158 -0.732309 -2.032858  1.300549 1.30
1159 -0.732925 -2.034612  1.301686 1.30
1160 -0.733434 -2.037158  1.303724 1.30
1161 -0.733834 -2.040395  1.306561 1.31
1162 -0.734127 -2.044187  1.310060 1.31
1163 -0.734314 -2.048369  1.314056 1.31
1164 -0.734394 -2.052752  1.318358 1.32
1165 -0.734368 -2.057126  1.322759 1.32
1166 -0.734237 -2.061269  1.327032 1.33
1167 -0.734000 -2.064945  1.330945 1.33
1168 -0.733659 -2.067920  1.334260 1.33
1169 -0.733214 -2.069963  1.336749 1.34
1170 -0.732663 -2.070863  1.338200 1.34
1171 -0.732007 -2.070437  1.338430 1.34
1172 -0.731246 -2.068548  1.337302 1.34
1173 -0.730379 -2.065110  1.334730 1.33
1174 -0.729407 -2.060101  1.330693 1.33
1175 -0.728330 -2.053567  1.325237 1.33
1176 -0.727149 -2.045623  1.318474 1.32
1177 -0.725862 -2.036443  1.310581 1.31
1178 -0.724472 -2.026259  1.301787 1.30
1179 -0.722978 -2.015344  1.292366 1.29
1180 -0.721379 -2.004008  1.282629 1.28
1181 -0.719675 -1.992592  1.272918 1.27
1182 -0.717863 -1.981464  1.263602 1.26
1183 -0.715943 -1.971014  1.255072 1.26
1184 -0.713913 -1.961642  1.247729 1.25
1185 -0.711774 -1.953734  1.241960 1.24
1186 -0.709525 -1.947628  1.238102 1.24
1187 -0.707165 -1.943566  1.236401 1.24
1188 -0.704690 -1.941667  1.236977 1.24
1189 -0.702096 -1.941904  1.239808 1.24
1190 -0.699376 -1.944118  1.244742 1.24
1191 -0.696524 -1.948043  1.251519 1.25
1192 -0.693535 -1.953346  1.259811 1.26
1193 -0.690405 -1.959657  1.269253 1.27
1194 -0.687130 -1.966601  1.279471 1.28
1195 -0.683711 -1.973807  1.290096 1.29
1196 -0.680147 -1.980925  1.300778 1.30
1197 -0.676438 -1.987636  1.311197 1.31
1198 -0.672588 -1.993664  1.321076 1.32
1199 -0.668597 -1.998789  1.330192 1.33
1200 -0.664470 -2.002856  1.338386 1.34
1201 -0.660211 -2.005782  1.345571 1.35
1202 -0.655825 -2.007554  1.351729 1.35
1203 -0.651316 -2.008230  1.356915 1.36
1204 -0.646689 -2.007933  1.361243 1.36
1205 -0.641951 -2.006832  1.364882 1.36
1206 -0.637104 -2.005131  1.368028 1.37
1207 -0.632154 -2.003038  1.370884 1.37
1208 -0.627103 -2.000734  1.373631 1.37
1209 -0.621955 -1.998353  1.376398 1.38
1210 -0.616710 -1.995953  1.379243 1.38
1211 -0.611367 -1.993516  1.382149 1.38
1212 -0.605926 -1.990955  1.385029 1.39
1213 -0.600385 -1.988139  1.387755 1.39
1214 -0.594741 -1.984927  1.390185 1.39
1215 -0.588996 -1.981204  1.392208 1.39
1216 -0.583149 -1.976916  1.393767 1.39
1217 -0.577201 -1.972095  1.394894 1.39
1218 -0.571155 -1.966868  1.395713 1.40
1219 -0.565014 -1.961456  1.396442 1.40
1220 -0.558779 -1.956154  1.397374 1.40
1221 -0.552454 -1.951302  1.398848 1.40
1222 -0.546039 -1.947242  1.401203 1.40
1223 -0.539533 -1.944272  1.404739 1.40
1224 -0.532935 -1.942602  1.409667 1.41
1225 -0.526240 -1.942318  1.416078 1.42
1226 -0.519443 -1.943366  1.423923 1.42
1227 -0.512537 -1.945545  1.433008 1.43
1228 -0.505517 -1.948533  1.443016 1.44
1229 -0.498377 -1.951918  1.453541 1.45
1230 -0.491114 -1.955250  1.464136 1.46
1231 -0.483727 -1.958090  1.474363 1.47
1232 -0.476218 -1.960061  1.483843 1.48
1233 -0.468594 -1.960890  1.492297 1.49
1234 -0.460860 -1.960427  1.499568 1.50
1235 -0.453025 -1.958656  1.505630 1.51
1236 -0.445101 -1.955684  1.510583 1.51
1237 -0.437095 -1.951726  1.514631 1.51
1238 -0.429016 -1.947070  1.518054 1.52
1239 -0.420870 -1.942052  1.521181 1.52
1240 -0.412664 -1.937017  1.524353 1.52
1241 -0.404398 -1.932285  1.527887 1.53
1242 -0.396075 -1.928119  1.532043 1.53
1243 -0.387695 -1.924691  1.536996 1.54
1244 -0.379254 -1.922063  1.542808 1.54
1245 -0.370750 -1.920175  1.549425 1.55
1246 -0.362179 -1.918857  1.556677 1.56
1247 -0.353537 -1.917844  1.564306 1.56
1248 -0.344822 -1.916823  1.572001 1.57
1249 -0.336033 -1.915474  1.579441 1.58
1250 -0.327173 -1.913511  1.586338 1.59
1251 -0.318245 -1.910715  1.592470 1.59
1252 -0.309257 -1.906949  1.597691 1.60
1253 -0.300218 -1.902149  1.601931 1.60
1254 -0.291137 -1.896308  1.605171 1.61
1255 -0.282023 -1.889439  1.607416 1.61
1256 -0.272884 -1.881551  1.608667 1.61
1257 -0.263726 -1.872628  1.608903 1.61
1258 -0.254553 -1.862632  1.608079 1.61
1259 -0.245370 -1.851516  1.606145 1.61
1260 -0.236179 -1.839255  1.603076 1.60
1261 -0.226983 -1.825894  1.598910 1.60
1262 -0.217784 -1.811582  1.593798 1.59
1263 -0.208583 -1.796619  1.588036 1.59
1264 -0.199381 -1.781478  1.582097 1.58
1265 -0.190180 -1.766809  1.576629 1.58
1266 -0.180979 -1.753405  1.572427 1.57
1267 -0.171776 -1.742130  1.570353 1.57
1268 -0.162567 -1.733804  1.571237 1.57
1269 -0.153343 -1.729082  1.575738 1.58
1270 -0.144090 -1.728323  1.584233 1.58
1271 -0.134789 -1.731520  1.596731 1.60
1272 -0.125418 -1.738265  1.612848 1.61
1273 -0.115956 -1.747799  1.631843 1.63
1274 -0.106386 -1.759087  1.652701 1.65
1275 -0.096700 -1.770938  1.674238 1.67
1276 -0.086895 -1.782116  1.695221 1.70
1277 -0.076980 -1.791448  1.714468 1.71
1278 -0.066973 -1.797890  1.730917 1.73
1279 -0.056898 -1.800571  1.743674 1.74
1280 -0.046782 -1.798803  1.752021 1.75
1281 -0.036655 -1.792090  1.755435 1.76
1282 -0.026542 -1.780158  1.753616 1.75
1283 -0.016461 -1.763042  1.746580 1.75
1284 -0.006424 -1.741245  1.734821 1.73
1285 0.003561 -1.715952  1.719513 1.72
1286 0.013477 -1.689167  1.702644 1.70
1287 0.023289 -1.663606  1.686895 1.69
1288 0.032951 -1.642167  1.675118 1.68
1289 0.042432 -1.627044  1.669476 1.67
1290 0.051748 -1.618860  1.670608 1.67
1291 0.060971 -1.616368  1.677340 1.68
1292 0.070199 -1.616939  1.687139 1.69
1293 0.079507 -1.617555  1.697062 1.70
1294 0.088921 -1.615743  1.704664 1.70
1295 0.098428 -1.610092  1.708519 1.71
1296 0.107986 -1.600320  1.708307 1.71
1297 0.117553 -1.587071  1.704624 1.70
1298 0.127089 -1.571595  1.698684 1.70
1299 0.136568 -1.555447  1.692014 1.69
1300 0.145975 -1.540210  1.686185 1.69
1301 0.155309 -1.527289  1.682598 1.68
1302 0.164578 -1.517749  1.682328 1.68
1303 0.173800 -1.512226  1.686026 1.69
1304 0.182996 -1.510889  1.693885 1.69
1305 0.192189 -1.513463  1.705653 1.71
1306 0.201402 -1.519288  1.720690 1.72
1307 0.210652 -1.527396  1.738048 1.74
1308 0.219951 -1.536626  1.756577 1.76
1309 0.229306 -1.545746  1.775051 1.78
1310 0.238717 -1.553605  1.792322 1.79
1311 0.248178 -1.559290  1.807468 1.81
1312 0.257674 -1.562255  1.819929 1.82
1313 0.267183 -1.562396  1.829579 1.83
1314 0.276680 -1.560055  1.836735 1.84
1315 0.286137 -1.555934  1.842071 1.84
1316 0.295531 -1.550948  1.846478 1.85
1317 0.304840 -1.546032  1.850872 1.85
1318 0.314054 -1.541966  1.856019 1.86
1319 0.323170 -1.539234  1.862404 1.86
1320 0.332193 -1.537979  1.870171 1.87
1321 0.341130 -1.538026  1.879156 1.88
1322 0.349991 -1.538968  1.888960 1.89
1323 0.358780 -1.540279  1.899059 1.90
1324 0.367499 -1.541421  1.908920 1.91
1325 0.376145 -1.541939  1.918084 1.92
1326 0.384714 -1.541542  1.926256 1.93
1327 0.393200 -1.540163  1.933362 1.93
1328 0.401599 -1.538032  1.939631 1.94
1329 0.409907 -1.535743  1.945650 1.95
1330 0.418119 -1.534287  1.952406 1.95
1331 0.426223 -1.535025  1.961249 1.96
1332 0.434203 -1.539522  1.973726 1.97
1333 0.442040 -1.549233  1.991273 1.99
1334 0.449719 -1.565110  2.014830 2.01
1335 0.457243 -1.587282  2.044524 2.04
1336 0.464626 -1.614947  2.079573 2.08
1337 0.471887 -1.646555  2.118442 2.12
1338 0.479037 -1.680159  2.159197 2.16
1339 0.486069 -1.713809  2.199878 2.20
1340 0.492958 -1.745832  2.238790 2.24
1341 0.499665 -1.774988  2.274654 2.27
1342 0.506146 -1.800492  2.306639 2.31
1343 0.512354 -1.821963  2.334317 2.33
1344 0.518244 -1.839342  2.357586 2.36
1345 0.523777 -1.852794  2.376571 2.38
1346 0.528919 -1.862624  2.391544 2.39
1347 0.533644 -1.869204  2.402848 2.40
1348 0.537930 -1.872915  2.410845 2.41
1349 0.541763 -1.874120  2.415884 2.42
1350 0.545133 -1.873149  2.418282 2.42
1351 0.548034 -1.870299  2.418333 2.42
1352 0.550465 -1.865848  2.416313 2.42
1353 0.552426 -1.860072  2.412497 2.41
1354 0.553918 -1.853245  2.407163 2.41
1355 0.554947 -1.845648  2.400595 2.40
1356 0.555516 -1.837557  2.393073 2.39
1357 0.555632 -1.829233  2.384865 2.38
1358 0.555302 -1.820899  2.376200 2.38
1359 0.554532 -1.812733  2.367265 2.37
1360 0.553334 -1.804852  2.358186 2.36
1361 0.551714 -1.797315  2.349030 2.35
1362 0.549686 -1.790137  2.339823 2.34
1363 0.547260 -1.783317  2.330578 2.33
1364 0.544448 -1.776880  2.321328 2.32
1365 0.541260 -1.770908  2.312168 2.31
1366 0.537702 -1.765556  2.303258 2.30
1367 0.533777 -1.761028  2.294805 2.29
1368 0.529486 -1.757502  2.286988 2.29
1369 0.524828 -1.755029  2.279857 2.28
1370 0.519802 -1.753429  2.273230 2.27
1371 0.514414 -1.752226  2.266639 2.27
1372 0.508676 -1.750665  2.259341 2.26
1373 0.502607 -1.747807  2.250413 2.25
1374 0.496229 -1.742681  2.238911 2.24
1375 0.489572 -1.734472  2.224044 2.22
1376 0.482666 -1.722684  2.205350 2.21
1377 0.475545 -1.707277  2.182821 2.18
1378 0.468240 -1.688754  2.156993 2.16
1379 0.460779 -1.668178  2.128957 2.13
1380 0.453181 -1.647109  2.100290 2.10
1381 0.445452 -1.627417  2.072868 2.07
1382 0.437581 -1.610992  2.048573 2.05
1383 0.429550 -1.599374  2.028924 2.03
1384 0.421341 -1.593398  2.014739 2.01
1385 0.412938 -1.592967  2.005906 2.01
1386 0.404341 -1.597038  2.001379 2.00
1387 0.395557 -1.603820  1.999377 2.00
1388 0.386609 -1.611145  1.997754 2.00
1389 0.377526 -1.616934  1.994460 1.99
1390 0.368344 -1.619650  1.987994 1.99
1391 0.359100 -1.618699  1.977799 1.98
1392 0.349818 -1.614670  1.964488 1.96
1393 0.340495 -1.609295  1.949791 1.95
1394 0.331098 -1.605044  1.936142 1.94
1395 0.321574 -1.604370  1.925945 1.93
1396 0.311880 -1.608906  1.920786 1.92
1397 0.302000 -1.618972  1.920972 1.92
1398 0.291941 -1.633655  1.925596 1.93
1399 0.281718 -1.651309  1.933027 1.93
1400 0.271337 -1.670148  1.941485 1.94
1401 0.260794 -1.688633  1.949427 1.95
1402 0.250084 -1.705617  1.955701 1.96
1403 0.239208 -1.720332  1.959540 1.96
1404 0.228174 -1.732337  1.960511 1.96
1405 0.216996 -1.741476  1.958472 1.96
1406 0.205690 -1.747853  1.953542 1.95
1407 0.194270 -1.751787  1.946058 1.95
1408 0.182751 -1.753749  1.936500 1.94
1409 0.171142 -1.754249  1.925391 1.93
1410 0.159454 -1.753733  1.913186 1.91
1411 0.147698 -1.752490  1.900189 1.90
1412 0.135891 -1.750632  1.886523 1.89
1413 0.124050 -1.748123  1.872174 1.87
1414 0.112196 -1.744877  1.857073 1.86
1415 0.100349 -1.740862  1.841210 1.84
1416 0.088526 -1.736207  1.824733 1.82
1417 0.076739 -1.731248  1.807987 1.81
1418 0.064993 -1.726502  1.791495 1.79
1419 0.053284 -1.722570  1.775854 1.78
1420 0.041606 -1.719989  1.761595 1.76
1421 0.029950 -1.719084  1.749034 1.75
1422 0.018310 -1.719871  1.738180 1.74
1423 0.006684 -1.722040  1.728724 1.73
1424 -0.004925 -1.725027  1.720102 1.72
1425 -0.016509 -1.728132  1.711623 1.71
1426 -0.028058 -1.730647  1.702589 1.70
1427 -0.039561 -1.731968  1.692407 1.69
1428 -0.051004 -1.731659  1.680655 1.68
1429 -0.062371 -1.729476  1.667105 1.67
1430 -0.073646 -1.725366  1.651719 1.65
1431 -0.084813 -1.719436  1.634623 1.63
1432 -0.095856 -1.711924  1.616068 1.62
1433 -0.106758 -1.703154  1.596397 1.60
1434 -0.117506 -1.693516  1.576010 1.58
1435 -0.128089 -1.683434  1.555345 1.56
1436 -0.138499 -1.673349  1.534850 1.53
1437 -0.148730 -1.663706  1.514975 1.51
1438 -0.158783 -1.654928  1.496145 1.50
1439 -0.168659 -1.647399  1.478740 1.48
1440 -0.178365 -1.641433  1.463069 1.46
1441 -0.187908 -1.637256  1.449348 1.45
1442 -0.197298 -1.634990  1.437692 1.44
1443 -0.206545 -1.634655  1.428110 1.43
1444 -0.215657 -1.636178  1.420520 1.42
1445 -0.224646 -1.639415  1.414770 1.41
1446 -0.233518 -1.644175  1.410656 1.41
1447 -0.242284 -1.650236  1.407952 1.41
1448 -0.250949 -1.657377  1.406428 1.41
1449 -0.259519 -1.665391  1.405871 1.41
1450 -0.268000 -1.674105  1.406105 1.41
1451 -0.276396 -1.683394  1.406998 1.41
1452 -0.284711 -1.693187  1.408475 1.41
1453 -0.292952 -1.703455  1.410504 1.41
1454 -0.301122 -1.714200  1.413078 1.41
1455 -0.309228 -1.725425  1.416197 1.42
1456 -0.317275 -1.737115  1.419840 1.42
1457 -0.325267 -1.749211  1.423944 1.42
1458 -0.333208 -1.761607  1.428399 1.43
1459 -0.341100 -1.774148  1.433047 1.43
1460 -0.348943 -1.786646  1.437702 1.44
1461 -0.356738 -1.798904  1.442166 1.44
1462 -0.364481 -1.810742  1.446261 1.45
1463 -0.372172 -1.822018  1.449846 1.45
1464 -0.379807 -1.832654  1.452847 1.45
1465 -0.387383 -1.842643  1.455259 1.46
1466 -0.394900 -1.852052  1.457152 1.46
1467 -0.402356 -1.861013  1.458657 1.46
1468 -0.409752 -1.869702  1.459951 1.46
1469 -0.417088 -1.878315  1.461227 1.46
1470 -0.424367 -1.887033  1.462666 1.46
1471 -0.431592 -1.895995  1.464404 1.46
1472 -0.438766 -1.905275  1.466509 1.47
1473 -0.445891 -1.914862  1.468971 1.47
1474 -0.452971 -1.924660  1.471689 1.47
1475 -0.460004 -1.934494  1.474490 1.47
1476 -0.466991 -1.944136  1.477145 1.48
1477 -0.473929 -1.953328  1.479399 1.48
1478 -0.480815 -1.961820  1.481005 1.48
1479 -0.487645 -1.969398  1.481753 1.48
1480 -0.494413 -1.975913  1.481499 1.48
1481 -0.501116 -1.981291  1.480176 1.48
1482 -0.507748 -1.985541  1.477793 1.48
1483 -0.514305 -1.988739  1.474434 1.47
1484 -0.520782 -1.991014  1.470232 1.47
1485 -0.527178 -1.992530  1.465353 1.47
1486 -0.533486 -1.993463  1.459976 1.46
1487 -0.539706 -1.993985  1.454279 1.45
1488 -0.545835 -1.994256  1.448421 1.45
1489 -0.551870 -1.994407  1.442536 1.44
1490 -0.557812 -1.994534  1.436722 1.44
1491 -0.563658 -1.994689  1.431031 1.43
1492 -0.569409 -1.994874  1.425465 1.43
1493 -0.575061 -1.995042  1.419981 1.42
1494 -0.580613 -1.995119  1.414506 1.41
1495 -0.586062 -1.995020  1.408958 1.41
1496 -0.591404 -1.994675  1.403272 1.40
1497 -0.596637 -1.994056  1.397419 1.40
1498 -0.601758 -1.993184  1.391426 1.39
1499 -0.606768 -1.992133  1.385365 1.39
1500 -0.611666 -1.991017  1.379351 1.38
1501 -0.616451 -1.989969  1.373518 1.37
1502 -0.621126 -1.989117  1.367991 1.37
1503 -0.625692 -1.988563  1.362871 1.36
1504 -0.630148 -1.988361  1.358213 1.36
1505 -0.634497 -1.988517  1.354020 1.35
1506 -0.638737 -1.988982  1.350245 1.35
1507 -0.642870 -1.989666  1.346796 1.35
1508 -0.646894 -1.990444  1.343550 1.34
1509 -0.650808 -1.991174  1.340366 1.34
1510 -0.654612 -1.991710  1.337098 1.34
1511 -0.658303 -1.991914  1.333611 1.33
1512 -0.661880 -1.991671  1.329791 1.33
1513 -0.665340 -1.990900  1.325560 1.33
1514 -0.668681 -1.989568  1.320887 1.32
1515 -0.671899 -1.987700  1.315801 1.32
1516 -0.674993 -1.985388  1.310395 1.31
1517 -0.677961 -1.982798  1.304836 1.30
1518 -0.680803 -1.980159  1.299356 1.30
1519 -0.683521 -1.977749  1.294228 1.29
1520 -0.686118 -1.975855  1.289737 1.29
1521 -0.688599 -1.974721  1.286122 1.29
1522 -0.690968 -1.974489  1.283521 1.28
1523 -0.693228 -1.975153  1.281924 1.28
1524 -0.695380 -1.976533  1.281152 1.28
1525 -0.697421 -1.978297  1.280876 1.28
1526 -0.699346 -1.980023  1.280677 1.28
1527 -0.701149 -1.981279  1.280130 1.28
1528 -0.702823 -1.981724  1.278901 1.28
1529 -0.704366 -1.981180  1.276814 1.28
1530 -0.705775 -1.979673  1.273897 1.27
1531 -0.707054 -1.977425  1.270371 1.27
1532 -0.708205 -1.974809  1.266603 1.27
1533 -0.709237 -1.972261  1.263024 1.26
1534 -0.710153 -1.970182  1.260029 1.26
1535 -0.710960 -1.968847  1.257888 1.26
1536 -0.711656 -1.968344  1.256687 1.26
1537 -0.712241 -1.968567  1.256326 1.26
1538 -0.712708 -1.969262  1.256553 1.26
1539 -0.713052 -1.970107  1.257054 1.26
1540 -0.713268 -1.970801  1.257533 1.26
1541 -0.713354 -1.971139  1.257785 1.26
1542 -0.713309 -1.971046  1.257737 1.26
1543 -0.713136 -1.970579  1.257443 1.26
1544 -0.712836 -1.969907  1.257072 1.26
1545 -0.712410 -1.969279  1.256869 1.26
1546 -0.711861 -1.968998  1.257137 1.26
1547 -0.711189 -1.969396  1.258207 1.26
1548 -0.710396 -1.970814  1.260417 1.26
1549 -0.709486 -1.973561  1.264074 1.26
1550 -0.708462 -1.977872  1.269410 1.27
1551 -0.707326 -1.983851  1.276525 1.28
1552 -0.706080 -1.991419  1.285339 1.29
1553 -0.704724 -2.000287  1.295563 1.30
1554 -0.703256 -2.009954  1.306698 1.31
1555 -0.701671 -2.019751  1.318081 1.32
1556 -0.699964 -2.028917  1.328953 1.33
1557 -0.698132 -2.036688  1.338556 1.34
1558 -0.696172 -2.042395  1.346223 1.35
1559 -0.694087 -2.045544  1.351457 1.35
1560 -0.691879 -2.045864  1.353985 1.35
1561 -0.689554 -2.043329  1.353775 1.35
1562 -0.687119 -2.038143  1.351024 1.35
1563 -0.684582 -2.030701  1.346119 1.35
1564 -0.681951 -2.021526  1.339575 1.34
1565 -0.679232 -2.011199  1.331967 1.33
1566 -0.676429 -2.000284  1.323855 1.32
1567 -0.673544 -1.989278  1.315733 1.32
1568 -0.670577 -1.978570  1.307993 1.31
1569 -0.667523 -1.968440  1.300917 1.30
1570 -0.664379 -1.959067  1.294689 1.29
1571 -0.661140 -1.950551  1.289411 1.29
1572 -0.657803 -1.942928  1.285125 1.29
1573 -0.654365 -1.936183  1.281817 1.28
1574 -0.650824 -1.930240  1.279416 1.28
1575 -0.647177 -1.924965  1.277788 1.28
1576 -0.643420 -1.920164  1.276744 1.28
1577 -0.639551 -1.915597  1.276047 1.28
1578 -0.635564 -1.911011  1.275448 1.28
1579 -0.631456 -1.906181  1.274725 1.27
1580 -0.627225 -1.900959  1.273735 1.27
1581 -0.622869 -1.895317  1.272448 1.27
1582 -0.618389 -1.889370  1.270981 1.27
1583 -0.613789 -1.883378  1.269589 1.27
1584 -0.609072 -1.877701  1.268629 1.27
1585 -0.604243 -1.872732  1.268489 1.27
1586 -0.599306 -1.868801  1.269495 1.27
1587 -0.594260 -1.866080  1.271820 1.27
1588 -0.589102 -1.864524  1.275421 1.28
1589 -0.583824 -1.863852  1.280028 1.28
1590 -0.578416 -1.863599  1.285183 1.29
1591 -0.572869 -1.863203  1.290334 1.29
1592 -0.567177 -1.862124  1.294947 1.29
1593 -0.561337 -1.859944  1.298607 1.30
1594 -0.555352 -1.856452  1.301100 1.30
1595 -0.549227 -1.851675  1.302448 1.30
1596 -0.542971 -1.845880  1.302909 1.30
1597 -0.536592 -1.839538  1.302946 1.30
1598 -0.530096 -1.833264  1.303167 1.30
1599 -0.523488 -1.827751  1.304263 1.30
1600 -0.516765 -1.823700  1.306934 1.31
1601 -0.509926 -1.821759  1.311833 1.31
1602 -0.502960 -1.822469  1.319509 1.32
1603 -0.495858 -1.826224  1.330366 1.33
1604 -0.488605 -1.833237  1.344631 1.34
1605 -0.481187 -1.843514  1.362327 1.36
1606 -0.473588 -1.856850  1.383262 1.38
1607 -0.465792 -1.872828  1.407036 1.41
1608 -0.457786 -1.890851  1.433065 1.43
1609 -0.449560 -1.910189  1.460629 1.46
1610 -0.441107 -1.930037  1.488930 1.49
1611 -0.432428 -1.949583  1.517155 1.52
1612 -0.423530 -1.968062  1.544531 1.54
1613 -0.414425 -1.984797  1.570372 1.57
1614 -0.405130 -1.999231  1.594101 1.59
1615 -0.395667 -2.010930  1.615263 1.62
1616 -0.386060 -2.019591  1.633531 1.63
1617 -0.376333 -2.025034  1.648701 1.65
1618 -0.366512 -2.027200  1.660688 1.66
1619 -0.356621 -2.026145  1.669524 1.67
1620 -0.346682 -2.022038  1.675356 1.68
1621 -0.336715 -2.015165  1.678450 1.68
1622 -0.326738 -2.005928  1.679189 1.68
1623 -0.316765 -1.994846  1.678081 1.68
1624 -0.306807 -1.982556  1.675749 1.68
1625 -0.296872 -1.969796  1.672924 1.67
1626 -0.286966 -1.957375  1.670409 1.67
1627 -0.277089 -1.946112  1.669023 1.67
1628 -0.267243 -1.936757  1.669514 1.67
1629 -0.257420 -1.929891  1.672471 1.67
1630 -0.247611 -1.925846  1.678235 1.68
1631 -0.237800 -1.924665  1.686865 1.69
1632 -0.227968 -1.926123  1.698154 1.70
1633 -0.218100 -1.929797  1.711697 1.71
1634 -0.208181 -1.935165  1.726984 1.73
1635 -0.198206 -1.941696  1.743491 1.74
1636 -0.188171 -1.948918  1.760747 1.76
1637 -0.178083 -1.956448  1.778364 1.78
1638 -0.167950 -1.963995  1.796045 1.80
1639 -0.157781 -1.971346  1.813565 1.81
1640 -0.147591 -1.978335  1.830744 1.83
1641 -0.137393 -1.984806  1.847413 1.85
1642 -0.127203 -1.990573  1.863370 1.86
1643 -0.117035 -1.995386  1.878352 1.88
1644 -0.106902 -1.998908  1.892006 1.89
1645 -0.096819 -2.000721  1.903902 1.90
1646 -0.086795 -2.000368  1.913573 1.91
1647 -0.076841 -1.997441  1.920600 1.92
1648 -0.066964 -1.991702  1.924738 1.92
1649 -0.057173 -1.983227  1.926054 1.93
1650 -0.047480 -1.972527  1.925046 1.93
1651 -0.037900 -1.960595  1.922696 1.92
1652 -0.028451 -1.948842  1.920392 1.92
1653 -0.019154 -1.938871  1.919717 1.92
1654 -0.010027 -1.932133  1.922105 1.92
1655 -0.001078 -1.929542  1.928464 1.93
1656 0.007703 -1.931171  1.938874 1.94
1657 0.016337 -1.936153  1.952489 1.95
1658 0.024855 -1.942836  1.967691 1.97
1659 0.033284 -1.949151  1.982435 1.98
1660 0.041636 -1.953041  1.994677 1.99
1661 0.049905 -1.952843  2.002748 2.00
1662 0.058071 -1.947505  2.005576 2.01
1663 0.066106 -1.936660  2.002766 2.00
1664 0.073978 -1.920561  1.994539 1.99
1665 0.081662 -1.899959  1.981621 1.98
1666 0.089139 -1.875946  1.965085 1.97
1667 0.096397 -1.849804  1.946201 1.95
1668 0.103435 -1.822881  1.926315 1.93
1669 0.110258 -1.796494  1.906753 1.91
1670 0.116879 -1.771876  1.888755 1.89
1671 0.123313 -1.750131  1.873445 1.87
1672 0.129576 -1.732212  1.861788 1.86
1673 0.135683 -1.718872  1.854555 1.85
1674 0.141650 -1.710612  1.852262 1.85
1675 0.147492 -1.707630  1.855123 1.86
1676 0.153225 -1.709790  1.863015 1.86
1677 0.158862 -1.716624  1.875485 1.88
1678 0.164414 -1.727374  1.891788 1.89
1679 0.169890 -1.741062  1.910952 1.91
1680 0.175291 -1.756577  1.931867 1.93
1681 0.180615 -1.772756  1.953371 1.95
1682 0.185856 -1.788480  1.974336 1.97
1683 0.191004 -1.802755  1.993759 1.99
1684 0.196045 -1.814791  2.010835 2.01
1685 0.200964 -1.824061  2.025025 2.03
1686 0.205743 -1.830346  2.036089 2.04
1687 0.210365 -1.833723  2.044089 2.04
1688 0.214812 -1.834537  2.049349 2.05
1689 0.219066 -1.833313  2.052379 2.05
1690 0.223115 -1.830661  2.053776 2.05
1691 0.226949 -1.827182  2.054130 2.05
1692 0.230564 -1.823395  2.053959 2.05
1693 0.233960 -1.819705  2.053665 2.05
1694 0.237139 -1.816401  2.053540 2.05
1695 0.240103 -1.813687  2.053790 2.05
1696 0.242855 -1.811711  2.054566 2.05
1697 0.245396 -1.810598  2.055995 2.06
1698 0.247726 -1.810464  2.058190 2.06
1699 0.249842 -1.811403  2.061245 2.06
1700 0.251741 -1.813473  2.065213 2.07
1701 0.253418 -1.816653  2.070070 2.07
1702 0.254869 -1.820817  2.075686 2.08
1703 0.256091 -1.825712  2.081803 2.08
1704 0.257081 -1.830958  2.088039 2.09
1705 0.257837 -1.836068  2.093905 2.09
1706 0.258357 -1.840491  2.098848 2.10
1707 0.258641 -1.843661  2.102302 2.10
1708 0.258691 -1.845055  2.103745 2.10
1709 0.258506 -1.844246  2.102752 2.10
1710 0.258091 -1.840950  2.099041 2.10
1711 0.257450 -1.835065  2.092515 2.09
1712 0.256590 -1.826699  2.083289 2.08
1713 0.255521 -1.816195  2.071716 2.07
1714 0.254252 -1.804144  2.058396 2.06
1715 0.252790 -1.791372  2.044162 2.04
1716 0.251141 -1.778889  2.030030 2.03
1717 0.249304 -1.767786  2.017090 2.02
1718 0.247276 -1.759087  2.006363 2.01
1719 0.245051 -1.753567  1.998619 2.00
1720 0.242626 -1.751592  1.994218 1.99
1721 0.239999 -1.753026  1.993025 1.99
1722 0.237178 -1.757247  1.994424 1.99
1723 0.234170 -1.763274  1.997443 2.00
1724 0.230985 -1.769965  2.000950 2.00
1725 0.227632 -1.776230  2.003863 2.00
1726 0.224116 -1.781207  2.005323 2.01
1727 0.220437 -1.784348  2.004785 2.00
1728 0.216594 -1.785427  2.002021 2.00
1729 0.212584 -1.784465  1.997049 2.00
1730 0.208405 -1.781608  1.990012 1.99
1731 0.204057 -1.776989  1.981046 1.98
1732 0.199545 -1.770613  1.970158 1.97
1733 0.194880 -1.762284  1.957164 1.96
1734 0.190081 -1.751603  1.941684 1.94
1735 0.185174 -1.738057  1.923232 1.92
1736 0.180198 -1.721186  1.901383 1.90
1737 0.175194 -1.700847  1.876041 1.88
1738 0.170205 -1.677517  1.847722 1.85
1739 0.165256 -1.652506  1.817762 1.82
1740 0.160341 -1.627930  1.788271 1.79
1741 0.155423 -1.606271  1.761694 1.76
1742 0.150457 -1.589614  1.740070 1.74
1743 0.145418 -1.578906  1.724324 1.72
1744 0.140325 -1.573681  1.714006 1.71
1745 0.135216 -1.572434  1.707650 1.71
1746 0.130127 -1.573349  1.703476 1.70
1747 0.125072 -1.574967  1.700039 1.70
1748 0.120047 -1.576491  1.696538 1.70
1749 0.115038 -1.577776  1.692814 1.69
1750 0.110032 -1.579131  1.689164 1.69
1751 0.105018 -1.581095  1.686113 1.69
1752 0.099987 -1.584243  1.684231 1.68
1753 0.094930 -1.589054  1.683984 1.68
1754 0.089838 -1.595807  1.685645 1.69
1755 0.084704 -1.604522  1.689226 1.69
1756 0.079523 -1.614943  1.694466 1.69
1757 0.074292 -1.626568  1.700860 1.70
1758 0.069012 -1.638725  1.707737 1.71
1759 0.063684 -1.650674  1.714359 1.71
1760 0.058312 -1.661703  1.720016 1.72
1761 0.052899 -1.671207  1.724106 1.72
1762 0.047449 -1.678739  1.726188 1.73
1763 0.041971 -1.684045  1.726015 1.73
1764 0.036473 -1.687096  1.723569 1.72
1765 0.030968 -1.688130  1.719098 1.72
1766 0.025468 -1.687694  1.713162 1.71
1767 0.019980 -1.686683  1.706663 1.71
1768 0.014502 -1.686321  1.700823 1.70
1769 0.009020 -1.688047  1.697068 1.70
1770 0.003506 -1.693269  1.696775 1.70
1771 -0.002076 -1.703014  1.700938 1.70
1772 -0.007755 -1.717576  1.709820 1.71
1773 -0.013546 -1.736339  1.722793 1.72
1774 -0.019443 -1.757866  1.738424 1.74
1775 -0.025433 -1.780247  1.754814 1.75
1776 -0.031504 -1.801535  1.770031 1.77
1777 -0.037647 -1.820112  1.782464 1.78
1778 -0.043858 -1.834887  1.791029 1.79
1779 -0.050134 -1.845328  1.795194 1.80
1780 -0.056472 -1.851375  1.794903 1.79
1781 -0.062865 -1.853316  1.790451 1.79
1782 -0.069303 -1.851654  1.782352 1.78
1783 -0.075774 -1.846994  1.771220 1.77
1784 -0.082265 -1.839956  1.757691 1.76
1785 -0.088762 -1.831120  1.742357 1.74
1786 -0.095252 -1.820994  1.725742 1.73
1787 -0.101719 -1.810016  1.708297 1.71
1788 -0.108150 -1.798563  1.690413 1.69
1789 -0.114535 -1.786979  1.672443 1.67
1790 -0.120865 -1.775587  1.654722 1.65
1791 -0.127133 -1.764701  1.637568 1.64
1792 -0.133335 -1.754617  1.621282 1.62
1793 -0.139470 -1.745598  1.606128 1.61
1794 -0.145538 -1.737847  1.592309 1.59
1795 -0.151539 -1.731492  1.579953 1.58
1796 -0.157474 -1.726569  1.569095 1.57
1797 -0.163344 -1.723030  1.559686 1.56
1798 -0.169151 -1.720750  1.551599 1.55
1799 -0.174893 -1.719549  1.544655 1.54
1800 -0.180573 -1.719216  1.538643 1.54
1801 -0.186190 -1.719536  1.533347 1.53
1802 -0.191742 -1.720307  1.528565 1.53
1803 -0.197231 -1.721364  1.524133 1.52
1804 -0.202654 -1.722596  1.519942 1.52
1805 -0.208009 -1.723959  1.515950 1.52
1806 -0.213297 -1.725494  1.512198 1.51
1807 -0.218516 -1.727327  1.508811 1.51
1808 -0.223667 -1.729666  1.505999 1.51
1809 -0.228754 -1.732789  1.504035 1.50
1810 -0.233781 -1.737017  1.503236 1.50
1811 -0.238753 -1.742677  1.503924 1.50
1812 -0.243679 -1.750071  1.506392 1.51
1813 -0.248567 -1.759429  1.510862 1.51
1814 -0.253427 -1.770891  1.517464 1.52
1815 -0.258267 -1.784477  1.526210 1.53
1816 -0.263099 -1.800085  1.536986 1.54
1817 -0.267931 -1.817488  1.549557 1.55
1818 -0.272772 -1.836344  1.563572 1.56
1819 -0.277632 -1.856210  1.578578 1.58
1820 -0.282517 -1.876555  1.594037 1.59
1821 -0.287434 -1.896781  1.609347 1.61
1822 -0.292385 -1.916248  1.623863 1.62
1823 -0.297373 -1.934297  1.636925 1.64
1824 -0.302395 -1.950286  1.647891 1.65
1825 -0.307448 -1.963624  1.656177 1.66
1826 -0.312524 -1.973809  1.661286 1.66
1827 -0.317613 -1.980466  1.662853 1.66
1828 -0.322704 -1.983379  1.660675 1.66
1829 -0.327783 -1.982518  1.654735 1.65
1830 -0.332836 -1.978056  1.645221 1.65
1831 -0.337848 -1.970370  1.632522 1.63
1832 -0.342807 -1.960023  1.617216 1.62
1833 -0.347702 -1.947733  1.600031 1.60
1834 -0.352524 -1.934322  1.581798 1.58
1835 -0.357269 -1.920646  1.563377 1.56
1836 -0.361934 -1.907524  1.545590 1.55
1837 -0.366517 -1.895669  1.529152 1.53
1838 -0.371019 -1.885635  1.514616 1.51
1839 -0.375440 -1.877798  1.502358 1.50
1840 -0.379780 -1.872361  1.492582 1.49
1841 -0.384040 -1.869400  1.485360 1.49
1842 -0.388222 -1.868901  1.480679 1.48
1843 -0.392330 -1.870813  1.478483 1.48
1844 -0.396372 -1.875070  1.478698 1.48
1845 -0.400355 -1.881589  1.481234 1.48
1846 -0.404288 -1.890254  1.485966 1.49
1847 -0.408181 -1.900888  1.492708 1.49
1848 -0.412041 -1.913231  1.501190 1.50
1849 -0.415874 -1.926930  1.511055 1.51
1850 -0.419686 -1.941556  1.521870 1.52
1851 -0.423479 -1.956635  1.533156 1.53
1852 -0.427256 -1.971689  1.544433 1.54
1853 -0.431016 -1.986279  1.555262 1.56
1854 -0.434762 -2.000050  1.565288 1.57
1855 -0.438494 -2.012753  1.574259 1.57
1856 -0.442213 -2.024253  1.582040 1.58
1857 -0.445923 -2.034519  1.588597 1.59
1858 -0.449625 -2.043584  1.593959 1.59
1859 -0.453324 -2.051495  1.598171 1.60
1860 -0.457022 -2.058255  1.601233 1.60
1861 -0.460719 -2.063769  1.603050 1.60
1862 -0.464414 -2.067813  1.603398 1.60
1863 -0.468102 -2.070028  1.601926 1.60
1864 -0.471774 -2.069954  1.598180 1.60
1865 -0.475420 -2.067079  1.591659 1.59
1866 -0.479027 -2.060903  1.581876 1.58
1867 -0.482580 -2.051008  1.568429 1.57
1868 -0.486061 -2.037113  1.551052 1.55
1869 -0.489455 -2.019128  1.529674 1.53
1870 -0.492741 -1.997197  1.504456 1.50
1871 -0.495902 -1.971733  1.475831 1.48
1872 -0.498922 -1.943440  1.444518 1.44
1873 -0.501788 -1.913310  1.411523 1.41
1874 -0.504494 -1.882586  1.378092 1.38
1875 -0.507040 -1.852665  1.345626 1.35
1876 -0.509431 -1.824976  1.315546 1.32
1877 -0.511675 -1.800821  1.289146 1.29
1878 -0.513778 -1.781249  1.267471 1.27
1879 -0.515745 -1.766994  1.251249 1.25
1880 -0.517580 -1.758475  1.240895 1.24
1881 -0.519284 -1.755855  1.236570 1.24
1882 -0.520864 -1.759109  1.238244 1.24
1883 -0.522327 -1.768075  1.245748 1.25
1884 -0.523682 -1.782470  1.258789 1.26
1885 -0.524938 -1.801880  1.276942 1.28
1886 -0.526103 -1.825744  1.299641 1.30
1887 -0.527186 -1.853353  1.326167 1.33
1888 -0.528191 -1.883858  1.355667 1.36
1889 -0.529123 -1.916305  1.387182 1.39
1890 -0.529987 -1.949677  1.419691 1.42
1891 -0.530787 -1.982952  1.452165 1.45
1892 -0.531529 -2.015149  1.483620 1.48
1893 -0.532218 -2.045384  1.513166 1.51
1894 -0.532861 -2.072906  1.540045 1.54
1895 -0.533464 -2.097123  1.563658 1.56
1896 -0.534035 -2.117613  1.583578 1.58
1897 -0.534581 -2.134122  1.599542 1.60
1898 -0.535106 -2.146549  1.611443 1.61
1899 -0.535617 -2.154924  1.619307 1.62
1900 -0.536116 -2.159387  1.623270 1.62
1901 -0.536605 -2.160163  1.623557 1.62
1902 -0.537084 -2.157542  1.620458 1.62
1903 -0.537552 -2.151863  1.614311 1.61
1904 -0.538005 -2.143499  1.605493 1.61
1905 -0.538441 -2.132848  1.594407 1.59
1906 -0.538854 -2.120322  1.581469 1.58
1907 -0.539240 -2.106340  1.567101 1.57
1908 -0.539594 -2.091311  1.551716 1.55
1909 -0.539912 -2.075618  1.535705 1.54
1910 -0.540190 -2.059607  1.519417 1.52
1911 -0.540422 -2.043566  1.503144 1.50
1912 -0.540604 -2.027718  1.487114 1.49
1913 -0.540729 -2.012213  1.471484 1.47
1914 -0.540793 -1.997143  1.456350 1.46
1915 -0.540790 -1.982552  1.441762 1.44
1916 -0.540714 -1.968465  1.427751 1.43
1917 -0.540559 -1.954914  1.414356 1.41
1918 -0.540321 -1.941958  1.401637 1.40
1919 -0.539999 -1.929693  1.389693 1.39
1920 -0.539591 -1.918239  1.378648 1.38
1921 -0.539096 -1.907720  1.368624 1.37
1922 -0.538516 -1.898226  1.359711 1.36
1923 -0.537848 -1.889778  1.351930 1.35
1924 -0.537091 -1.882309  1.345218 1.35
1925 -0.536239 -1.875677  1.339438 1.34
1926 -0.535288 -1.869701  1.334413 1.33
1927 -0.534232 -1.864216  1.329984 1.33
1928 -0.533068 -1.859129  1.326061 1.33
1929 -0.531794 -1.854449  1.322655 1.32
1930 -0.530412 -1.850290  1.319878 1.32
1931 -0.528926 -1.846826  1.317900 1.32
1932 -0.527339 -1.844231  1.316893 1.32
1933 -0.525652 -1.842612  1.316960 1.32
1934 -0.523865 -1.841965  1.318100 1.32
1935 -0.521975 -1.842171  1.320195 1.32
1936 -0.519979 -1.843015  1.323036 1.32
1937 -0.517873 -1.844234  1.326361 1.33
1938 -0.515654 -1.845554  1.329899 1.33
1939 -0.513322 -1.846729  1.333406 1.33
1940 -0.510877 -1.847565  1.336688 1.34
1941 -0.508317 -1.847937  1.339620 1.34
1942 -0.505645 -1.847802  1.342157 1.34
1943 -0.502860 -1.847209  1.344349 1.34
1944 -0.499964 -1.846302  1.346338 1.35
1945 -0.496960 -1.845311  1.348350 1.35
1946 -0.493852 -1.844523  1.350671 1.35
1947 -0.490641 -1.844239  1.353598 1.35
1948 -0.487332 -1.844725  1.357393 1.36
1949 -0.483924 -1.846151  1.362226 1.36
1950 -0.480418 -1.848563  1.368145 1.37
1951 -0.476810 -1.851869  1.375058 1.38
1952 -0.473097 -1.855853  1.382756 1.38
1953 -0.469274 -1.860219  1.390945 1.39
1954 -0.465340 -1.864633  1.399293 1.40
1955 -0.461292 -1.868777  1.407485 1.41
1956 -0.457131 -1.872383  1.415252 1.42
1957 -0.452860 -1.875263  1.422403 1.42
1958 -0.448482 -1.877324  1.428842 1.43
1959 -0.443999 -1.878575  1.434576 1.43
1960 -0.439417 -1.879135  1.439718 1.44
1961 -0.434739 -1.879216  1.444477 1.44
1962 -0.429971 -1.879106  1.449135 1.45
1963 -0.425116 -1.879133  1.454017 1.45
1964 -0.420180 -1.879620  1.459440 1.46
1965 -0.415163 -1.880838  1.465675 1.47
1966 -0.410065 -1.882978  1.472913 1.47
1967 -0.404886 -1.886131  1.481246 1.48
1968 -0.399622 -1.890287  1.490665 1.49
1969 -0.394271 -1.895354  1.501083 1.50
1970 -0.388830 -1.901183  1.512353 1.51
1971 -0.383299 -1.907600  1.524301 1.52
1972 -0.377676 -1.914434  1.536758 1.54
1973 -0.371963 -1.921538  1.549575 1.55
1974 -0.366165 -1.928795  1.562631 1.56
1975 -0.360285 -1.936112  1.575827 1.58
1976 -0.354331 -1.943392  1.589060 1.59
1977 -0.348309 -1.950510  1.602201 1.60
1978 -0.342225 -1.957291  1.615066 1.62
1979 -0.336084 -1.963489  1.627405 1.63
1980 -0.329894 -1.968796  1.638903 1.64
1981 -0.323659 -1.972855  1.649196 1.65
1982 -0.317387 -1.975290  1.657903 1.66
1983 -0.311085 -1.975739  1.664654 1.66
1984 -0.304762 -1.973891  1.669129 1.67
1985 -0.298426 -1.969515  1.671089 1.67
1986 -0.292087 -1.962486  1.670400 1.67
1987 -0.285753 -1.952812  1.667059 1.67
1988 -0.279431 -1.940648  1.661217 1.66
1989 -0.273129 -1.926317  1.653188 1.65
1990 -0.266850 -1.910317  1.643467 1.64
1991 -0.260597 -1.893323  1.632725 1.63
1992 -0.254372 -1.876177  1.621805 1.62
1993 -0.248173 -1.859859  1.611686 1.61
1994 -0.241998 -1.845435  1.603437 1.60
1995 -0.235843 -1.833984  1.598141 1.60
1996 -0.229702 -1.826505  1.596803 1.60
1997 -0.223565 -1.823804  1.600239 1.60
1998 -0.217423 -1.826389  1.608966 1.61
1999 -0.211261 -1.834377  1.623116 1.62
