#Step   Etot   PotE Ktot  T
0 -0.994599 -2.636949  1.642350 1.64
1 -0.994596 -2.633524  1.638928 1.64
2 -0.994594 -2.627876  1.633282 1.63
3 -0.994595 -2.620028  1.625433 1.63
4 -0.994598 -2.609979  1.615381 1.62
5 -0.994602 -2.597710  1.603108 1.60
6 -0.994607 -2.583188  1.588580 1.59
7 -0.994614 -2.566369  1.571755 1.57
8 -0.994620 -2.547207  1.552587 1.55
9 -0.994626 -2.525657  1.531031 1.53
10 -0.994631 -2.501690  1.507058 1.51
11 -0.994635 -2.475297  1.480662 1.48
12 -0.994635 -2.446508  1.451873 1.45
13 -0.994631 -2.415406  1.420776 1.42
14 -0.994621 -2.382142  1.387520 1.39
15 -0.994606 -2.346946  1.352340 1.35
16 -0.994584 -2.310143  1.315559 1.32
17 -0.994556 -2.272156  1.277600 1.28
18 -0.994524 -2.233492  1.238968 1.24
19 -0.994488 -2.194726  1.200237 1.20
20 -0.994453 -2.156467  1.162014 1.16
21 -0.994420 -2.119316  1.124896 1.12
22 -0.994392 -2.083826  1.089433 1.09
23 -0.994371 -2.050467  1.056096 1.06
24 -0.994355 -2.019609  1.025254 1.03
25 -0.994345 -1.991523  0.997178 1.00
26 -0.994338 -1.966387  0.972049 0.97
27 -0.994335 -1.944315  0.949980 0.95
28 -0.994332 -1.925368  0.931036 0.93
29 -0.994331 -1.909577  0.915246 0.92
30 -0.994332 -1.896943  0.902611 0.90
31 -0.994334 -1.887440  0.893106 0.89
32 -0.994338 -1.881014  0.886676 0.89
33 -0.994345 -1.877572  0.883227 0.88
34 -0.994355 -1.876980  0.882625 0.88
35 -0.994368 -1.879057  0.884689 0.88
36 -0.994384 -1.883577  0.889194 0.89
37 -0.994402 -1.890274  0.895872 0.90
38 -0.994422 -1.898842  0.904421 0.90
39 -0.994443 -1.908953  0.914510 0.91
40 -0.994464 -1.920260  0.925796 0.93
41 -0.994484 -1.932416  0.937932 0.94
42 -0.994503 -1.945089  0.950586 0.95
43 -0.994519 -1.957967  0.963448 0.96
44 -0.994533 -1.970779  0.976246 0.98
45 -0.994543 -1.983296  0.988753 0.99
46 -0.994550 -1.995343  1.000793 1.00
47 -0.994554 -2.006797  1.012243 1.01
48 -0.994554 -2.017585  1.023030 1.02
49 -0.994553 -2.027681  1.033128 1.03
50 -0.994550 -2.037096  1.042546 1.04
51 -0.994546 -2.045863  1.051317 1.05
52 -0.994543 -2.054027  1.059484 1.06
53 -0.994541 -2.061628  1.067087 1.07
54 -0.994540 -2.068695  1.074155 1.07
55 -0.994541 -2.075236  1.080695 1.08
56 -0.994543 -2.081239  1.086695 1.09
57 -0.994546 -2.086673  1.092127 1.09
58 -0.994549 -2.091504  1.096955 1.10
59 -0.994550 -2.095698  1.101147 1.10
60 -0.994550 -2.099240  1.104690 1.10
61 -0.994548 -2.102141  1.107594 1.11
62 -0.994543 -2.104447  1.109904 1.11
63 -0.994536 -2.106238  1.111702 1.11
64 -0.994527 -2.107628  1.113100 1.11
65 -0.994517 -2.108758  1.114241 1.11
66 -0.994507 -2.109788  1.115281 1.12
67 -0.994497 -2.110883  1.116385 1.12
68 -0.994488 -2.112201  1.117713 1.12
69 -0.994481 -2.113888  1.119407 1.12
70 -0.994476 -2.116062  1.121586 1.12
71 -0.994472 -2.118813  1.124341 1.12
72 -0.994471 -2.122199  1.127728 1.13
73 -0.994472 -2.126243  1.131771 1.13
74 -0.994474 -2.130939  1.136465 1.14
75 -0.994479 -2.136250  1.141772 1.14
76 -0.994485 -2.142112  1.147627 1.15
77 -0.994493 -2.148429  1.153936 1.15
78 -0.994504 -2.155079  1.160575 1.16
79 -0.994516 -2.161903  1.167387 1.17
80 -0.994531 -2.168710  1.174179 1.17
81 -0.994548 -2.175277  1.180729 1.18
82 -0.994566 -2.181355  1.186789 1.19
83 -0.994584 -2.186685  1.192101 1.19
84 -0.994601 -2.191012  1.196412 1.20
85 -0.994614 -2.194112  1.199498 1.20
86 -0.994623 -2.195809  1.201186 1.20
87 -0.994626 -2.196002  1.201375 1.20
88 -0.994622 -2.194682  1.200060 1.20
89 -0.994612 -2.191946  1.197335 1.20
90 -0.994595 -2.187997  1.193403 1.19
91 -0.994573 -2.183134  1.188562 1.19
92 -0.994549 -2.177725  1.183176 1.18
93 -0.994526 -2.172163  1.177637 1.18
94 -0.994508 -2.166820  1.172311 1.17
95 -0.994498 -2.161986  1.167488 1.17
96 -0.994497 -2.157835  1.163338 1.16
97 -0.994505 -2.154399  1.159894 1.16
98 -0.994519 -2.151574  1.157055 1.16
99 -0.994537 -2.149153  1.154616 1.15
100 -0.994555 -2.146869  1.152313 1.15
101 -0.994571 -2.144444  1.149873 1.15
102 -0.994583 -2.141632  1.147049 1.15
103 -0.994590 -2.138244  1.143654 1.14
104 -0.994593 -2.134157  1.139564 1.14
105 -0.994593 -2.129312  1.134719 1.13
106 -0.994590 -2.123700  1.129110 1.13
107 -0.994586 -2.117351  1.122764 1.12
108 -0.994582 -2.110321  1.115739 1.12
109 -0.994575 -2.102690  1.108114 1.11
110 -0.994568 -2.094557  1.099989 1.10
111 -0.994559 -2.086048  1.091489 1.09
112 -0.994548 -2.077315  1.082767 1.08
113 -0.994535 -2.068540  1.074005 1.07
114 -0.994521 -2.059935  1.065413 1.07
115 -0.994507 -2.051727  1.057220 1.06
116 -0.994492 -2.044153  1.049661 1.05
117 -0.994479 -2.037446  1.042967 1.04
118 -0.994468 -2.031818  1.037350 1.04
119 -0.994459 -2.027447  1.032988 1.03
120 -0.994453 -2.024478  1.030025 1.03
121 -0.994449 -2.023009  1.028561 1.03
122 -0.994447 -2.023101  1.028654 1.03
123 -0.994447 -2.024775  1.030328 1.03
124 -0.994449 -2.028016  1.033567 1.03
125 -0.994453 -2.032779  1.038326 1.04
126 -0.994459 -2.038982  1.044523 1.04
127 -0.994468 -2.046510  1.052043 1.05
128 -0.994478 -2.055209  1.060731 1.06
129 -0.994492 -2.064885  1.070393 1.07
130 -0.994507 -2.075307  1.080800 1.08
131 -0.994524 -2.086207  1.091683 1.09
132 -0.994543 -2.097292  1.102749 1.10
133 -0.994562 -2.108249  1.113687 1.11
134 -0.994581 -2.118760  1.124179 1.12
135 -0.994599 -2.128510  1.133912 1.13
136 -0.994614 -2.137209  1.142595 1.14
137 -0.994627 -2.144597  1.149970 1.15
138 -0.994637 -2.150463  1.155826 1.16
139 -0.994642 -2.154655  1.160013 1.16
140 -0.994642 -2.157092  1.162449 1.16
141 -0.994638 -2.157768  1.163131 1.16
142 -0.994628 -2.156765  1.162137 1.16
143 -0.994614 -2.154242  1.159629 1.16
144 -0.994595 -2.150441  1.155846 1.16
145 -0.994573 -2.145666  1.151093 1.15
146 -0.994550 -2.140273  1.145723 1.15
147 -0.994527 -2.134644  1.140117 1.14
148 -0.994506 -2.129160  1.134654 1.13
149 -0.994489 -2.124175  1.129686 1.13
150 -0.994477 -2.119981  1.125505 1.13
151 -0.994472 -2.116791  1.122319 1.12
152 -0.994473 -2.114716  1.120243 1.12
153 -0.994481 -2.113766  1.119285 1.12
154 -0.994494 -2.113855  1.119362 1.12
155 -0.994510 -2.114818  1.120308 1.12
156 -0.994528 -2.116434  1.121906 1.12
157 -0.994545 -2.118455  1.123910 1.12
158 -0.994561 -2.120635  1.126074 1.13
159 -0.994574 -2.122749  1.128175 1.13
160 -0.994583 -2.124614  1.130031 1.13
161 -0.994588 -2.126103  1.131515 1.13
162 -0.994589 -2.127147  1.132558 1.13
163 -0.994586 -2.127739  1.133152 1.13
164 -0.994580 -2.127927  1.133346 1.13
165 -0.994573 -2.127804  1.133231 1.13
166 -0.994564 -2.127490  1.132926 1.13
167 -0.994556 -2.127114  1.132558 1.13
168 -0.994550 -2.126792  1.132242 1.13
169 -0.994547 -2.126612  1.132065 1.13
170 -0.994546 -2.126620  1.132074 1.13
171 -0.994548 -2.126823  1.132275 1.13
172 -0.994551 -2.127186  1.132635 1.13
173 -0.994556 -2.127646  1.133090 1.13
174 -0.994560 -2.128124  1.133564 1.13
175 -0.994565 -2.128535  1.133970 1.13
176 -0.994569 -2.128798  1.134229 1.13
177 -0.994572 -2.128839  1.134267 1.13
178 -0.994575 -2.128595  1.134020 1.13
179 -0.994578 -2.128011  1.133434 1.13
180 -0.994580 -2.127040  1.132459 1.13
181 -0.994583 -2.125639  1.131057 1.13
182 -0.994585 -2.123778  1.129193 1.13
183 -0.994586 -2.121437  1.126851 1.13
184 -0.994586 -2.118613  1.124027 1.12
185 -0.994584 -2.115331  1.120746 1.12
186 -0.994581 -2.111643  1.117062 1.12
187 -0.994576 -2.107633  1.113057 1.11
188 -0.994569 -2.103418  1.108849 1.11
189 -0.994562 -2.099135  1.104573 1.10
190 -0.994555 -2.094934  1.100379 1.10
191 -0.994551 -2.090955  1.096405 1.10
192 -0.994550 -2.087307  1.092757 1.09
193 -0.994554 -2.084043  1.089489 1.09
194 -0.994564 -2.081146  1.086582 1.09
195 -0.994578 -2.078515  1.083936 1.08
196 -0.994597 -2.075978  1.081381 1.08
197 -0.994616 -2.073311  1.078695 1.08
198 -0.994634 -2.070279  1.075646 1.08
199 -0.994645 -2.066682  1.072036 1.07
200 -0.994648 -2.062403  1.067754 1.07
201 -0.994640 -2.057459  1.062819 1.06
202 -0.994620 -2.052034  1.057414 1.06
203 -0.994588 -2.046493  1.051905 1.05
204 -0.994547 -2.041366  1.046819 1.05
205 -0.994503 -2.037310  1.042807 1.04
206 -0.994462 -2.035016  1.040554 1.04
207 -0.994433 -2.035109  1.040675 1.04
208 -0.994422 -2.038023  1.043601 1.04
209 -0.994432 -2.043915  1.049482 1.05
210 -0.994463 -2.052610  1.058147 1.06
211 -0.994510 -2.063620  1.069110 1.07
212 -0.994565 -2.076211  1.081646 1.08
213 -0.994621 -2.089513  1.094892 1.09
214 -0.994672 -2.102632  1.107960 1.11
215 -0.994712 -2.114757  1.120045 1.12
216 -0.994741 -2.125230  1.130489 1.13
217 -0.994757 -2.133580  1.138824 1.14
218 -0.994762 -2.139532  1.144770 1.14
219 -0.994760 -2.142977  1.148217 1.15
220 -0.994753 -2.143937  1.149184 1.15
221 -0.994745 -2.142518  1.147774 1.15
222 -0.994736 -2.138870  1.144134 1.14
223 -0.994727 -2.133159  1.138432 1.14
224 -0.994716 -2.125574  1.130858 1.13
225 -0.994701 -2.116340  1.121638 1.12
226 -0.994680 -2.105750  1.111070 1.11
227 -0.994651 -2.094197  1.099546 1.10
228 -0.994615 -2.082184  1.087570 1.09
229 -0.994575 -2.070309  1.075734 1.08
230 -0.994535 -2.059222  1.064687 1.06
231 -0.994499 -2.049562  1.055064 1.06
232 -0.994471 -2.041894  1.047424 1.05
233 -0.994453 -2.036646  1.042193 1.04
234 -0.994446 -2.034077  1.039630 1.04
235 -0.994450 -2.034267  1.039817 1.04
236 -0.994461 -2.037132  1.042671 1.04
237 -0.994478 -2.042452  1.047973 1.05
238 -0.994499 -2.049903  1.055404 1.06
239 -0.994522 -2.059096  1.064574 1.06
240 -0.994546 -2.069602  1.075056 1.08
241 -0.994569 -2.080974  1.086405 1.09
242 -0.994591 -2.092771  1.098180 1.10
243 -0.994612 -2.104564  1.109952 1.11
244 -0.994630 -2.115954  1.121324 1.12
245 -0.994645 -2.126578  1.131933 1.13
246 -0.994658 -2.136120  1.141463 1.14
247 -0.994667 -2.144316  1.149649 1.15
248 -0.994672 -2.150957  1.156284 1.16
249 -0.994675 -2.155896  1.161221 1.16
250 -0.994673 -2.159047  1.164373 1.16
251 -0.994669 -2.160383  1.165714 1.17
252 -0.994661 -2.159936  1.165275 1.17
253 -0.994651 -2.157791  1.163140 1.16
254 -0.994639 -2.154082  1.159443 1.16
255 -0.994624 -2.148986  1.154361 1.15
256 -0.994609 -2.142715  1.148107 1.15
257 -0.994592 -2.135513  1.140922 1.14
258 -0.994575 -2.127641  1.133067 1.13
259 -0.994558 -2.119370  1.124812 1.12
260 -0.994542 -2.110967  1.116424 1.12
261 -0.994529 -2.102687  1.108158 1.11
262 -0.994518 -2.094756  1.100238 1.10
263 -0.994510 -2.087365  1.092855 1.09
264 -0.994506 -2.080657  1.086151 1.09
265 -0.994505 -2.074726  1.080221 1.08
266 -0.994506 -2.069624  1.075118 1.08
267 -0.994508 -2.065367  1.070859 1.07
268 -0.994510 -2.061955  1.067445 1.07
269 -0.994510 -2.059393  1.064883 1.06
270 -0.994508 -2.057711  1.063203 1.06
271 -0.994502 -2.056976  1.062474 1.06
272 -0.994494 -2.057297  1.062803 1.06
273 -0.994486 -2.058807  1.064321 1.06
274 -0.994480 -2.061635  1.067155 1.07
275 -0.994479 -2.065866  1.071387 1.07
276 -0.994484 -2.071510  1.077026 1.08
277 -0.994496 -2.078475  1.083979 1.08
278 -0.994512 -2.086569  1.092057 1.09
279 -0.994531 -2.095525  1.100994 1.10
280 -0.994550 -2.105031  1.110481 1.11
281 -0.994568 -2.114773  1.120205 1.12
282 -0.994582 -2.124462  1.129881 1.13
283 -0.994592 -2.133859  1.139267 1.14
284 -0.994600 -2.142776  1.148176 1.15
285 -0.994605 -2.151077  1.156472 1.16
286 -0.994608 -2.158668  1.164060 1.16
287 -0.994610 -2.165489  1.170879 1.17
288 -0.994612 -2.171500  1.176888 1.18
289 -0.994613 -2.176675  1.182062 1.18
290 -0.994616 -2.180992  1.186376 1.19
291 -0.994620 -2.184421  1.189802 1.19
292 -0.994625 -2.186923  1.192299 1.19
293 -0.994631 -2.188445  1.193814 1.19
294 -0.994638 -2.188920  1.194282 1.19
295 -0.994645 -2.188280  1.193635 1.19
296 -0.994651 -2.186461  1.191810 1.19
297 -0.994655 -2.183422  1.188767 1.19
298 -0.994656 -2.179152  1.184496 1.18
299 -0.994653 -2.173695  1.179042 1.18
300 -0.994645 -2.167159  1.172514 1.17
301 -0.994629 -2.159743  1.165114 1.17
302 -0.994605 -2.151759  1.157154 1.16
303 -0.994573 -2.143637  1.149064 1.15
304 -0.994536 -2.135918  1.141382 1.14
305 -0.994498 -2.129209  1.134710 1.13
306 -0.994467 -2.124105  1.129638 1.13
307 -0.994448 -2.121093  1.126645 1.13
308 -0.994446 -2.120458  1.126011 1.13
309 -0.994461 -2.122223  1.127762 1.13
310 -0.994489 -2.126151  1.131662 1.13
311 -0.994525 -2.131790  1.137265 1.14
312 -0.994563 -2.138559  1.143996 1.14
313 -0.994598 -2.145832  1.151235 1.15
314 -0.994627 -2.153022  1.158396 1.16
315 -0.994648 -2.159628  1.164980 1.16
316 -0.994661 -2.165271  1.170610 1.17
317 -0.994664 -2.169705  1.175040 1.18
318 -0.994660 -2.172824  1.178164 1.18
319 -0.994647 -2.174661  1.180014 1.18
320 -0.994628 -2.175377  1.180750 1.18
321 -0.994602 -2.175248  1.180646 1.18
322 -0.994573 -2.174644  1.180071 1.18
323 -0.994542 -2.173995  1.179453 1.18
324 -0.994513 -2.173752  1.179239 1.18
325 -0.994489 -2.174343  1.179854 1.18
326 -0.994471 -2.176127  1.181656 1.18
327 -0.994461 -2.179362  1.184902 1.18
328 -0.994459 -2.184182  1.189723 1.19
329 -0.994465 -2.190590  1.196125 1.20
330 -0.994477 -2.198466  1.203989 1.20
331 -0.994494 -2.207588  1.213093 1.21
332 -0.994514 -2.217658  1.223144 1.22
333 -0.994534 -2.228336  1.233802 1.23
334 -0.994554 -2.239262  1.244708 1.24
335 -0.994571 -2.250087  1.255516 1.26
336 -0.994586 -2.260486  1.265900 1.27
337 -0.994598 -2.270175  1.275577 1.28
338 -0.994607 -2.278912  1.284305 1.28
339 -0.994614 -2.286501  1.291887 1.29
340 -0.994619 -2.292789  1.298170 1.30
341 -0.994621 -2.297660  1.303039 1.30
342 -0.994623 -2.301034  1.306411 1.31
343 -0.994622 -2.302859  1.308236 1.31
344 -0.994621 -2.303111  1.308490 1.31
345 -0.994618 -2.301794  1.307175 1.31
346 -0.994614 -2.298936  1.304322 1.30
347 -0.994608 -2.294596  1.299988 1.30
348 -0.994601 -2.288857  1.294255 1.29
349 -0.994593 -2.281830  1.287237 1.29
350 -0.994583 -2.273652  1.279069 1.28
351 -0.994572 -2.264485  1.269913 1.27
352 -0.994561 -2.254506  1.259945 1.26
353 -0.994549 -2.243907  1.249358 1.25
354 -0.994538 -2.232884  1.238346 1.24
355 -0.994527 -2.221631  1.227104 1.23
356 -0.994518 -2.210335  1.215818 1.22
357 -0.994509 -2.199167  1.204658 1.20
358 -0.994503 -2.188276  1.193773 1.19
359 -0.994498 -2.177788  1.183290 1.18
360 -0.994495 -2.167800  1.173305 1.17
361 -0.994494 -2.158382  1.163888 1.16
362 -0.994495 -2.149574  1.155079 1.16
363 -0.994497 -2.141391  1.146894 1.15
364 -0.994500 -2.133828  1.139328 1.14
365 -0.994504 -2.126861  1.132357 1.13
366 -0.994508 -2.120460  1.125952 1.13
367 -0.994511 -2.114593  1.120082 1.12
368 -0.994514 -2.109233  1.114720 1.11
369 -0.994515 -2.104365  1.109850 1.11
370 -0.994516 -2.099985  1.105469 1.11
371 -0.994516 -2.096102  1.101586 1.10
372 -0.994516 -2.092733  1.098217 1.10
373 -0.994517 -2.089893  1.095376 1.10
374 -0.994519 -2.087591  1.093072 1.09
375 -0.994522 -2.085814  1.091292 1.09
376 -0.994528 -2.084529  1.090001 1.09
377 -0.994535 -2.083670  1.089135 1.09
378 -0.994544 -2.083146  1.088602 1.09
379 -0.994554 -2.082840  1.088286 1.09
380 -0.994564 -2.082621  1.088057 1.09
381 -0.994574 -2.082356  1.087782 1.09
382 -0.994582 -2.081915  1.087333 1.09
383 -0.994589 -2.081192  1.086603 1.09
384 -0.994593 -2.080102  1.085509 1.09
385 -0.994596 -2.078595  1.083999 1.08
386 -0.994596 -2.076653  1.082057 1.08
387 -0.994594 -2.074292  1.079697 1.08
388 -0.994591 -2.071553  1.076962 1.08
389 -0.994587 -2.068503  1.073916 1.07
390 -0.994582 -2.065224  1.070642 1.07
391 -0.994577 -2.061811  1.067234 1.07
392 -0.994571 -2.058361  1.063790 1.06
393 -0.994566 -2.054974  1.060407 1.06
394 -0.994562 -2.051742  1.057180 1.06
395 -0.994558 -2.048756  1.054198 1.05
396 -0.994553 -2.046097  1.051544 1.05
397 -0.994549 -2.043847  1.049298 1.05
398 -0.994544 -2.042086  1.047542 1.05
399 -0.994538 -2.040902  1.046364 1.05
400 -0.994532 -2.040388  1.045856 1.05
401 -0.994526 -2.040637  1.046111 1.05
402 -0.994521 -2.041734  1.047213 1.05
403 -0.994519 -2.043737  1.049218 1.05
404 -0.994521 -2.046654  1.052133 1.05
405 -0.994527 -2.050434  1.055907 1.06
406 -0.994537 -2.054957  1.060420 1.06
407 -0.994551 -2.060039  1.065488 1.07
408 -0.994566 -2.065445  1.070879 1.07
409 -0.994582 -2.070915  1.076333 1.08
410 -0.994597 -2.076179  1.081583 1.08
411 -0.994610 -2.080984  1.086374 1.09
412 -0.994621 -2.085100  1.090479 1.09
413 -0.994630 -2.088333  1.093703 1.09
414 -0.994637 -2.090532  1.095895 1.10
415 -0.994640 -2.091592  1.096951 1.10
416 -0.994640 -2.091459  1.096819 1.10
417 -0.994637 -2.090141  1.095504 1.10
418 -0.994629 -2.087708  1.093079 1.09
419 -0.994618 -2.084296  1.089679 1.09
420 -0.994603 -2.080106  1.085503 1.09
421 -0.994586 -2.075386  1.080800 1.08
422 -0.994569 -2.070413  1.075844 1.08
423 -0.994554 -2.065469  1.070915 1.07
424 -0.994542 -2.060809  1.066268 1.07
425 -0.994533 -2.056646  1.062113 1.06
426 -0.994527 -2.053135  1.058608 1.06
427 -0.994524 -2.050377  1.055853 1.06
428 -0.994523 -2.048429  1.053906 1.05
429 -0.994523 -2.047313  1.052790 1.05
430 -0.994524 -2.047031  1.052507 1.05
431 -0.994526 -2.047566  1.053040 1.05
432 -0.994529 -2.048883  1.054354 1.05
433 -0.994534 -2.050921  1.056387 1.06
434 -0.994541 -2.053591  1.059050 1.06
435 -0.994549 -2.056768  1.062219 1.06
436 -0.994560 -2.060299  1.065739 1.07
437 -0.994571 -2.064005  1.069434 1.07
438 -0.994581 -2.067702  1.073120 1.07
439 -0.994590 -2.071209  1.076619 1.08
440 -0.994597 -2.074372  1.079774 1.08
441 -0.994601 -2.077069  1.082468 1.08
442 -0.994602 -2.079228  1.084626 1.08
443 -0.994600 -2.080823  1.086223 1.09
444 -0.994595 -2.081881  1.087286 1.09
445 -0.994588 -2.082471  1.087883 1.09
446 -0.994579 -2.082696  1.088117 1.09
447 -0.994571 -2.082680  1.088110 1.09
448 -0.994563 -2.082558  1.087995 1.09
449 -0.994555 -2.082458  1.087903 1.09
450 -0.994550 -2.082497  1.087947 1.09
451 -0.994546 -2.082771  1.088225 1.09
452 -0.994544 -2.083356  1.088812 1.09
453 -0.994542 -2.084305  1.089762 1.09
454 -0.994542 -2.085654  1.091112 1.09
455 -0.994542 -2.087431  1.092889 1.09
456 -0.994541 -2.089658  1.095117 1.10
457 -0.994539 -2.092364  1.097824 1.10
458 -0.994537 -2.095588  1.101052 1.10
459 -0.994533 -2.099387  1.104854 1.10
460 -0.994528 -2.103828  1.109300 1.11
461 -0.994525 -2.108983  1.114459 1.11
462 -0.994523 -2.114909  1.120386 1.12
463 -0.994525 -2.121625  1.127100 1.13
464 -0.994532 -2.129092  1.134560 1.13
465 -0.994544 -2.137193  1.142649 1.14
466 -0.994560 -2.145735  1.151174 1.15
467 -0.994579 -2.154453  1.159874 1.16
468 -0.994599 -2.163042  1.168443 1.17
469 -0.994618 -2.171175  1.176557 1.18
470 -0.994636 -2.178533  1.183897 1.18
471 -0.994652 -2.184822  1.190171 1.19
472 -0.994665 -2.189781  1.195116 1.20
473 -0.994676 -2.193186  1.198510 1.20
474 -0.994684 -2.194856  1.200172 1.20
475 -0.994689 -2.194652  1.199962 1.20
476 -0.994691 -2.192489  1.197798 1.20
477 -0.994688 -2.188347  1.193659 1.19
478 -0.994681 -2.182274  1.187594 1.19
479 -0.994669 -2.174398  1.179730 1.18
480 -0.994653 -2.164919  1.170266 1.17
481 -0.994634 -2.154099  1.159465 1.16
482 -0.994614 -2.142245  1.147631 1.15
483 -0.994595 -2.129684  1.135089 1.14
484 -0.994577 -2.116744  1.122167 1.12
485 -0.994560 -2.103736  1.109175 1.11
486 -0.994546 -2.090948  1.096403 1.10
487 -0.994532 -2.078646  1.084115 1.08
488 -0.994519 -2.067076  1.072557 1.07
489 -0.994506 -2.056470  1.061964 1.06
490 -0.994494 -2.047053  1.052559 1.05
491 -0.994483 -2.039038  1.044555 1.04
492 -0.994474 -2.032613  1.038140 1.04
493 -0.994467 -2.027939  1.033471 1.03
494 -0.994464 -2.025122  1.030658 1.03
495 -0.994466 -2.024213  1.029747 1.03
496 -0.994473 -2.025185  1.030713 1.03
497 -0.994484 -2.027939  1.033455 1.03
498 -0.994499 -2.032294  1.037795 1.04
499 -0.994518 -2.038003  1.043485 1.04
500 -0.994539 -2.044761  1.050222 1.05
501 -0.994560 -2.052232  1.057672 1.06
502 -0.994580 -2.060071  1.065491 1.07
503 -0.994596 -2.067952  1.073356 1.07
504 -0.994609 -2.075595  1.080986 1.08
505 -0.994617 -2.082778  1.088161 1.09
506 -0.994621 -2.089352  1.094732 1.09
507 -0.994620 -2.095239  1.100619 1.10
508 -0.994616 -2.100423  1.105807 1.11
509 -0.994611 -2.104940  1.110329 1.11
510 -0.994603 -2.108866  1.114263 1.11
511 -0.994594 -2.112310  1.117717 1.12
512 -0.994583 -2.115409  1.120826 1.12
513 -0.994570 -2.118328  1.123758 1.12
514 -0.994555 -2.121264  1.126709 1.13
515 -0.994539 -2.124445  1.129906 1.13
516 -0.994523 -2.128112  1.133590 1.13
517 -0.994509 -2.132502  1.137993 1.14
518 -0.994501 -2.137807  1.143306 1.14
519 -0.994500 -2.144136  1.149636 1.15
520 -0.994508 -2.151483  1.156975 1.16
521 -0.994524 -2.159709  1.165185 1.17
522 -0.994547 -2.168548  1.174000 1.17
523 -0.994574 -2.177633  1.183060 1.18
524 -0.994601 -2.186545  1.191944 1.19
525 -0.994626 -2.194850  1.200224 1.20
526 -0.994648 -2.202145  1.207497 1.21
527 -0.994665 -2.208083  1.213418 1.21
528 -0.994678 -2.212386  1.217708 1.22
529 -0.994687 -2.214851  1.220164 1.22
530 -0.994692 -2.215349  1.220657 1.22
531 -0.994693 -2.213822  1.219129 1.22
532 -0.994690 -2.210284  1.215594 1.22
533 -0.994682 -2.204826  1.210144 1.21
534 -0.994668 -2.197623  1.202955 1.20
535 -0.994648 -2.188946  1.194298 1.19
536 -0.994621 -2.179165  1.184544 1.18
537 -0.994588 -2.168753  1.174165 1.17
538 -0.994552 -2.158270  1.163717 1.16
539 -0.994516 -2.148325  1.153809 1.15
540 -0.994484 -2.139528  1.145044 1.15
541 -0.994459 -2.132419  1.137960 1.14
542 -0.994447 -2.127411  1.132964 1.13
543 -0.994446 -2.124736  1.130290 1.13
544 -0.994456 -2.124439  1.129984 1.13
545 -0.994473 -2.126397  1.131924 1.13
546 -0.994492 -2.130362  1.135870 1.14
547 -0.994512 -2.136030  1.141518 1.14
548 -0.994529 -2.143081  1.148552 1.15
549 -0.994544 -2.151221  1.156677 1.16
550 -0.994557 -2.160175  1.165618 1.17
551 -0.994571 -2.169676  1.175105 1.18
552 -0.994587 -2.179440  1.184854 1.18
553 -0.994606 -2.189143  1.194537 1.19
554 -0.994626 -2.198419  1.203792 1.20
555 -0.994646 -2.206875  1.212229 1.21
556 -0.994664 -2.214127  1.219463 1.22
557 -0.994677 -2.219828  1.225151 1.23
558 -0.994685 -2.223702  1.229017 1.23
559 -0.994687 -2.225561  1.230874 1.23
560 -0.994684 -2.225311  1.230627 1.23
561 -0.994675 -2.222952  1.228276 1.23
562 -0.994663 -2.218565  1.223902 1.22
563 -0.994647 -2.212308  1.217660 1.22
564 -0.994629 -2.204396  1.209767 1.21
565 -0.994609 -2.195097  1.200488 1.20
566 -0.994588 -2.184718  1.190130 1.19
567 -0.994566 -2.173588  1.179022 1.18
568 -0.994545 -2.162050  1.167505 1.17
569 -0.994526 -2.150441  1.155915 1.16
570 -0.994509 -2.139076  1.144567 1.14
571 -0.994496 -2.128237  1.133740 1.13
572 -0.994486 -2.118158  1.123672 1.12
573 -0.994479 -2.109028  1.114549 1.11
574 -0.994474 -2.100992  1.106518 1.11
575 -0.994471 -2.094161  1.099690 1.10
576 -0.994468 -2.088626  1.094158 1.09
577 -0.994464 -2.084469  1.090005 1.09
578 -0.994460 -2.081778  1.087317 1.09
579 -0.994457 -2.080637  1.086180 1.09
580 -0.994455 -2.081122  1.086667 1.09
581 -0.994456 -2.083274  1.088817 1.09
582 -0.994463 -2.087073  1.092609 1.09
583 -0.994477 -2.092412  1.097935 1.10
584 -0.994498 -2.099079  1.104581 1.10
585 -0.994524 -2.106756  1.112232 1.11
586 -0.994554 -2.115035  1.120482 1.12
587 -0.994585 -2.123451  1.128866 1.13
588 -0.994614 -2.131519  1.136905 1.14
589 -0.994639 -2.138784  1.144145 1.14
590 -0.994658 -2.144854  1.150196 1.15
591 -0.994670 -2.149426  1.154756 1.15
592 -0.994675 -2.152304  1.157629 1.16
593 -0.994674 -2.153405  1.158731 1.16
594 -0.994667 -2.152746  1.158079 1.16
595 -0.994655 -2.150442  1.155786 1.16
596 -0.994641 -2.146678  1.152038 1.15
597 -0.994624 -2.141698  1.147074 1.15
598 -0.994607 -2.135779  1.141172 1.14
599 -0.994590 -2.129208  1.134618 1.13
600 -0.994575 -2.122273  1.127698 1.13
601 -0.994562 -2.115242  1.120681 1.12
602 -0.994551 -2.108359  1.113808 1.11
603 -0.994541 -2.101833  1.107292 1.11
604 -0.994535 -2.095842  1.101308 1.10
605 -0.994530 -2.090527  1.095997 1.10
606 -0.994528 -2.085989  1.091461 1.09
607 -0.994528 -2.082292  1.087765 1.09
608 -0.994529 -2.079464  1.084935 1.08
609 -0.994533 -2.077497  1.082965 1.08
610 -0.994537 -2.076356  1.081819 1.08
611 -0.994543 -2.075982  1.081440 1.08
612 -0.994548 -2.076303  1.081755 1.08
613 -0.994555 -2.077230  1.082676 1.08
614 -0.994561 -2.078667  1.084106 1.08
615 -0.994568 -2.080506  1.085938 1.09
616 -0.994575 -2.082633  1.088058 1.09
617 -0.994581 -2.084937  1.090356 1.09
618 -0.994585 -2.087317  1.092732 1.09
619 -0.994586 -2.089698  1.095111 1.10
620 -0.994585 -2.092044  1.097459 1.10
621 -0.994579 -2.094363  1.099784 1.10
622 -0.994572 -2.096711  1.102139 1.10
623 -0.994563 -2.099175  1.104612 1.10
624 -0.994555 -2.101859  1.107303 1.11
625 -0.994549 -2.104855  1.110306 1.11
626 -0.994547 -2.108228  1.113681 1.11
627 -0.994548 -2.111991  1.117443 1.12
628 -0.994553 -2.116105  1.121553 1.12
629 -0.994560 -2.120479  1.125919 1.13
630 -0.994569 -2.124981  1.130412 1.13
631 -0.994578 -2.129458  1.134879 1.13
632 -0.994587 -2.133750  1.139163 1.14
633 -0.994594 -2.137716  1.143122 1.14
634 -0.994598 -2.141240  1.146642 1.15
635 -0.994598 -2.144251  1.149653 1.15
636 -0.994596 -2.146727  1.152131 1.15
637 -0.994590 -2.148693  1.154103 1.15
638 -0.994582 -2.150224  1.155642 1.16
639 -0.994573 -2.151430  1.156858 1.16
640 -0.994563 -2.152445  1.157881 1.16
641 -0.994555 -2.153404  1.158848 1.16
642 -0.994550 -2.154426  1.159876 1.16
643 -0.994547 -2.155595  1.161048 1.16
644 -0.994549 -2.156947  1.162398 1.16
645 -0.994555 -2.158458  1.163903 1.16
646 -0.994563 -2.160051  1.165487 1.17
647 -0.994575 -2.161601  1.167027 1.17
648 -0.994587 -2.162951  1.168364 1.17
649 -0.994600 -2.163924  1.169324 1.17
650 -0.994612 -2.164340  1.169728 1.17
651 -0.994623 -2.164024  1.169400 1.17
652 -0.994634 -2.162817  1.168182 1.17
653 -0.994644 -2.160571  1.165928 1.17
654 -0.994653 -2.157159  1.162506 1.16
655 -0.994660 -2.152467  1.157807 1.16
656 -0.994665 -2.146409  1.151744 1.15
657 -0.994667 -2.138933  1.144266 1.14
658 -0.994665 -2.130042  1.135377 1.14
659 -0.994656 -2.119810  1.125153 1.13
660 -0.994641 -2.108405  1.113764 1.11
661 -0.994618 -2.096100  1.101481 1.10
662 -0.994589 -2.083271  1.088682 1.09
663 -0.994556 -2.070390  1.075833 1.08
664 -0.994521 -2.057987  1.063466 1.06
665 -0.994488 -2.046613  1.052125 1.05
666 -0.994461 -2.036785  1.042325 1.04
667 -0.994441 -2.028932  1.034491 1.03
668 -0.994432 -2.023356  1.028924 1.03
669 -0.994433 -2.020201  1.025769 1.03
670 -0.994443 -2.019455  1.025012 1.03
671 -0.994461 -2.020954  1.026493 1.03
672 -0.994484 -2.024417  1.029932 1.03
673 -0.994511 -2.029474  1.034963 1.03
674 -0.994538 -2.035708  1.041169 1.04
675 -0.994565 -2.042679  1.048114 1.05
676 -0.994590 -2.049962  1.055372 1.06
677 -0.994612 -2.057160  1.062549 1.06
678 -0.994629 -2.063931  1.069302 1.07
679 -0.994642 -2.069997  1.075355 1.08
680 -0.994650 -2.075157  1.080507 1.08
681 -0.994653 -2.079286  1.084633 1.08
682 -0.994653 -2.082333  1.087680 1.09
683 -0.994651 -2.084302  1.089651 1.09
684 -0.994648 -2.085232  1.090584 1.09
685 -0.994647 -2.085170  1.090524 1.09
686 -0.994647 -2.084153  1.089506 1.09
687 -0.994649 -2.082192  1.087543 1.09
688 -0.994652 -2.079271  1.084619 1.08
689 -0.994656 -2.075358  1.080702 1.08
690 -0.994658 -2.070418  1.075760 1.08
691 -0.994657 -2.064438  1.069781 1.07
692 -0.994653 -2.057444  1.062791 1.06
693 -0.994644 -2.049519  1.054875 1.05
694 -0.994630 -2.040819  1.046189 1.05
695 -0.994610 -2.031583  1.036973 1.04
696 -0.994584 -2.022133  1.027549 1.03
697 -0.994554 -2.012874  1.018320 1.02
698 -0.994522 -2.004273  1.009752 1.01
699 -0.994489 -1.996835  1.002346 1.00
700 -0.994459 -1.991061  0.996602 1.00
701 -0.994435 -1.987403  0.992968 0.99
702 -0.994420 -1.986219  0.991799 0.99
703 -0.994415 -1.987726  0.993311 0.99
704 -0.994421 -1.991982  0.997561 1.00
705 -0.994437 -1.998869  1.004432 1.00
706 -0.994462 -2.008111  1.013649 1.01
707 -0.994492 -2.019298  1.024806 1.02
708 -0.994525 -2.031929  1.037404 1.04
709 -0.994558 -2.045455  1.050896 1.05
710 -0.994588 -2.059324  1.064735 1.06
711 -0.994614 -2.073024  1.078410 1.08
712 -0.994633 -2.086111  1.091477 1.09
713 -0.994646 -2.098231  1.103584 1.10
714 -0.994653 -2.109131  1.114478 1.11
715 -0.994654 -2.118661  1.124008 1.12
716 -0.994650 -2.126763  1.132114 1.13
717 -0.994642 -2.133460  1.138818 1.14
718 -0.994632 -2.138837  1.144205 1.14
719 -0.994621 -2.143021  1.148400 1.15
720 -0.994609 -2.146167  1.151558 1.15
721 -0.994598 -2.148444  1.153846 1.15
722 -0.994587 -2.150023  1.155436 1.16
723 -0.994577 -2.151075  1.156497 1.16
724 -0.994568 -2.151765  1.157197 1.16
725 -0.994560 -2.152254  1.157695 1.16
726 -0.994552 -2.152694  1.158142 1.16
727 -0.994546 -2.153223  1.158677 1.16
728 -0.994541 -2.153964  1.159423 1.16
729 -0.994537 -2.155025  1.160488 1.16
730 -0.994534 -2.156494  1.161960 1.16
731 -0.994532 -2.158451  1.163919 1.16
732 -0.994529 -2.160964  1.166435 1.17
733 -0.994527 -2.164103  1.169576 1.17
734 -0.994525 -2.167925  1.173401 1.17
735 -0.994525 -2.172477  1.177953 1.18
736 -0.994528 -2.177771  1.183244 1.18
737 -0.994534 -2.183770  1.189236 1.19
738 -0.994545 -2.190375  1.195830 1.20
739 -0.994559 -2.197420  1.202861 1.20
740 -0.994575 -2.204687  1.210113 1.21
741 -0.994590 -2.211927  1.217337 1.22
742 -0.994604 -2.218888  1.224284 1.22
743 -0.994614 -2.225341  1.230727 1.23
744 -0.994622 -2.231103  1.236481 1.24
745 -0.994626 -2.236037  1.241411 1.24
746 -0.994628 -2.240054  1.245426 1.25
747 -0.994629 -2.243099  1.248470 1.25
748 -0.994629 -2.245143  1.250514 1.25
749 -0.994629 -2.246168  1.251539 1.25
750 -0.994629 -2.246169  1.251540 1.25
751 -0.994627 -2.245149  1.250521 1.25
752 -0.994625 -2.243129  1.248504 1.25
753 -0.994621 -2.240157  1.245536 1.25
754 -0.994614 -2.236311  1.241697 1.24
755 -0.994606 -2.231708  1.237102 1.24
756 -0.994596 -2.226492  1.231896 1.23
757 -0.994586 -2.220832  1.226247 1.23
758 -0.994576 -2.214906  1.220330 1.22
759 -0.994567 -2.208884  1.214317 1.21
760 -0.994561 -2.202920  1.208359 1.21
761 -0.994556 -2.197140  1.202584 1.20
762 -0.994553 -2.191642  1.197088 1.20
763 -0.994552 -2.186494  1.191942 1.19
764 -0.994553 -2.181736  1.187183 1.19
765 -0.994555 -2.177384  1.182829 1.18
766 -0.994558 -2.173431  1.178873 1.18
767 -0.994562 -2.169852  1.175290 1.18
768 -0.994566 -2.166611  1.172046 1.17
769 -0.994569 -2.163671  1.169102 1.17
770 -0.994571 -2.160998  1.166427 1.17
771 -0.994573 -2.158570  1.163997 1.16
772 -0.994574 -2.156377  1.161803 1.16
773 -0.994575 -2.154412  1.159837 1.16
774 -0.994578 -2.152662  1.158083 1.16
775 -0.994585 -2.151080  1.156495 1.16
776 -0.994595 -2.149580  1.154985 1.15
777 -0.994608 -2.148021  1.153413 1.15
778 -0.994621 -2.146222  1.151600 1.15
779 -0.994633 -2.143991  1.149358 1.15
780 -0.994640 -2.141170  1.146531 1.15
781 -0.994638 -2.137680  1.143042 1.14
782 -0.994627 -2.133562  1.138935 1.14
783 -0.994607 -2.128997  1.134390 1.13
784 -0.994580 -2.124299  1.129719 1.13
785 -0.994550 -2.119884  1.125334 1.13
786 -0.994521 -2.116212  1.121691 1.12
787 -0.994498 -2.113717  1.119218 1.12
788 -0.994487 -2.112730  1.118244 1.12
789 -0.994488 -2.113421  1.118933 1.12
790 -0.994502 -2.115757  1.121255 1.12
791 -0.994527 -2.119511  1.124984 1.12
792 -0.994557 -2.124299  1.129742 1.13
793 -0.994588 -2.129650  1.135062 1.14
794 -0.994615 -2.135076  1.140461 1.14
795 -0.994635 -2.140147  1.145512 1.15
796 -0.994647 -2.144537  1.149891 1.15
797 -0.994649 -2.148053  1.153404 1.15
798 -0.994642 -2.150645  1.156003 1.16
799 -0.994627 -2.152402  1.157775 1.16
800 -0.994608 -2.153529  1.158921 1.16
801 -0.994586 -2.154310  1.159724 1.16
802 -0.994567 -2.155057  1.160490 1.16
803 -0.994555 -2.156046  1.161491 1.16
804 -0.994554 -2.157449  1.162894 1.16
805 -0.994566 -2.159280  1.164714 1.16
806 -0.994590 -2.161369  1.166779 1.17
807 -0.994623 -2.163368  1.168745 1.17
808 -0.994662 -2.164794  1.170132 1.17
809 -0.994700 -2.165097  1.170397 1.17
810 -0.994734 -2.163732  1.168999 1.17
811 -0.994759 -2.160237  1.165478 1.17
812 -0.994772 -2.154283  1.159511 1.16
813 -0.994772 -2.145732  1.150960 1.15
814 -0.994755 -2.134666  1.139911 1.14
815 -0.994722 -2.121415  1.126693 1.13
816 -0.994672 -2.106573  1.111901 1.11
817 -0.994607 -2.090982  1.096375 1.10
818 -0.994535 -2.075689  1.081154 1.08
819 -0.994465 -2.061845  1.067380 1.07
820 -0.994407 -2.050563  1.056157 1.06
821 -0.994371 -2.042752  1.048381 1.05
822 -0.994364 -2.038966  1.044602 1.04
823 -0.994385 -2.039319  1.044934 1.04
824 -0.994427 -2.043490  1.049062 1.05
825 -0.994482 -2.050813  1.056330 1.06
826 -0.994539 -2.060419  1.065880 1.07
827 -0.994591 -2.071384  1.076793 1.08
828 -0.994633 -2.082849  1.088216 1.09
829 -0.994664 -2.094092  1.099428 1.10
830 -0.994684 -2.104563  1.109879 1.11
831 -0.994695 -2.113879  1.119184 1.12
832 -0.994699 -2.121797  1.127097 1.13
833 -0.994700 -2.128181  1.133481 1.13
834 -0.994700 -2.132965  1.138266 1.14
835 -0.994699 -2.136120  1.141421 1.14
836 -0.994700 -2.137628  1.142929 1.14
837 -0.994701 -2.137476  1.142775 1.14
838 -0.994702 -2.135653  1.140951 1.14
839 -0.994701 -2.132170  1.137469 1.14
840 -0.994696 -2.127082  1.132386 1.13
841 -0.994685 -2.120514  1.125829 1.13
842 -0.994667 -2.112688  1.118021 1.12
843 -0.994642 -2.103933  1.109291 1.11
844 -0.994611 -2.094684  1.100073 1.10
845 -0.994577 -2.085460  1.090882 1.09
846 -0.994544 -2.076822  1.082278 1.08
847 -0.994514 -2.069326  1.074812 1.07
848 -0.994491 -2.063462  1.068971 1.07
849 -0.994478 -2.059603  1.065124 1.07
850 -0.994476 -2.057968  1.063491 1.06
851 -0.994484 -2.058605  1.064121 1.06
852 -0.994501 -2.061400  1.066899 1.07
853 -0.994523 -2.066096  1.071573 1.07
854 -0.994549 -2.072335  1.077785 1.08
855 -0.994576 -2.079692  1.085115 1.09
856 -0.994603 -2.087722  1.093119 1.09
857 -0.994626 -2.095988  1.101362 1.10
858 -0.994647 -2.104086  1.109439 1.11
859 -0.994664 -2.111662  1.116998 1.12
860 -0.994677 -2.118415  1.123738 1.12
861 -0.994688 -2.124102  1.129414 1.13
862 -0.994697 -2.128528  1.133832 1.13
863 -0.994704 -2.131540  1.136836 1.14
864 -0.994710 -2.133018  1.138308 1.14
865 -0.994714 -2.132874  1.138160 1.14
866 -0.994715 -2.131057  1.136341 1.14
867 -0.994713 -2.127566  1.132853 1.13
868 -0.994705 -2.122468  1.127763 1.13
869 -0.994691 -2.115919  1.121228 1.12
870 -0.994669 -2.108179  1.113511 1.11
871 -0.994640 -2.099617  1.104977 1.10
872 -0.994608 -2.090695  1.096087 1.10
873 -0.994573 -2.081940  1.087367 1.09
874 -0.994540 -2.073894  1.079354 1.08
875 -0.994513 -2.067065  1.072552 1.07
876 -0.994494 -2.061868  1.067373 1.07
877 -0.994485 -2.058586  1.064101 1.06
878 -0.994486 -2.057345  1.062859 1.06
879 -0.994496 -2.058109  1.063613 1.06
880 -0.994515 -2.060687  1.066173 1.07
881 -0.994538 -2.064766  1.070228 1.07
882 -0.994565 -2.069942  1.075378 1.08
883 -0.994591 -2.075763  1.081172 1.08
884 -0.994616 -2.081772  1.087156 1.09
885 -0.994636 -2.087540  1.092904 1.09
886 -0.994651 -2.092702  1.098051 1.10
887 -0.994660 -2.096972  1.102311 1.10
888 -0.994664 -2.100156  1.105492 1.11
889 -0.994662 -2.102157  1.107495 1.11
890 -0.994654 -2.102971  1.108316 1.11
891 -0.994642 -2.102679  1.108036 1.11
892 -0.994626 -2.101443  1.106817 1.11
893 -0.994607 -2.099494  1.104887 1.10
894 -0.994584 -2.097120  1.102535 1.10
895 -0.994561 -2.094653  1.100092 1.10
896 -0.994537 -2.092450  1.097913 1.10
897 -0.994515 -2.090871  1.096355 1.10
898 -0.994497 -2.090245  1.095748 1.10
899 -0.994483 -2.090851  1.096368 1.10
900 -0.994476 -2.092887  1.098411 1.10
901 -0.994475 -2.096454  1.101979 1.10
902 -0.994481 -2.101552  1.107071 1.11
903 -0.994491 -2.108084  1.113593 1.11
904 -0.994506 -2.115871  1.121366 1.12
905 -0.994522 -2.124674  1.130151 1.13
906 -0.994541 -2.134205  1.139665 1.14
907 -0.994560 -2.144155  1.149595 1.15
908 -0.994579 -2.154196  1.159617 1.16
909 -0.994598 -2.164005  1.169407 1.17
910 -0.994615 -2.173266  1.178651 1.18
911 -0.994629 -2.181689  1.187059 1.19
912 -0.994641 -2.189022  1.194380 1.19
913 -0.994649 -2.195061  1.200412 1.20
914 -0.994653 -2.199664  1.205011 1.21
915 -0.994653 -2.202754  1.208101 1.21
916 -0.994649 -2.204317  1.209668 1.21
917 -0.994642 -2.204403  1.209761 1.21
918 -0.994632 -2.203116  1.208484 1.21
919 -0.994621 -2.200600  1.205979 1.21
920 -0.994609 -2.197026  1.202418 1.20
921 -0.994597 -2.192581  1.197984 1.20
922 -0.994586 -2.187449  1.192863 1.19
923 -0.994576 -2.181809  1.187234 1.19
924 -0.994567 -2.175825  1.181258 1.18
925 -0.994560 -2.169640  1.175081 1.18
926 -0.994553 -2.163383  1.168830 1.17
927 -0.994547 -2.157168  1.162621 1.16
928 -0.994542 -2.151099  1.156558 1.16
929 -0.994536 -2.145275  1.150738 1.15
930 -0.994531 -2.139790  1.145259 1.15
931 -0.994526 -2.134738  1.140212 1.14
932 -0.994521 -2.130209  1.135687 1.14
933 -0.994517 -2.126282  1.131764 1.13
934 -0.994515 -2.123026  1.128511 1.13
935 -0.994514 -2.120488  1.125974 1.13
936 -0.994514 -2.118690  1.124175 1.12
937 -0.994518 -2.117620  1.123102 1.12
938 -0.994523 -2.117232  1.122709 1.12
939 -0.994531 -2.117441  1.122910 1.12
940 -0.994541 -2.118128  1.123587 1.12
941 -0.994552 -2.119139  1.124586 1.12
942 -0.994565 -2.120295  1.125729 1.13
943 -0.994579 -2.121397  1.126818 1.13
944 -0.994593 -2.122233  1.127640 1.13
945 -0.994607 -2.122588  1.127981 1.13
946 -0.994620 -2.122248  1.127628 1.13
947 -0.994633 -2.121010  1.126377 1.13
948 -0.994643 -2.118690  1.124046 1.12
949 -0.994652 -2.115130  1.120478 1.12
950 -0.994658 -2.110214  1.115556 1.12
951 -0.994660 -2.103869  1.109209 1.11
952 -0.994659 -2.096076  1.101418 1.10
953 -0.994654 -2.086878  1.092224 1.09
954 -0.994646 -2.076372  1.081727 1.08
955 -0.994634 -2.064717  1.070083 1.07
956 -0.994620 -2.052120  1.057500 1.06
957 -0.994604 -2.038830  1.044226 1.04
958 -0.994587 -2.025130  1.030543 1.03
959 -0.994568 -2.011329  1.016760 1.02
960 -0.994549 -1.997753  1.003204 1.00
961 -0.994529 -1.984746  0.990217 0.99
962 -0.994508 -1.972660  0.978152 0.98
963 -0.994486 -1.961858  0.967372 0.97
964 -0.994464 -1.952708  0.958244 0.96
965 -0.994443 -1.945569  0.951126 0.95
966 -0.994425 -1.940779  0.946354 0.95
967 -0.994411 -1.938630  0.944219 0.94
968 -0.994402 -1.939343  0.944941 0.94
969 -0.994401 -1.943040  0.948639 0.95
970 -0.994409 -1.949718  0.955309 0.96
971 -0.994425 -1.959239  0.964814 0.96
972 -0.994449 -1.971325  0.976875 0.98
973 -0.994479 -1.985573  0.991095 0.99
974 -0.994512 -2.001487  1.006975 1.01
975 -0.994547 -2.018504  1.023957 1.02
976 -0.994580 -2.036043  1.041463 1.04
977 -0.994610 -2.053535  1.058925 1.06
978 -0.994636 -2.070457  1.075821 1.08
979 -0.994656 -2.086355  1.091699 1.09
980 -0.994671 -2.100856  1.106185 1.11
981 -0.994681 -2.113674  1.118993 1.12
982 -0.994685 -2.124611  1.129925 1.13
983 -0.994685 -2.133553  1.138868 1.14
984 -0.994681 -2.140467  1.145786 1.15
985 -0.994673 -2.145394  1.150721 1.15
986 -0.994660 -2.148444  1.153783 1.15
987 -0.994645 -2.149795  1.155150 1.16
988 -0.994626 -2.149685  1.155059 1.16
989 -0.994605 -2.148403  1.153798 1.15
990 -0.994583 -2.146276  1.151693 1.15
991 -0.994562 -2.143647  1.149085 1.15
992 -0.994543 -2.140856  1.146313 1.15
993 -0.994528 -2.138204  1.143676 1.14
994 -0.994519 -2.135928  1.141409 1.14
995 -0.994517 -2.134176  1.139659 1.14
996 -0.994522 -2.132986  1.138464 1.14
997 -0.994533 -2.132290  1.137757 1.14
998 -0.994548 -2.131924  1.137375 1.14
999 -0.994566 -2.131656  1.137091 1.14
1000 -0.994582 -2.131227  1.136645 1.14
1001 -0.994595 -2.130387  1.135792 1.14
1002 -0.994603 -2.128933  1.134329 1.13
1003 -0.994607 -2.126729  1.132123 1.13
1004 -0.994606 -2.123719  1.129113 1.13
1005 -0.994601 -2.119914  1.125313 1.13
1006 -0.994594 -2.115383  1.120789 1.12
1007 -0.994587 -2.110228  1.115641 1.12
1008 -0.994580 -2.104566  1.109986 1.11
1009 -0.994575 -2.098509  1.103934 1.10
1010 -0.994571 -2.092155  1.097585 1.10
1011 -0.994567 -2.085592  1.091025 1.09
1012 -0.994564 -2.078899  1.084335 1.08
1013 -0.994560 -2.072157  1.077597 1.08
1014 -0.994555 -2.065458  1.070903 1.07
1015 -0.994548 -2.058911  1.064363 1.06
1016 -0.994541 -2.052645  1.058104 1.06
1017 -0.994533 -2.046797  1.052264 1.05
1018 -0.994527 -2.041505  1.046978 1.05
1019 -0.994521 -2.036895  1.042374 1.04
1020 -0.994517 -2.033070  1.038552 1.04
1021 -0.994515 -2.030103  1.035588 1.04
1022 -0.994514 -2.028042  1.033528 1.03
1023 -0.994514 -2.026913  1.032400 1.03
1024 -0.994512 -2.026733  1.032220 1.03
1025 -0.994510 -2.027518  1.033008 1.03
1026 -0.994507 -2.029295  1.034788 1.03
1027 -0.994504 -2.032098  1.037594 1.04
1028 -0.994500 -2.035964  1.041464 1.04
1029 -0.994498 -2.040926  1.046428 1.05
1030 -0.994497 -2.046998  1.052501 1.05
1031 -0.994499 -2.054160  1.059661 1.06
1032 -0.994504 -2.062354  1.067850 1.07
1033 -0.994512 -2.071468  1.076956 1.08
1034 -0.994524 -2.081341  1.086817 1.09
1035 -0.994538 -2.091761  1.097223 1.10
1036 -0.994555 -2.102473  1.107918 1.11
1037 -0.994573 -2.113186  1.118613 1.12
1038 -0.994592 -2.123588  1.128996 1.13
1039 -0.994610 -2.133358  1.138748 1.14
1040 -0.994628 -2.142181  1.147553 1.15
1041 -0.994643 -2.149765  1.155122 1.16
1042 -0.994655 -2.155851  1.161195 1.16
1043 -0.994664 -2.160230  1.165566 1.17
1044 -0.994669 -2.162751  1.168082 1.17
1045 -0.994669 -2.163328  1.168658 1.17
1046 -0.994666 -2.161943  1.167278 1.17
1047 -0.994658 -2.158650  1.163992 1.16
1048 -0.994646 -2.153567  1.158920 1.16
1049 -0.994632 -2.146872  1.152240 1.15
1050 -0.994615 -2.138796  1.144181 1.14
1051 -0.994596 -2.129607  1.135011 1.14
1052 -0.994577 -2.119604  1.125026 1.13
1053 -0.994558 -2.109099  1.114542 1.11
1054 -0.994539 -2.098411  1.103873 1.10
1055 -0.994521 -2.087850  1.093328 1.09
1056 -0.994506 -2.077705  1.083199 1.08
1057 -0.994493 -2.068236  1.073743 1.07
1058 -0.994483 -2.059666  1.065183 1.07
1059 -0.994476 -2.052165  1.057689 1.06
1060 -0.994473 -2.045858  1.051385 1.05
1061 -0.994472 -2.040814  1.046342 1.05
1062 -0.994474 -2.037059  1.042585 1.04
1063 -0.994477 -2.034583  1.040106 1.04
1064 -0.994480 -2.033351  1.038871 1.04
1065 -0.994483 -2.033322  1.038839 1.04
1066 -0.994486 -2.034452  1.039966 1.04
1067 -0.994488 -2.036702  1.042213 1.04
1068 -0.994491 -2.040034  1.045544 1.05
1069 -0.994494 -2.044409  1.049915 1.05
1070 -0.994498 -2.049769  1.055271 1.06
1071 -0.994505 -2.056035  1.061530 1.06
1072 -0.994514 -2.063092  1.068578 1.07
1073 -0.994526 -2.070790  1.076264 1.08
1074 -0.994540 -2.078941  1.084401 1.08
1075 -0.994555 -2.087325  1.092771 1.09
1076 -0.994571 -2.095704  1.101133 1.10
1077 -0.994587 -2.103824  1.109237 1.11
1078 -0.994602 -2.111432  1.116830 1.12
1079 -0.994617 -2.118286  1.123669 1.12
1080 -0.994630 -2.124161  1.129531 1.13
1081 -0.994642 -2.128856  1.134214 1.13
1082 -0.994652 -2.132196  1.137544 1.14
1083 -0.994660 -2.134037  1.139377 1.14
1084 -0.994667 -2.134264  1.139597 1.14
1085 -0.994673 -2.132792  1.138119 1.14
1086 -0.994677 -2.129564  1.134887 1.13
1087 -0.994679 -2.124560  1.129881 1.13
1088 -0.994679 -2.117796  1.123117 1.12
1089 -0.994675 -2.109332  1.114656 1.11
1090 -0.994668 -2.099285  1.104617 1.10
1091 -0.994656 -2.087841  1.093186 1.09
1092 -0.994637 -2.075270  1.080633 1.08
1093 -0.994611 -2.061940  1.067330 1.07
1094 -0.994577 -2.048332  1.053756 1.05
1095 -0.994537 -2.035036  1.040499 1.04
1096 -0.994493 -2.022726  1.028233 1.03
1097 -0.994452 -2.012115  1.017664 1.02
1098 -0.994419 -2.003871  1.009453 1.01
1099 -0.994400 -1.998520  1.004120 1.00
1100 -0.994399 -1.996358  1.001959 1.00
1101 -0.994416 -1.997400  1.002985 1.00
1102 -0.994445 -2.001388  1.006943 1.01
1103 -0.994482 -2.007846  1.013364 1.01
1104 -0.994520 -2.016178  1.021658 1.02
1105 -0.994553 -2.025765  1.031212 1.03
1106 -0.994579 -2.036038  1.041459 1.04
1107 -0.994599 -2.046525  1.051926 1.05
1108 -0.994613 -2.056851  1.062238 1.06
1109 -0.994623 -2.066726  1.072104 1.07
1110 -0.994631 -2.075921  1.081291 1.08
1111 -0.994638 -2.084242  1.089604 1.09
1112 -0.994645 -2.091515  1.096870 1.10
1113 -0.994650 -2.097589  1.102939 1.10
1114 -0.994653 -2.102339  1.107686 1.11
1115 -0.994653 -2.105685  1.111032 1.11
1116 -0.994648 -2.107606  1.112957 1.11
1117 -0.994639 -2.108150  1.113511 1.11
1118 -0.994626 -2.107442  1.112816 1.11
1119 -0.994608 -2.105676  1.111067 1.11
1120 -0.994589 -2.103105  1.108516 1.11
1121 -0.994568 -2.100022  1.105454 1.11
1122 -0.994549 -2.096735  1.102187 1.10
1123 -0.994531 -2.093542  1.099010 1.10
1124 -0.994518 -2.090703  1.096184 1.10
1125 -0.994510 -2.088422  1.093912 1.09
1126 -0.994508 -2.086829  1.092321 1.09
1127 -0.994511 -2.085971  1.091460 1.09
1128 -0.994518 -2.085813  1.091295 1.09
1129 -0.994529 -2.086254  1.091726 1.09
1130 -0.994541 -2.087142  1.092601 1.09
1131 -0.994553 -2.088302  1.093748 1.09
1132 -0.994563 -2.089563  1.094999 1.09
1133 -0.994570 -2.090784  1.096214 1.10
1134 -0.994573 -2.091873  1.097300 1.10
1135 -0.994572 -2.092795  1.098223 1.10
1136 -0.994568 -2.093574  1.099007 1.10
1137 -0.994561 -2.094286  1.099725 1.10
1138 -0.994553 -2.095040  1.100487 1.10
1139 -0.994545 -2.095960  1.101415 1.10
1140 -0.994539 -2.097168  1.102629 1.10
1141 -0.994535 -2.098760  1.104225 1.10
1142 -0.994534 -2.100800  1.106267 1.11
1143 -0.994535 -2.103312  1.108777 1.11
1144 -0.994538 -2.106277  1.111739 1.11
1145 -0.994544 -2.109640  1.115097 1.12
1146 -0.994550 -2.113319  1.118769 1.12
1147 -0.994557 -2.117211  1.122655 1.12
1148 -0.994563 -2.121208  1.126645 1.13
1149 -0.994568 -2.125206  1.130638 1.13
1150 -0.994572 -2.129115  1.134543 1.13
1151 -0.994574 -2.132868  1.138295 1.14
1152 -0.994574 -2.136428  1.141854 1.14
1153 -0.994572 -2.139781  1.145209 1.15
1154 -0.994570 -2.142937  1.148368 1.15
1155 -0.994568 -2.145917  1.151349 1.15
1156 -0.994567 -2.148736  1.154169 1.15
1157 -0.994568 -2.151394  1.156826 1.16
1158 -0.994572 -2.153857  1.159286 1.16
1159 -0.994578 -2.156060  1.161482 1.16
1160 -0.994586 -2.157898  1.163311 1.16
1161 -0.994595 -2.159243  1.164647 1.16
1162 -0.994604 -2.159956  1.165351 1.17
1163 -0.994612 -2.159905  1.165293 1.17
1164 -0.994617 -2.158982  1.164365 1.16
1165 -0.994620 -2.157121  1.162501 1.16
1166 -0.994618 -2.154305  1.159687 1.16
1167 -0.994613 -2.150578  1.155965 1.16
1168 -0.994604 -2.146044  1.151440 1.15
1169 -0.994592 -2.140867  1.146276 1.15
1170 -0.994576 -2.135267  1.140691 1.14
1171 -0.994559 -2.129504  1.134945 1.13
1172 -0.994542 -2.123863  1.129320 1.13
1173 -0.994527 -2.118625  1.124098 1.12
1174 -0.994517 -2.114039  1.119522 1.12
1175 -0.994512 -2.110284  1.115772 1.12
1176 -0.994513 -2.107451  1.112937 1.11
1177 -0.994521 -2.105525  1.111004 1.11
1178 -0.994533 -2.104397  1.109864 1.11
1179 -0.994547 -2.103888  1.109341 1.11
1180 -0.994561 -2.103781  1.109220 1.11
1181 -0.994573 -2.103863  1.109290 1.11
1182 -0.994581 -2.103948  1.109368 1.11
1183 -0.994585 -2.103901  1.109316 1.11
1184 -0.994586 -2.103637  1.109051 1.11
1185 -0.994586 -2.103114  1.108528 1.11
1186 -0.994585 -2.102320  1.107735 1.11
1187 -0.994584 -2.101255  1.106671 1.11
1188 -0.994584 -2.099920  1.105336 1.11
1189 -0.994585 -2.098305  1.103719 1.10
1190 -0.994588 -2.096381  1.101793 1.10
1191 -0.994593 -2.094103  1.099510 1.10
1192 -0.994599 -2.091401  1.096802 1.10
1193 -0.994606 -2.088192  1.093585 1.09
1194 -0.994615 -2.084374  1.089760 1.09
1195 -0.994623 -2.079840  1.085217 1.09
1196 -0.994632 -2.074478  1.079846 1.08
1197 -0.994640 -2.068188  1.073548 1.07
1198 -0.994645 -2.060892  1.066247 1.07
1199 -0.994646 -2.052558  1.057912 1.06
1200 -0.994642 -2.043214  1.048572 1.05
1201 -0.994632 -2.032970  1.038337 1.04
1202 -0.994616 -2.022028  1.027412 1.03
1203 -0.994594 -2.010689  1.016095 1.02
1204 -0.994567 -1.999341  1.004774 1.00
1205 -0.994537 -1.988439  0.993902 0.99
1206 -0.994508 -1.978473  0.983965 0.98
1207 -0.994481 -1.969924  0.975442 0.98
1208 -0.994460 -1.963224  0.968765 0.97
1209 -0.994446 -1.958720  0.964275 0.96
1210 -0.994439 -1.956642  0.962202 0.96
1211 -0.994441 -1.957087  0.962646 0.96
1212 -0.994451 -1.960020  0.965569 0.97
1213 -0.994468 -1.965273  0.970805 0.97
1214 -0.994491 -1.972562  0.978071 0.98
1215 -0.994517 -1.981511  0.986993 0.99
1216 -0.994546 -1.991675  0.997129 1.00
1217 -0.994574 -2.002575  1.008000 1.01
1218 -0.994601 -2.013727  1.019126 1.02
1219 -0.994625 -2.024674  1.030049 1.03
1220 -0.994644 -2.035008  1.040364 1.04
1221 -0.994657 -2.044393  1.049735 1.05
1222 -0.994666 -2.052575  1.057910 1.06
1223 -0.994668 -2.059390  1.064721 1.06
1224 -0.994667 -2.064757  1.070091 1.07
1225 -0.994661 -2.068677  1.074016 1.07
1226 -0.994652 -2.071213  1.076560 1.08
1227 -0.994643 -2.072476  1.077833 1.08
1228 -0.994633 -2.072603  1.077970 1.08
1229 -0.994625 -2.071738  1.077113 1.08
1230 -0.994618 -2.070008  1.075390 1.08
1231 -0.994614 -2.067521  1.072908 1.07
1232 -0.994611 -2.064356  1.069744 1.07
1233 -0.994610 -2.060568  1.065958 1.07
1234 -0.994608 -2.056205  1.061597 1.06
1235 -0.994604 -2.051321  1.056717 1.06
1236 -0.994599 -2.045992  1.051393 1.05
1237 -0.994591 -2.040321  1.045730 1.05
1238 -0.994582 -2.034451  1.039870 1.04
1239 -0.994571 -2.028552  1.033981 1.03
1240 -0.994560 -2.022810  1.028250 1.03
1241 -0.994550 -2.017415  1.022865 1.02
1242 -0.994542 -2.012541  1.017999 1.02
1243 -0.994536 -2.008330  1.013793 1.01
1244 -0.994533 -2.004889  1.010356 1.01
1245 -0.994532 -2.002286  1.007754 1.01
1246 -0.994532 -2.000555  1.006023 1.01
1247 -0.994533 -1.999710  1.005177 1.01
1248 -0.994534 -1.999748  1.005214 1.01
1249 -0.994534 -2.000665  1.006131 1.01
1250 -0.994535 -2.002457  1.007922 1.01
1251 -0.994535 -2.005114  1.010579 1.01
1252 -0.994537 -2.008623  1.014086 1.01
1253 -0.994539 -2.012952  1.018413 1.02
1254 -0.994544 -2.018049  1.023505 1.02
1255 -0.994550 -2.023828  1.029278 1.03
1256 -0.994558 -2.030173  1.035614 1.04
1257 -0.994568 -2.036938  1.042371 1.04
1258 -0.994578 -2.043958  1.049380 1.05
1259 -0.994588 -2.051051  1.056464 1.06
1260 -0.994596 -2.058041  1.063445 1.06
1261 -0.994604 -2.064762  1.070159 1.07
1262 -0.994609 -2.071070  1.076461 1.08
1263 -0.994613 -2.076846  1.082234 1.08
1264 -0.994614 -2.082003  1.087389 1.09
1265 -0.994615 -2.086479  1.091865 1.09
1266 -0.994614 -2.090238  1.095624 1.10
1267 -0.994612 -2.093261  1.098649 1.10
1268 -0.994610 -2.095547  1.100937 1.10
1269 -0.994607 -2.097104  1.102497 1.10
1270 -0.994605 -2.097952  1.103347 1.10
1271 -0.994602 -2.098112  1.103510 1.10
1272 -0.994600 -2.097611  1.103011 1.10
1273 -0.994598 -2.096476  1.101878 1.10
1274 -0.994596 -2.094732  1.100136 1.10
1275 -0.994595 -2.092408  1.097814 1.10
1276 -0.994593 -2.089535  1.094942 1.09
1277 -0.994591 -2.086150  1.091560 1.09
1278 -0.994587 -2.082307  1.087720 1.09
1279 -0.994582 -2.078079  1.083497 1.08
1280 -0.994575 -2.073561  1.078986 1.08
1281 -0.994567 -2.068878  1.074311 1.07
1282 -0.994556 -2.064180  1.069623 1.07
1283 -0.994545 -2.059641  1.065096 1.07
1284 -0.994533 -2.055452  1.060919 1.06
1285 -0.994521 -2.051813  1.057292 1.06
1286 -0.994510 -2.048915  1.054404 1.05
1287 -0.994502 -2.046929  1.052427 1.05
1288 -0.994497 -2.045990  1.051492 1.05
1289 -0.994497 -2.046172  1.051675 1.05
1290 -0.994502 -2.047485  1.052983 1.05
1291 -0.994512 -2.049856  1.055345 1.06
1292 -0.994527 -2.053134  1.058608 1.06
1293 -0.994545 -2.057094  1.062549 1.06
1294 -0.994567 -2.061452  1.066886 1.07
1295 -0.994589 -2.065888  1.071299 1.07
1296 -0.994610 -2.070068  1.075458 1.08
1297 -0.994629 -2.073673  1.079044 1.08
1298 -0.994645 -2.076420  1.081775 1.08
1299 -0.994656 -2.078083  1.083427 1.08
1300 -0.994661 -2.078509  1.083848 1.08
1301 -0.994662 -2.077629  1.082967 1.08
1302 -0.994657 -2.075462  1.080806 1.08
1303 -0.994646 -2.072118  1.077472 1.08
1304 -0.994631 -2.067791  1.073159 1.07
1305 -0.994613 -2.062744  1.068131 1.07
1306 -0.994594 -2.057298  1.062704 1.06
1307 -0.994575 -2.051793  1.057218 1.06
1308 -0.994559 -2.046564  1.052006 1.05
1309 -0.994547 -2.041908  1.047361 1.05
1310 -0.994540 -2.038052  1.043512 1.04
1311 -0.994537 -2.035149  1.040611 1.04
1312 -0.994538 -2.033276  1.038738 1.04
1313 -0.994539 -2.032463  1.037924 1.04
1314 -0.994539 -2.032720  1.038181 1.04
1315 -0.994536 -2.034067  1.039531 1.04
1316 -0.994531 -2.036544  1.042012 1.04
1317 -0.994527 -2.040205  1.045677 1.05
1318 -0.994526 -2.045086  1.050560 1.05
1319 -0.994530 -2.051172  1.056642 1.06
1320 -0.994540 -2.058363  1.063824 1.06
1321 -0.994554 -2.066471  1.071917 1.07
1322 -0.994572 -2.075225  1.080653 1.08
1323 -0.994590 -2.084308  1.089717 1.09
1324 -0.994606 -2.093394  1.098788 1.10
1325 -0.994618 -2.102189  1.107572 1.11
1326 -0.994625 -2.110458  1.115834 1.12
1327 -0.994627 -2.118035  1.123408 1.12
1328 -0.994626 -2.124822  1.130196 1.13
1329 -0.994622 -2.130780  1.136158 1.14
1330 -0.994617 -2.135914  1.141298 1.14
1331 -0.994610 -2.140261  1.145651 1.15
1332 -0.994603 -2.143876  1.149273 1.15
1333 -0.994595 -2.146832  1.152237 1.15
1334 -0.994587 -2.149211  1.154624 1.15
1335 -0.994579 -2.151104  1.156525 1.16
1336 -0.994572 -2.152602  1.158031 1.16
1337 -0.994566 -2.153793  1.159227 1.16
1338 -0.994561 -2.154747  1.160186 1.16
1339 -0.994559 -2.155512  1.160953 1.16
1340 -0.994560 -2.156106  1.161546 1.16
1341 -0.994562 -2.156516  1.161954 1.16
1342 -0.994566 -2.156701  1.162135 1.16
1343 -0.994570 -2.156603  1.162033 1.16
1344 -0.994574 -2.156160  1.161587 1.16
1345 -0.994576 -2.155322  1.160745 1.16
1346 -0.994576 -2.154058  1.159482 1.16
1347 -0.994574 -2.152374  1.157800 1.16
1348 -0.994570 -2.150308  1.155738 1.16
1349 -0.994565 -2.147928  1.153363 1.15
1350 -0.994560 -2.145318  1.150757 1.15
1351 -0.994556 -2.142563  1.148008 1.15
1352 -0.994553 -2.139737  1.145184 1.15
1353 -0.994553 -2.136887  1.142334 1.14
1354 -0.994553 -2.134032  1.139479 1.14
1355 -0.994554 -2.131175  1.136622 1.14
1356 -0.994553 -2.128315  1.133762 1.13
1357 -0.994550 -2.125467  1.130917 1.13
1358 -0.994544 -2.122678  1.128135 1.13
1359 -0.994535 -2.120044  1.125509 1.13
1360 -0.994523 -2.117698  1.123175 1.12
1361 -0.994511 -2.115809  1.121299 1.12
1362 -0.994499 -2.114554  1.120055 1.12
1363 -0.994490 -2.114095  1.119605 1.12
1364 -0.994485 -2.114554  1.120069 1.12
1365 -0.994484 -2.115997  1.121513 1.12
1366 -0.994487 -2.118423  1.123936 1.12
1367 -0.994494 -2.121766  1.127272 1.13
1368 -0.994504 -2.125906  1.131402 1.13
1369 -0.994515 -2.130681  1.136165 1.14
1370 -0.994527 -2.135901  1.141374 1.14
1371 -0.994539 -2.141368  1.146829 1.15
1372 -0.994551 -2.146882  1.152331 1.15
1373 -0.994561 -2.152248  1.157687 1.16
1374 -0.994572 -2.157286  1.162715 1.16
1375 -0.994581 -2.161831  1.167250 1.17
1376 -0.994589 -2.165733  1.171145 1.17
1377 -0.994595 -2.168867  1.174271 1.17
1378 -0.994600 -2.171129  1.176529 1.18
1379 -0.994603 -2.172449  1.177846 1.18
1380 -0.994603 -2.172792  1.178189 1.18
1381 -0.994601 -2.172168  1.177567 1.18
1382 -0.994594 -2.170638  1.176043 1.18
1383 -0.994584 -2.168319  1.173735 1.17
1384 -0.994571 -2.165389  1.170818 1.17
1385 -0.994554 -2.162081  1.167527 1.17
1386 -0.994535 -2.158676  1.164141 1.16
1387 -0.994516 -2.155485  1.160969 1.16
1388 -0.994499 -2.152820  1.158321 1.16
1389 -0.994486 -2.150959  1.156473 1.16
1390 -0.994480 -2.150111  1.155630 1.16
1391 -0.994483 -2.150376  1.155892 1.16
1392 -0.994495 -2.151726  1.157230 1.16
1393 -0.994515 -2.153997  1.159482 1.16
1394 -0.994541 -2.156906  1.162365 1.16
1395 -0.994570 -2.160079  1.165509 1.17
1396 -0.994598 -2.163103  1.168504 1.17
1397 -0.994623 -2.165568  1.170945 1.17
1398 -0.994643 -2.167122  1.172479 1.17
1399 -0.994655 -2.167502  1.172847 1.17
1400 -0.994659 -2.166559  1.171900 1.17
1401 -0.994656 -2.164273  1.169617 1.17
1402 -0.994647 -2.160735  1.166087 1.17
1403 -0.994636 -2.156122  1.161486 1.16
1404 -0.994626 -2.150655  1.156029 1.16
1405 -0.994618 -2.144544  1.149926 1.15
1406 -0.994616 -2.137954  1.143338 1.14
1407 -0.994618 -2.130981  1.136363 1.14
1408 -0.994621 -2.123656  1.129035 1.13
1409 -0.994624 -2.115981  1.121357 1.12
1410 -0.994622 -2.107967  1.113345 1.11
1411 -0.994615 -2.099683  1.105068 1.11
1412 -0.994602 -2.091275  1.096673 1.10
1413 -0.994583 -2.082977  1.088394 1.09
1414 -0.994562 -2.075092  1.080531 1.08
1415 -0.994541 -2.067957  1.073416 1.07
1416 -0.994523 -2.061897  1.067374 1.07
1417 -0.994512 -2.057182  1.062670 1.06
1418 -0.994508 -2.053987  1.059479 1.06
1419 -0.994512 -2.052368  1.057856 1.06
1420 -0.994524 -2.052256  1.057732 1.06
1421 -0.994542 -2.053466  1.058925 1.06
1422 -0.994563 -2.055720  1.061157 1.06
1423 -0.994586 -2.058681  1.064095 1.06
1424 -0.994608 -2.061982  1.067374 1.07
1425 -0.994628 -2.065268  1.070641 1.07
1426 -0.994643 -2.068220  1.073576 1.07
1427 -0.994654 -2.070574  1.075920 1.08
1428 -0.994660 -2.072143  1.077483 1.08
1429 -0.994662 -2.072810  1.078149 1.08
1430 -0.994659 -2.072534  1.077875 1.08
1431 -0.994654 -2.071332  1.076678 1.08
1432 -0.994647 -2.069268  1.074621 1.07
1433 -0.994639 -2.066440  1.071800 1.07
1434 -0.994631 -2.062960  1.068329 1.07
1435 -0.994624 -2.058952  1.064328 1.06
1436 -0.994616 -2.054537  1.059920 1.06
1437 -0.994609 -2.049837  1.055228 1.06
1438 -0.994602 -2.044973  1.050372 1.05
1439 -0.994594 -2.040069  1.045475 1.05
1440 -0.994585 -2.035253  1.040667 1.04
1441 -0.994577 -2.030661  1.036084 1.04
1442 -0.994568 -2.026434  1.031866 1.03
1443 -0.994559 -2.022711  1.028151 1.03
1444 -0.994552 -2.019616  1.025064 1.03
1445 -0.994548 -2.017249  1.022700 1.02
1446 -0.994547 -2.015662  1.021115 1.02
1447 -0.994550 -2.014857  1.020307 1.02
1448 -0.994557 -2.014777  1.020220 1.02
1449 -0.994566 -2.015307  1.020742 1.02
1450 -0.994577 -2.016293  1.021716 1.02
1451 -0.994589 -2.017549  1.022960 1.02
1452 -0.994599 -2.018883  1.024284 1.02
1453 -0.994608 -2.020117  1.025508 1.03
1454 -0.994614 -2.021102  1.026488 1.03
1455 -0.994616 -2.021739  1.027123 1.03
1456 -0.994614 -2.021986  1.027372 1.03
1457 -0.994608 -2.021864  1.027256 1.03
1458 -0.994598 -2.021459  1.026861 1.03
1459 -0.994585 -2.020912  1.026328 1.03
1460 -0.994571 -2.020403  1.025832 1.03
1461 -0.994558 -2.020127  1.025569 1.03
1462 -0.994547 -2.020267  1.025720 1.03
1463 -0.994540 -2.020972  1.026432 1.03
1464 -0.994537 -2.022332  1.027796 1.03
1465 -0.994538 -2.024376  1.029839 1.03
1466 -0.994542 -2.027067  1.032525 1.03
1467 -0.994549 -2.030314  1.035765 1.04
1468 -0.994558 -2.033992  1.039434 1.04
1469 -0.994567 -2.037950  1.043383 1.04
1470 -0.994576 -2.042029  1.047452 1.05
1471 -0.994586 -2.046062  1.051476 1.05
1472 -0.994596 -2.049885  1.055289 1.06
1473 -0.994606 -2.053332  1.058726 1.06
1474 -0.994616 -2.056239  1.061624 1.06
1475 -0.994625 -2.058453  1.063828 1.06
1476 -0.994632 -2.059836  1.065204 1.07
1477 -0.994637 -2.060281  1.065645 1.07
1478 -0.994638 -2.059723  1.065084 1.07
1479 -0.994636 -2.058148  1.063512 1.06
1480 -0.994629 -2.055608  1.060978 1.06
1481 -0.994618 -2.052221  1.057603 1.06
1482 -0.994604 -2.048172  1.053569 1.05
1483 -0.994586 -2.043703  1.049117 1.05
1484 -0.994567 -2.039097  1.044530 1.04
1485 -0.994549 -2.034659  1.040110 1.04
1486 -0.994533 -2.030685  1.036152 1.04
1487 -0.994521 -2.027438  1.032916 1.03
1488 -0.994515 -2.025114  1.030599 1.03
1489 -0.994516 -2.023827  1.029311 1.03
1490 -0.994523 -2.023590  1.029066 1.03
1491 -0.994536 -2.024315  1.029779 1.03
1492 -0.994553 -2.025833  1.031280 1.03
1493 -0.994571 -2.027915  1.033344 1.03
1494 -0.994588 -2.030315  1.035727 1.04
1495 -0.994600 -2.032810  1.038210 1.04
1496 -0.994605 -2.035244  1.040639 1.04
1497 -0.994603 -2.037557  1.042954 1.04
1498 -0.994593 -2.039796  1.045203 1.05
1499 -0.994578 -2.042111  1.047533 1.05
1500 -0.994561 -2.044724  1.050163 1.05
1501 -0.994543 -2.047891  1.053348 1.05
1502 -0.994528 -2.051860  1.057331 1.06
1503 -0.994518 -2.056828  1.062310 1.06
1504 -0.994513 -2.062925  1.068413 1.07
1505 -0.994512 -2.070198  1.075687 1.08
1506 -0.994515 -2.078619  1.084104 1.08
1507 -0.994521 -2.088091  1.093570 1.09
1508 -0.994530 -2.098469  1.103939 1.10
1509 -0.994540 -2.109567  1.115027 1.12
1510 -0.994551 -2.121172  1.126622 1.13
1511 -0.994562 -2.133056  1.138494 1.14
1512 -0.994574 -2.144980  1.150406 1.15
1513 -0.994585 -2.156703  1.162117 1.16
1514 -0.994597 -2.167988  1.173391 1.17
1515 -0.994607 -2.178606  1.183999 1.18
1516 -0.994617 -2.188344  1.193727 1.19
1517 -0.994626 -2.197003  1.202377 1.20
1518 -0.994634 -2.204406  1.209772 1.21
1519 -0.994640 -2.210400  1.215760 1.22
1520 -0.994645 -2.214861  1.220216 1.22
1521 -0.994648 -2.217695  1.223046 1.22
1522 -0.994650 -2.218841  1.224192 1.22
1523 -0.994649 -2.218277  1.223627 1.22
1524 -0.994646 -2.216015  1.221369 1.22
1525 -0.994641 -2.212112  1.217471 1.22
1526 -0.994634 -2.206664  1.212031 1.21
1527 -0.994624 -2.199810  1.205187 1.21
1528 -0.994612 -2.191731  1.197119 1.20
1529 -0.994598 -2.182645  1.188047 1.19
1530 -0.994582 -2.172806  1.178224 1.18
1531 -0.994565 -2.162494  1.167929 1.17
1532 -0.994549 -2.152005  1.157456 1.16
1533 -0.994534 -2.141630  1.147095 1.15
1534 -0.994522 -2.131637  1.137115 1.14
1535 -0.994516 -2.122248  1.127732 1.13
1536 -0.994515 -2.113609  1.119094 1.12
1537 -0.994522 -2.105774  1.111252 1.11
1538 -0.994536 -2.098687  1.104151 1.10
1539 -0.994556 -2.092189  1.097633 1.10
1540 -0.994580 -2.086030  1.091450 1.09
1541 -0.994606 -2.079897  1.085291 1.09
1542 -0.994629 -2.073460  1.078830 1.08
1543 -0.994648 -2.066415  1.071767 1.07
1544 -0.994660 -2.058533  1.063874 1.06
1545 -0.994662 -2.049694  1.055032 1.06
1546 -0.994655 -2.039913  1.045258 1.05
1547 -0.994639 -2.029348  1.034709 1.03
1548 -0.994616 -2.018292  1.023676 1.02
1549 -0.994589 -2.007142  1.012554 1.01
1550 -0.994560 -1.996360  1.001800 1.00
1551 -0.994535 -1.986418  0.991884 0.99
1552 -0.994515 -1.977748  0.983233 0.98
1553 -0.994504 -1.970687  0.976184 0.98
1554 -0.994501 -1.965451  0.970949 0.97
1555 -0.994507 -1.962114  0.967607 0.97
1556 -0.994519 -1.960624  0.966105 0.97
1557 -0.994535 -1.960832  0.966297 0.97
1558 -0.994550 -1.962534  0.967984 0.97
1559 -0.994562 -1.965522  0.970960 0.97
1560 -0.994569 -1.969625  0.975056 0.98
1561 -0.994570 -1.974735  0.980164 0.98
1562 -0.994568 -1.980814  0.986246 0.99
1563 -0.994563 -1.987876  0.993313 0.99
1564 -0.994560 -1.995956  1.001396 1.00
1565 -0.994561 -2.005062  1.010501 1.01
1566 -0.994569 -2.015130  1.020562 1.02
1567 -0.994584 -2.025995  1.031412 1.03
1568 -0.994606 -2.037373  1.042767 1.04
1569 -0.994633 -2.048873  1.054240 1.05
1570 -0.994662 -2.060036  1.065374 1.07
1571 -0.994688 -2.070376  1.075688 1.08
1572 -0.994711 -2.079436  1.084725 1.08
1573 -0.994727 -2.086827  1.092100 1.09
1574 -0.994735 -2.092267  1.097532 1.10
1575 -0.994735 -2.095598  1.100864 1.10
1576 -0.994726 -2.096796  1.102070 1.10
1577 -0.994710 -2.095968  1.101258 1.10
1578 -0.994688 -2.093342  1.098654 1.10
1579 -0.994663 -2.089243  1.094580 1.09
1580 -0.994636 -2.084058  1.089422 1.09
1581 -0.994611 -2.078194  1.083583 1.08
1582 -0.994592 -2.072027  1.077435 1.08
1583 -0.994580 -2.065856  1.071276 1.07
1584 -0.994574 -2.059877  1.065303 1.07
1585 -0.994574 -2.054182  1.059608 1.06
1586 -0.994577 -2.048777  1.054201 1.05
1587 -0.994579 -2.043627  1.049048 1.05
1588 -0.994578 -2.038695  1.044117 1.04
1589 -0.994575 -2.033974  1.039399 1.04
1590 -0.994569 -2.029498  1.034930 1.03
1591 -0.994562 -2.025334  1.030772 1.03
1592 -0.994556 -2.021555  1.026999 1.03
1593 -0.994553 -2.018219  1.023667 1.02
1594 -0.994553 -2.015342  1.020789 1.02
1595 -0.994557 -2.012887  1.018330 1.02
1596 -0.994563 -2.010772  1.016209 1.02
1597 -0.994570 -2.008878  1.014307 1.01
1598 -0.994577 -2.007069  1.012491 1.01
1599 -0.994583 -2.005217  1.010634 1.01
1600 -0.994586 -2.003217  1.008631 1.01
1601 -0.994586 -2.001001  1.006415 1.01
1602 -0.994584 -1.998546  1.003962 1.00
1603 -0.994579 -1.995873  1.001295 1.00
1604 -0.994572 -1.993046  0.998475 1.00
1605 -0.994563 -1.990162  0.995599 1.00
1606 -0.994554 -1.987341  0.992787 0.99
1607 -0.994545 -1.984716  0.990170 0.99
1608 -0.994537 -1.982416  0.987879 0.99
1609 -0.994531 -1.980561  0.986030 0.99
1610 -0.994527 -1.979247  0.984720 0.98
1611 -0.994525 -1.978541  0.984016 0.98
1612 -0.994525 -1.978480  0.983955 0.98
1613 -0.994527 -1.979070  0.984543 0.98
1614 -0.994530 -1.980289  0.985759 0.99
1615 -0.994534 -1.982100  0.987566 0.99
1616 -0.994538 -1.984455  0.989917 0.99
1617 -0.994541 -1.987308  0.992767 0.99
1618 -0.994542 -1.990624  0.996082 1.00
1619 -0.994542 -1.994387  0.999845 1.00
1620 -0.994541 -1.998600  1.004059 1.00
1621 -0.994539 -2.003286  1.008747 1.01
1622 -0.994536 -2.008479  1.013943 1.01
1623 -0.994534 -2.014215  1.019680 1.02
1624 -0.994534 -2.020520  1.025986 1.03
1625 -0.994535 -2.027397  1.032862 1.03
1626 -0.994538 -2.034819  1.040281 1.04
1627 -0.994544 -2.042724  1.048180 1.05
1628 -0.994551 -2.051011  1.056460 1.06
1629 -0.994559 -2.059552  1.064993 1.06
1630 -0.994568 -2.068196  1.073627 1.07
1631 -0.994578 -2.076777  1.082199 1.08
1632 -0.994587 -2.085127  1.090540 1.09
1633 -0.994596 -2.093078  1.098482 1.10
1634 -0.994604 -2.100466  1.105862 1.11
1635 -0.994613 -2.107129  1.112516 1.11
1636 -0.994622 -2.112906  1.118284 1.12
1637 -0.994632 -2.117633  1.123001 1.12
1638 -0.994642 -2.121145  1.126503 1.13
1639 -0.994652 -2.123277  1.128625 1.13
1640 -0.994662 -2.123872  1.129211 1.13
1641 -0.994670 -2.122794  1.128125 1.13
1642 -0.994675 -2.119939  1.125264 1.13
1643 -0.994676 -2.115251  1.120575 1.12
1644 -0.994673 -2.108744  1.114072 1.11
1645 -0.994663 -2.100516  1.105853 1.11
1646 -0.994647 -2.090763  1.096116 1.10
1647 -0.994623 -2.079792  1.085169 1.09
1648 -0.994592 -2.068023  1.073431 1.07
1649 -0.994555 -2.055982  1.061427 1.06
1650 -0.994515 -2.044281  1.049765 1.05
1651 -0.994475 -2.033580  1.039105 1.04
1652 -0.994437 -2.024544  1.030107 1.03
1653 -0.994406 -2.017780  1.023374 1.02
1654 -0.994385 -2.013785  1.019399 1.02
1655 -0.994377 -2.012890  1.018513 1.02
1656 -0.994382 -2.015231  1.020849 1.02
1657 -0.994399 -2.020735  1.026336 1.03
1658 -0.994426 -2.029132  1.034706 1.03
1659 -0.994460 -2.039990  1.045529 1.05
1660 -0.994498 -2.052754  1.058256 1.06
1661 -0.994536 -2.066808  1.072271 1.07
1662 -0.994572 -2.081517  1.086945 1.09
1663 -0.994603 -2.096278  1.101676 1.10
1664 -0.994627 -2.110556  1.115929 1.12
1665 -0.994645 -2.123905  1.129260 1.13
1666 -0.994656 -2.135984  1.141328 1.14
1667 -0.994660 -2.146561  1.151901 1.15
1668 -0.994659 -2.155506  1.160848 1.16
1669 -0.994652 -2.162786  1.168135 1.17
1670 -0.994641 -2.168449  1.173807 1.17
1671 -0.994628 -2.172604  1.177976 1.18
1672 -0.994613 -2.175413  1.180800 1.18
1673 -0.994598 -2.177063  1.182466 1.18
1674 -0.994583 -2.177759  1.183176 1.18
1675 -0.994569 -2.177699  1.183130 1.18
1676 -0.994557 -2.177071  1.182514 1.18
1677 -0.994547 -2.176040  1.181493 1.18
1678 -0.994538 -2.174744  1.180206 1.18
1679 -0.994531 -2.173300  1.178769 1.18
1680 -0.994525 -2.171805  1.177280 1.18
1681 -0.994519 -2.170342  1.175822 1.18
1682 -0.994513 -2.168987  1.174473 1.17
1683 -0.994508 -2.167814  1.173306 1.17
1684 -0.994503 -2.166893  1.172391 1.17
1685 -0.994498 -2.166293  1.171795 1.17
1686 -0.994494 -2.166070  1.171576 1.17
1687 -0.994491 -2.166273  1.171781 1.17
1688 -0.994491 -2.166925  1.172435 1.17
1689 -0.994492 -2.168029  1.173537 1.17
1690 -0.994495 -2.169556  1.175061 1.18
1691 -0.994500 -2.171447  1.176947 1.18
1692 -0.994508 -2.173613  1.179105 1.18
1693 -0.994517 -2.175936  1.181419 1.18
1694 -0.994527 -2.178275  1.183748 1.18
1695 -0.994539 -2.180474  1.185935 1.19
1696 -0.994550 -2.182365  1.187815 1.19
1697 -0.994562 -2.183779  1.189217 1.19
1698 -0.994573 -2.184554  1.189981 1.19
1699 -0.994583 -2.184539  1.189955 1.19
1700 -0.994592 -2.183600  1.189008 1.19
1701 -0.994600 -2.181630  1.187030 1.19
1702 -0.994606 -2.178545  1.183939 1.18
1703 -0.994610 -2.174294  1.179683 1.18
1704 -0.994613 -2.168852  1.174239 1.17
1705 -0.994614 -2.162230  1.167616 1.17
1706 -0.994613 -2.154468  1.159855 1.16
1707 -0.994610 -2.145642  1.151032 1.15
1708 -0.994605 -2.135862  1.141257 1.14
1709 -0.994597 -2.125279  1.130682 1.13
1710 -0.994586 -2.114090  1.119505 1.12
1711 -0.994571 -2.102541  1.107969 1.11
1712 -0.994553 -2.090926  1.096373 1.10
1713 -0.994533 -2.079590  1.085057 1.09
1714 -0.994512 -2.068908  1.074396 1.07
1715 -0.994492 -2.059266  1.064774 1.06
1716 -0.994475 -2.051021  1.056546 1.06
1717 -0.994465 -2.044469  1.050003 1.05
1718 -0.994464 -2.039799  1.045335 1.05
1719 -0.994471 -2.037070  1.042599 1.04
1720 -0.994486 -2.036201  1.041715 1.04
1721 -0.994507 -2.036980  1.042473 1.04
1722 -0.994532 -2.039092  1.044560 1.04
1723 -0.994558 -2.042157  1.047599 1.05
1724 -0.994583 -2.045772  1.051189 1.05
1725 -0.994605 -2.049545  1.054940 1.05
1726 -0.994622 -2.053127  1.058505 1.06
1727 -0.994634 -2.056234  1.061600 1.06
1728 -0.994640 -2.058660  1.064019 1.06
1729 -0.994642 -2.060281  1.065639 1.07
1730 -0.994638 -2.061061  1.066423 1.07
1731 -0.994629 -2.061041  1.066411 1.07
1732 -0.994617 -2.060334  1.065717 1.07
1733 -0.994603 -2.059110  1.064508 1.06
1734 -0.994586 -2.057583  1.062996 1.06
1735 -0.994570 -2.055990  1.061420 1.06
1736 -0.994554 -2.054578  1.060024 1.06
1737 -0.994540 -2.053585  1.059046 1.06
1738 -0.994528 -2.053225  1.058697 1.06
1739 -0.994519 -2.053672  1.059153 1.06
1740 -0.994514 -2.055060  1.060546 1.06
1741 -0.994512 -2.057468  1.062956 1.06
1742 -0.994512 -2.060929  1.066417 1.07
1743 -0.994515 -2.065431  1.070916 1.07
1744 -0.994519 -2.070925  1.076406 1.08
1745 -0.994524 -2.077341  1.082817 1.08
1746 -0.994528 -2.084600  1.090072 1.09
1747 -0.994531 -2.092625  1.098094 1.10
1748 -0.994533 -2.101355  1.106822 1.11
1749 -0.994533 -2.110745  1.116212 1.12
1750 -0.994533 -2.120766  1.126233 1.13
1751 -0.994533 -2.131393  1.136860 1.14
1752 -0.994535 -2.142594  1.148058 1.15
1753 -0.994541 -2.154302  1.159761 1.16
1754 -0.994550 -2.166408  1.171858 1.17
1755 -0.994564 -2.178740  1.184176 1.18
1756 -0.994582 -2.191063  1.196481 1.20
1757 -0.994603 -2.203083  1.208481 1.21
1758 -0.994626 -2.214462  1.219836 1.22
1759 -0.994649 -2.224835  1.230186 1.23
1760 -0.994671 -2.233845  1.239174 1.24
1761 -0.994689 -2.241161  1.246472 1.25
1762 -0.994702 -2.246514  1.251813 1.25
1763 -0.994708 -2.249719  1.255011 1.26
1764 -0.994707 -2.250693  1.255986 1.26
1765 -0.994699 -2.249470  1.254771 1.25
1766 -0.994683 -2.246205  1.251522 1.25
1767 -0.994661 -2.241167  1.246506 1.25
1768 -0.994635 -2.234718  1.240084 1.24
1769 -0.994606 -2.227294  1.232689 1.23
1770 -0.994577 -2.219364  1.224787 1.22
1771 -0.994551 -2.211396  1.216846 1.22
1772 -0.994528 -2.203825  1.209297 1.21
1773 -0.994512 -2.197019  1.202507 1.20
1774 -0.994501 -2.191256  1.196755 1.20
1775 -0.994498 -2.186712  1.192214 1.19
1776 -0.994501 -2.183456  1.188955 1.19
1777 -0.994509 -2.181456  1.186948 1.19
1778 -0.994520 -2.180597  1.186077 1.19
1779 -0.994535 -2.180697  1.186162 1.19
1780 -0.994551 -2.181527  1.186976 1.19
1781 -0.994567 -2.182834  1.188267 1.19
1782 -0.994583 -2.184354  1.189770 1.19
1783 -0.994599 -2.185824  1.191225 1.19
1784 -0.994612 -2.186998  1.192386 1.19
1785 -0.994623 -2.187660  1.193037 1.19
1786 -0.994630 -2.187637  1.193007 1.19
1787 -0.994633 -2.186818  1.192185 1.19
1788 -0.994631 -2.185163  1.190532 1.19
1789 -0.994624 -2.182712  1.188089 1.19
1790 -0.994612 -2.179586  1.184973 1.18
1791 -0.994598 -2.175967  1.181369 1.18
1792 -0.994583 -2.172087  1.177504 1.18
1793 -0.994569 -2.168194  1.173625 1.17
1794 -0.994557 -2.164525  1.169967 1.17
1795 -0.994550 -2.161275  1.166725 1.17
1796 -0.994548 -2.158578  1.164030 1.16
1797 -0.994552 -2.156484  1.161933 1.16
1798 -0.994561 -2.154953  1.160392 1.16
1799 -0.994575 -2.153855  1.159280 1.16
1800 -0.994593 -2.152982  1.158389 1.16
1801 -0.994610 -2.152080  1.157470 1.16
1802 -0.994626 -2.150882  1.156257 1.16
1803 -0.994637 -2.149150  1.154513 1.15
1804 -0.994644 -2.146697  1.152053 1.15
1805 -0.994647 -2.143406  1.148759 1.15
1806 -0.994646 -2.139219  1.144572 1.14
1807 -0.994644 -2.134129  1.139485 1.14
1808 -0.994641 -2.128158  1.133517 1.13
1809 -0.994637 -2.121346  1.126709 1.13
1810 -0.994634 -2.113743  1.119109 1.12
1811 -0.994629 -2.105406  1.110776 1.11
1812 -0.994624 -2.096406  1.101782 1.10
1813 -0.994619 -2.086832  1.092213 1.09
1814 -0.994612 -2.076788  1.082176 1.08
1815 -0.994604 -2.066397  1.071793 1.07
1816 -0.994595 -2.055800  1.061205 1.06
1817 -0.994586 -2.045154  1.050568 1.05
1818 -0.994576 -2.034627  1.040051 1.04
1819 -0.994565 -2.024405  1.029840 1.03
1820 -0.994554 -2.014682  1.020128 1.02
1821 -0.994542 -2.005665  1.011123 1.01
1822 -0.994530 -1.997567  1.003037 1.00
1823 -0.994518 -1.990602  0.996084 1.00
1824 -0.994508 -1.984973  0.990465 0.99
1825 -0.994500 -1.980859  0.986359 0.99
1826 -0.994495 -1.978402  0.983907 0.98
1827 -0.994494 -1.977688  0.983193 0.98
1828 -0.994498 -1.978737  0.984239 0.98
1829 -0.994506 -1.981498  0.986992 0.99
1830 -0.994516 -1.985853  0.991337 0.99
1831 -0.994528 -1.991637  0.997109 1.00
1832 -0.994540 -1.998651  1.004111 1.00
1833 -0.994550 -2.006696  1.012146 1.01
1834 -0.994559 -2.015586  1.021028 1.02
1835 -0.994565 -2.025159  1.030594 1.03
1836 -0.994571 -2.035275  1.040704 1.04
1837 -0.994577 -2.045801  1.051224 1.05
1838 -0.994585 -2.056595  1.062010 1.06
1839 -0.994595 -2.067485  1.072890 1.07
1840 -0.994608 -2.078262  1.083654 1.08
1841 -0.994624 -2.088678  1.094054 1.09
1842 -0.994640 -2.098454  1.103814 1.10
1843 -0.994656 -2.107297  1.112641 1.11
1844 -0.994670 -2.114924  1.120254 1.12
1845 -0.994682 -2.121079  1.126397 1.13
1846 -0.994689 -2.125553  1.130864 1.13
1847 -0.994693 -2.128201  1.133508 1.13
1848 -0.994691 -2.128946  1.134255 1.13
1849 -0.994684 -2.127793  1.133109 1.13
1850 -0.994673 -2.124825  1.130152 1.13
1851 -0.994657 -2.120204  1.125547 1.13
1852 -0.994638 -2.114163  1.119526 1.12
1853 -0.994616 -2.106996  1.112380 1.11
1854 -0.994592 -2.099041  1.104449 1.10
1855 -0.994568 -2.090661  1.096093 1.10
1856 -0.994546 -2.082223  1.087677 1.09
1857 -0.994527 -2.074070  1.079542 1.08
1858 -0.994512 -2.066503  1.071990 1.07
1859 -0.994502 -2.059761  1.065259 1.07
1860 -0.994497 -2.054011  1.059514 1.06
1861 -0.994498 -2.049340  1.054843 1.05
1862 -0.994502 -2.045760  1.051258 1.05
1863 -0.994510 -2.043216  1.048706 1.05
1864 -0.994519 -2.041603  1.047084 1.05
1865 -0.994529 -2.040788  1.046259 1.05
1866 -0.994538 -2.040632  1.046094 1.05
1867 -0.994543 -2.041011  1.046468 1.05
1868 -0.994546 -2.041842  1.047297 1.05
1869 -0.994544 -2.043095  1.048552 1.05
1870 -0.994538 -2.044796  1.050258 1.05
1871 -0.994530 -2.047024  1.052494 1.05
1872 -0.994522 -2.049886  1.055364 1.06
1873 -0.994516 -2.053489  1.058973 1.06
1874 -0.994514 -2.057905  1.063391 1.06
1875 -0.994519 -2.063137  1.068618 1.07
1876 -0.994530 -2.069095  1.074565 1.07
1877 -0.994546 -2.075594  1.081047 1.08
1878 -0.994567 -2.082360  1.087793 1.09
1879 -0.994590 -2.089062  1.094472 1.09
1880 -0.994612 -2.095337  1.100725 1.10
1881 -0.994632 -2.100829  1.106197 1.11
1882 -0.994648 -2.105220  1.110572 1.11
1883 -0.994659 -2.108249  1.113590 1.11
1884 -0.994665 -2.109737  1.115072 1.12
1885 -0.994664 -2.109595  1.114932 1.11
1886 -0.994657 -2.107834  1.113177 1.11
1887 -0.994644 -2.104560  1.109915 1.11
1888 -0.994627 -2.099968  1.105341 1.11
1889 -0.994607 -2.094328  1.099721 1.10
1890 -0.994586 -2.087952  1.093365 1.09
1891 -0.994567 -2.081168  1.086601 1.09
1892 -0.994551 -2.074282  1.079730 1.08
1893 -0.994541 -2.067546  1.073006 1.07
1894 -0.994536 -2.061138  1.066602 1.07
1895 -0.994536 -2.055146  1.060610 1.06
1896 -0.994541 -2.049580  1.055039 1.06
1897 -0.994548 -2.044386  1.049837 1.05
1898 -0.994556 -2.039473  1.044917 1.04
1899 -0.994562 -2.034747  1.040185 1.04
1900 -0.994564 -2.030138  1.035574 1.04
1901 -0.994563 -2.025623  1.031059 1.03
1902 -0.994559 -2.021231  1.026672 1.03
1903 -0.994552 -2.017045  1.022493 1.02
1904 -0.994544 -2.013185  1.018641 1.02
1905 -0.994537 -2.009788  1.015251 1.02
1906 -0.994531 -2.006983  1.012452 1.01
1907 -0.994528 -2.004872  1.010344 1.01
1908 -0.994528 -2.003517  1.008988 1.01
1909 -0.994530 -2.002937  1.008406 1.01
1910 -0.994533 -2.003122  1.008589 1.01
1911 -0.994535 -2.004049  1.009514 1.01
1912 -0.994534 -2.005708  1.011174 1.01
1913 -0.994530 -2.008118  1.013588 1.01
1914 -0.994523 -2.011341  1.016818 1.02
1915 -0.994515 -2.015478  1.020964 1.02
1916 -0.994507 -2.020643  1.026136 1.03
1917 -0.994502 -2.026933  1.032431 1.03
1918 -0.994504 -2.034389  1.039885 1.04
1919 -0.994511 -2.042963  1.048452 1.05
1920 -0.994525 -2.052507  1.057981 1.06
1921 -0.994544 -2.062772  1.068228 1.07
1922 -0.994565 -2.073438  1.078873 1.08
1923 -0.994586 -2.084144  1.089557 1.09
1924 -0.994606 -2.094523  1.099916 1.10
1925 -0.994623 -2.104234  1.109611 1.11
1926 -0.994636 -2.112982  1.118345 1.12
1927 -0.994647 -2.120522  1.125875 1.13
1928 -0.994654 -2.126665  1.132011 1.13
1929 -0.994660 -2.131268  1.136609 1.14
1930 -0.994664 -2.134229  1.139565 1.14
1931 -0.994667 -2.135477  1.140809 1.14
1932 -0.994669 -2.134970  1.140301 1.14
1933 -0.994669 -2.132700  1.138031 1.14
1934 -0.994666 -2.128699  1.134032 1.13
1935 -0.994659 -2.123056  1.128398 1.13
1936 -0.994644 -2.115946  1.121302 1.12
1937 -0.994622 -2.107648  1.113026 1.11
1938 -0.994591 -2.098566  1.103975 1.10
1939 -0.994555 -2.089224  1.094670 1.09
1940 -0.994516 -2.080236  1.085721 1.09
1941 -0.994481 -2.072235  1.077754 1.08
1942 -0.994457 -2.065779  1.071322 1.07
1943 -0.994449 -2.061251  1.066802 1.07
1944 -0.994458 -2.058787  1.064329 1.06
1945 -0.994481 -2.058256  1.063775 1.06
1946 -0.994512 -2.059305  1.064793 1.06
1947 -0.994544 -2.061449  1.066906 1.07
1948 -0.994570 -2.064180  1.069610 1.07
1949 -0.994588 -2.067060  1.072472 1.07
1950 -0.994595 -2.069780  1.075185 1.08
1951 -0.994592 -2.072193  1.077602 1.08
1952 -0.994580 -2.074310  1.079730 1.08
1953 -0.994562 -2.076271  1.081709 1.08
1954 -0.994541 -2.078315  1.083774 1.08
1955 -0.994521 -2.080729  1.086208 1.09
1956 -0.994504 -2.083795  1.089291 1.09
1957 -0.994494 -2.087742  1.093247 1.09
1958 -0.994493 -2.092695  1.098202 1.10
1959 -0.994501 -2.098653  1.104152 1.10
1960 -0.994517 -2.105476  1.110959 1.11
1961 -0.994538 -2.112904  1.118366 1.12
1962 -0.994561 -2.120596  1.126035 1.13
1963 -0.994583 -2.128176  1.133593 1.13
1964 -0.994601 -2.135279  1.140677 1.14
1965 -0.994615 -2.141593  1.146979 1.15
1966 -0.994622 -2.146885  1.152263 1.15
1967 -0.994624 -2.151007  1.156383 1.16
1968 -0.994621 -2.153897  1.159276 1.16
1969 -0.994614 -2.155572  1.160957 1.16
1970 -0.994605 -2.156106  1.161501 1.16
1971 -0.994595 -2.155621  1.161026 1.16
1972 -0.994583 -2.154264  1.159681 1.16
1973 -0.994572 -2.152199  1.157626 1.16
1974 -0.994562 -2.149589  1.155028 1.16
1975 -0.994553 -2.146596  1.152043 1.15
1976 -0.994545 -2.143363  1.148819 1.15
1977 -0.994539 -2.140020  1.145482 1.15
1978 -0.994534 -2.136672  1.142138 1.14
1979 -0.994531 -2.133400  1.138869 1.14
1980 -0.994530 -2.130262  1.135732 1.14
1981 -0.994530 -2.127287  1.132757 1.13
1982 -0.994531 -2.124489  1.129957 1.13
1983 -0.994533 -2.121861  1.127327 1.13
1984 -0.994535 -2.119388  1.124853 1.12
1985 -0.994537 -2.117053  1.122516 1.12
1986 -0.994538 -2.114837  1.120299 1.12
1987 -0.994539 -2.112729  1.118190 1.12
1988 -0.994540 -2.110716  1.116177 1.12
1989 -0.994541 -2.108791  1.114250 1.11
1990 -0.994542 -2.106940  1.112398 1.11
1991 -0.994544 -2.105149  1.110605 1.11
1992 -0.994546 -2.103395  1.108849 1.11
1993 -0.994548 -2.101651  1.107103 1.11
1994 -0.994549 -2.099890  1.105341 1.11
1995 -0.994551 -2.098088  1.103537 1.10
1996 -0.994552 -2.096226  1.101675 1.10
1997 -0.994552 -2.094296  1.099744 1.10
1998 -0.994552 -2.092296  1.097743 1.10
1999 -0.994553 -2.090229  1.095676 1.10
