#Step   Etot   PotE Ktot  T
0 0.818302 -2.635823  3.454125 3.45
1 0.820578 -2.628958  3.449536 3.45
2 0.820565 -2.617431  3.437996 3.44
3 0.820544 -2.601094  3.421639 3.42
4 0.820519 -2.579727  3.400245 3.40
5 0.820488 -2.553051  3.373539 3.37
6 0.820453 -2.520745  3.341198 3.34
7 0.820417 -2.482454  3.302871 3.30
8 0.820380 -2.437825  3.258205 3.26
9 0.820346 -2.386531  3.206876 3.21
10 0.820318 -2.328316  3.148634 3.15
11 1.128067 -2.259674  3.387740 3.39
12 1.128058 -2.183120  3.311177 3.31
13 1.128073 -2.098906  3.226979 3.23
14 1.128117 -2.007664  3.135780 3.14
15 1.128196 -1.910482  3.038678 3.04
16 1.128311 -1.808975  2.937287 2.94
17 1.128460 -1.705292  2.833752 2.83
18 1.128632 -1.602054  2.730686 2.73
19 1.128813 -1.502213  2.631026 2.63
20 1.128985 -1.408813  2.537798 2.54
21 2.047753 -1.308924  3.356677 3.36
22 2.047868 -1.219160  3.267028 3.27
23 2.047925 -1.141542  3.189467 3.19
24 2.047918 -1.077205  3.125122 3.13
25 2.047848 -1.026309  3.074157 3.07
26 2.047725 -0.988078  3.035804 3.04
27 2.047567 -0.960959  3.008526 3.01
28 2.047400 -0.942897  2.990297 2.99
29 2.047259 -0.931743  2.979001 2.98
30 2.047181 -0.925758  2.972939 2.97
31 2.530659 -0.922718  3.453377 3.45
32 2.530783 -0.922362  3.453145 3.45
33 2.530961 -0.926806  3.457767 3.46
34 2.531080 -0.938801  3.469880 3.47
35 2.531042 -0.960085  3.491127 3.49
36 2.530848 -0.990047  3.520895 3.52
37 2.530584 -1.025698  3.556282 3.56
38 2.530351 -1.062903  3.593253 3.59
39 2.530199 -1.097844  3.628042 3.63
40 2.530121 -1.127813  3.657934 3.66
41 2.328563 -1.151040  3.479603 3.48
42 2.328560 -1.168046  3.496606 3.50
43 2.328579 -1.178579  3.507158 3.51
44 2.328621 -1.182827  3.511448 3.51
45 2.328684 -1.181408  3.510092 3.51
46 2.328762 -1.175333  3.504095 3.50
47 2.328847 -1.165903  3.494750 3.49
48 2.328930 -1.154570  3.483499 3.48
49 2.329009 -1.142805  3.471815 3.47
50 2.329084 -1.132042  3.461126 3.46
51 2.324434 -1.123653  3.448087 3.45
52 2.324483 -1.118849  3.443332 3.44
53 2.324496 -1.118507  3.443002 3.44
54 2.324455 -1.122909  3.447364 3.45
55 2.324361 -1.131516  3.455877 3.46
56 2.324229 -1.142955  3.467184 3.47
57 2.324094 -1.155295  3.479389 3.48
58 2.323985 -1.166526  3.490511 3.49
59 2.323918 -1.175018  3.498936 3.50
60 2.323884 -1.179760  3.503644 3.50
61 2.276624 -1.180393  3.457017 3.46
62 2.276583 -1.176814  3.453397 3.45
63 2.276510 -1.168627  3.445137 3.45
64 2.276415 -1.155120  3.431534 3.43
65 2.276332 -1.135417  3.411750 3.41
66 2.276318 -1.109005  3.385324 3.39
67 2.276430 -1.076513  3.352942 3.35
68 2.276693 -1.040467  3.317160 3.32
69 2.277077 -1.005587  3.282664 3.28
70 2.277486 -0.978208  3.255694 3.26
71 2.478522 -0.963627  3.442149 3.44
72 2.478650 -0.966872  3.445522 3.45
73 2.478545 -0.989777  3.468322 3.47
74 2.478245 -1.030512  3.508757 3.51
75 2.477831 -1.084127  3.561957 3.56
76 2.477394 -1.143812  3.621206 3.62
77 2.477000 -1.202311  3.679311 3.68
78 2.476677 -1.252997  3.729674 3.73
79 2.476426 -1.290411  3.766838 3.77
80 2.476239 -1.310394  3.786632 3.79
81 2.145907 -1.311055  3.456961 3.46
82 2.145889 -1.292883  3.438772 3.44
83 2.146003 -1.256206  3.402209 3.40
84 2.146287 -1.203599  3.349886 3.35
85 2.146738 -1.140337  3.287075 3.29
86 2.147268 -1.074186  3.221454 3.22
87 2.147704 -1.013939  3.161643 3.16
88 2.147876 -0.966829  3.114705 3.11
89 2.147741 -0.936064  3.083804 3.08
90 2.147416 -0.920187  3.067603 3.07
91 2.535877 -0.912530  3.448408 3.45
92 2.535707 -0.907279  3.442985 3.44
93 2.535744 -0.901789  3.437533 3.44
94 2.535939 -0.896370  3.432309 3.43
95 2.536205 -0.893635  3.429840 3.43
96 2.536456 -0.897242  3.433697 3.43
97 2.536623 -0.910595  3.447218 3.45
98 2.536661 -0.935780  3.472442 3.47
99 2.536557 -0.972856  3.509413 3.51
100 2.536344 -1.019666  3.556010 3.56
101 2.436491 -1.071955  3.508446 3.51
102 2.436277 -1.126235  3.562512 3.56
103 2.436147 -1.178447  3.614594 3.61
104 2.436106 -1.225730  3.661835 3.66
105 2.436130 -1.266561  3.702691 3.70
106 2.436189 -1.300480  3.736669 3.74
107 2.436258 -1.327672  3.763930 3.76
108 2.436324 -1.348618  3.784942 3.78
109 2.436378 -1.363876  3.800253 3.80
110 2.436412 -1.373944  3.810356 3.81
111 2.082469 -1.379654  3.462123 3.46
112 2.082445 -1.382259  3.464704 3.46
113 2.082392 -1.381440  3.463832 3.46
114 2.082319 -1.376561  3.458880 3.46
115 2.082248 -1.366820  3.449067 3.45
116 2.082210 -1.351567  3.433778 3.43
117 2.082246 -1.330785  3.413031 3.41
118 2.082384 -1.305632  3.388016 3.39
119 2.082609 -1.278783  3.361393 3.36
120 2.082839 -1.254113  3.336952 3.34
121 2.202402 -1.234724  3.437127 3.44
122 2.202293 -1.222602  3.424895 3.42
123 2.201991 -1.216437  3.418427 3.42
124 2.201628 -1.212065  3.413694 3.41
125 2.201363 -1.204388  3.405751 3.41
126 2.201300 -1.189677  3.390977 3.39
127 2.201460 -1.167145  3.368605 3.37
128 2.201780 -1.139275  3.341054 3.34
129 2.202128 -1.110877  3.313006 3.31
130 2.202365 -1.087171  3.289536 3.29
131 2.369297 -1.070771  3.440069 3.44
132 2.369212 -1.062693  3.431905 3.43
133 2.369072 -1.061756  3.430828 3.43
134 2.368955 -1.065860  3.434816 3.43
135 2.368896 -1.073130  3.442027 3.44
136 2.368899 -1.082474  3.451373 3.45
137 2.368956 -1.093697  3.462653 3.46
138 2.369046 -1.107383  3.476429 3.48
139 2.369134 -1.124572  3.493706 3.49
140 2.369178 -1.146242  3.515420 3.52
141 2.310134 -1.172650  3.482784 3.48
142 2.310017 -1.203316  3.513333 3.51
143 2.309834 -1.236148  3.545982 3.55
144 2.309616 -1.268066  3.577682 3.58
145 2.309397 -1.295486  3.604883 3.60
146 2.309207 -1.314866  3.624073 3.62
147 2.309066 -1.323172  3.632238 3.63
148 2.308983 -1.318207  3.627189 3.63
149 2.308965 -1.298800  3.607765 3.61
150 2.309018 -1.264924  3.573941 3.57
151 2.191615 -1.218908  3.410523 3.41
152 2.191823 -1.163011  3.354834 3.35
153 2.192097 -1.100958  3.293055 3.29
154 2.192407 -1.037488  3.229895 3.23
155 2.192700 -0.977822  3.170523 3.17
156 2.192924 -0.926855  3.119779 3.12
157 2.193046 -0.888324  3.081370 3.08
158 2.193070 -0.864323  3.057393 3.06
159 2.193020 -0.855302  3.048322 3.05
160 2.192921 -0.860409  3.053330 3.05
161 2.595873 -0.877496  3.473369 3.47
162 2.595731 -0.902351  3.498081 3.50
163 2.595573 -0.932295  3.527868 3.53
164 2.595410 -0.964410  3.559820 3.56
165 2.595254 -0.995703  3.590958 3.59
166 2.595121 -1.023336  3.618458 3.62
167 2.595022 -1.044858  3.639880 3.64
168 2.594962 -1.058397  3.653358 3.65
169 2.594943 -1.062766  3.657709 3.66
170 2.594965 -1.057509  3.652474 3.65
171 2.398960 -1.043828  3.442788 3.44
172 2.399064 -1.023081  3.422145 3.42
173 2.399213 -0.996962  3.396175 3.40
174 2.399406 -0.967905  3.367311 3.37
175 2.399630 -0.939024  3.338654 3.34
176 2.399854 -0.913875  3.313730 3.31
177 2.400038 -0.895984  3.296022 3.30
178 2.400139 -0.888217  3.288356 3.29
179 2.400136 -0.892169  3.292305 3.29
180 2.400034 -0.907826  3.307860 3.31
181 2.548413 -0.933792  3.482205 3.48
182 2.548223 -0.966664  3.514888 3.51
183 2.548048 -1.003433  3.551481 3.55
184 2.547902 -1.041211  3.589113 3.59
185 2.547789 -1.077503  3.625292 3.63
186 2.547705 -1.110282  3.657986 3.66
187 2.547644 -1.137960  3.685605 3.69
188 2.547606 -1.159362  3.706967 3.71
189 2.547585 -1.173696  3.721281 3.72
190 2.547577 -1.180528  3.728105 3.73
191 2.275886 -1.180422  3.456308 3.46
192 2.275908 -1.174472  3.450380 3.45
193 2.275959 -1.163225  3.439184 3.44
194 2.276048 -1.147739  3.423787 3.42
195 2.276172 -1.129689  3.405861 3.41
196 2.276301 -1.111261  3.387562 3.39
197 2.276385 -1.094685  3.371070 3.37
198 2.276380 -1.081486  3.357866 3.36
199 2.276279 -1.071846  3.348125 3.35
200 2.276124 -1.064511  3.340635 3.34
201 2.391746 -1.056895  3.448641 3.45
202 2.391647 -1.046674  3.438321 3.44
203 2.391603 -1.032491  3.424094 3.42
204 2.391589 -1.013828  3.405416 3.41
205 2.391578 -0.990689  3.382266 3.38
206 2.391569 -0.963272  3.354841 3.35
207 2.391589 -0.931952  3.323541 3.32
208 2.391677 -0.897644  3.289321 3.29
209 2.391857 -0.862327  3.254185 3.25
210 2.392112 -0.829308  3.221420 3.22
211 2.392375 -0.802875  3.195249 3.20
212 2.392558 -0.787296  3.179854 3.18
213 2.392589 -0.785489  3.178078 3.18
214 2.392451 -0.797965  3.190416 3.19
215 2.392182 -0.822564  3.214746 3.21
216 2.391848 -0.855001  3.246848 3.25
217 2.391509 -0.889857  3.281366 3.28
218 2.391213 -0.921563  3.312776 3.31
219 2.390987 -0.945176  3.336163 3.34
220 2.390850 -0.956920  3.347770 3.35
221 2.499457 -0.954100  3.453557 3.45
222 2.499561 -0.935758  3.435319 3.44
223 2.499858 -0.903987  3.403845 3.40
224 2.500406 -0.864113  3.364519 3.36
225 2.501168 -0.825328  3.326495 3.33
226 2.501893 -0.799726  3.301619 3.30
227 2.502198 -0.798381  3.300578 3.30
228 2.501896 -0.825778  3.327673 3.33
229 2.501214 -0.877246  3.378460 3.38
230 2.500549 -0.942071  3.442620 3.44
231 2.500133 -1.009194  3.509327 3.51
232 2.499975 -1.070881  3.570856 3.57
233 2.499981 -1.123237  3.623218 3.62
234 2.500066 -1.165089  3.665155 3.67
235 2.500177 -1.196768  3.696945 3.70
236 2.500292 -1.219307  3.719599 3.72
237 2.500398 -1.234036  3.734435 3.73
238 2.500484 -1.242348  3.742832 3.74
239 2.500535 -1.245478  3.746013 3.75
240 2.500541 -1.244283  3.744823 3.74
241 2.212097 -1.239994  3.452091 3.45
242 2.212048 -1.233145  3.445193 3.45
243 2.212010 -1.223425  3.435435 3.44
244 2.212001 -1.210713  3.422715 3.42
245 2.212009 -1.195313  3.407322 3.41
246 2.211989 -1.177730  3.389719 3.39
247 2.211895 -1.158020  3.369915 3.37
248 2.211729 -1.135179  3.346908 3.35
249 2.211556 -1.107190  3.318746 3.32
250 2.211470 -1.071969  3.283438 3.28
251 2.211547 -1.028747  3.240294 3.24
252 2.211801 -0.979154  3.190955 3.19
253 2.212174 -0.927392  3.139566 3.14
254 2.212557 -0.879358  3.091915 3.09
255 2.212835 -0.841021  3.053856 3.05
256 2.212935 -0.816715  3.029650 3.03
257 2.212852 -0.808053  3.020904 3.02
258 2.212636 -0.813805  3.026441 3.03
259 2.212366 -0.830640  3.043005 3.04
260 2.212116 -0.854287  3.066403 3.07
261 2.601945 -0.880727  3.482671 3.48
262 2.601870 -0.903809  3.505679 3.51
263 2.601887 -0.922006  3.523894 3.52
264 2.601981 -0.935270  3.537251 3.54
265 2.602130 -0.944787  3.546917 3.55
266 2.602306 -0.952656  3.554962 3.55
267 2.602455 -0.961370  3.563825 3.56
268 2.602521 -0.972998  3.575520 3.58
269 2.602481 -0.988328  3.590809 3.59
270 2.602373 -1.006540  3.608913 3.61
271 2.602270 -1.025749  3.628019 3.63
272 2.602225 -1.044040  3.646265 3.65
273 2.602243 -1.060267  3.662510 3.66
274 2.602295 -1.074197  3.676491 3.68
275 2.602344 -1.086141  3.688486 3.69
276 2.602369 -1.096460  3.698828 3.70
277 2.602365 -1.105227  3.707592 3.71
278 2.602342 -1.112169  3.714511 3.71
279 2.602315 -1.116780  3.719095 3.72
280 2.602296 -1.118526  3.720822 3.72
281 2.337875 -1.117708  3.455583 3.46
282 2.337884 -1.114860  3.452743 3.45
283 2.337910 -1.110073  3.447983 3.45
284 2.337955 -1.103728  3.441683 3.44
285 2.338017 -1.096501  3.434518 3.43
286 2.338088 -1.089329  3.427417 3.43
287 2.338155 -1.083292  3.421446 3.42
288 2.338196 -1.079394  3.417590 3.42
289 2.338189 -1.078272  3.416461 3.42
290 2.338120 -1.079874  3.417994 3.42
291 2.337986 -1.083264  3.421250 3.42
292 2.337806 -1.086623  3.424428 3.42
293 2.337619 -1.087556  3.425175 3.43
294 2.337486 -1.083715  3.421200 3.42
295 2.337476 -1.073692  3.411167 3.41
296 2.337641 -1.058008  3.395649 3.40
297 2.337971 -1.039782  3.377754 3.38
298 2.338360 -1.024453  3.362813 3.36
299 2.338623 -1.018112  3.356735 3.36
300 2.338614 -1.024842  3.363456 3.36
301 2.431276 -1.044572  3.475848 3.48
302 2.430845 -1.072644  3.503489 3.50
303 2.430439 -1.102546  3.532985 3.53
304 2.430152 -1.127925  3.558076 3.56
305 2.429994 -1.144094  3.574087 3.57
306 2.429926 -1.148336  3.578262 3.58
307 2.429901 -1.139461  3.569362 3.57
308 2.429885 -1.117175  3.547060 3.55
309 2.429870 -1.081639  3.511510 3.51
310 2.429877 -1.033374  3.463252 3.46
311 2.429960 -0.973588  3.403548 3.40
312 2.430200 -0.904947  3.335146 3.34
313 2.430679 -0.832702  3.263380 3.26
314 2.431393 -0.765654  3.197048 3.20
315 2.432137 -0.715720  3.147857 3.15
316 2.432519 -0.694600  3.127119 3.13
317 2.432248 -0.708097  3.140345 3.14
318 2.431445 -0.752121  3.183566 3.18
319 2.430523 -0.814360  3.244883 3.24
320 2.429824 -0.880147  3.309971 3.31
321 2.575891 -0.938185  3.514076 3.51
322 2.575796 -0.979159  3.554955 3.55
323 2.575881 -1.000284  3.576165 3.58
324 2.576083 -1.001893  3.577976 3.58
325 2.576365 -0.986482  3.562847 3.56
326 2.576704 -0.958096  3.534801 3.53
327 2.577066 -0.921863  3.498929 3.50
328 2.577397 -0.883382  3.460779 3.46
329 2.577627 -0.847836  3.425463 3.43
330 2.577704 -0.818916  3.396620 3.40
331 2.577634 -0.798046  3.375680 3.38
332 2.577491 -0.784450  3.361941 3.36
333 2.577374 -0.776177  3.353551 3.35
334 2.577351 -0.771523  3.348873 3.35
335 2.577417 -0.769991  3.347408 3.35
336 2.577510 -0.772273  3.349783 3.35
337 2.577550 -0.779378  3.356928 3.36
338 2.577494 -0.791548  3.369043 3.37
339 2.577348 -0.807633  3.384981 3.38
340 2.577154 -0.825198  3.402352 3.40
341 2.631011 -0.841076  3.472086 3.47
342 2.630830 -0.851822  3.482652 3.48
343 2.630678 -0.854769  3.485447 3.49
344 2.630572 -0.847922  3.478494 3.48
345 2.630554 -0.830277  3.460830 3.46
346 2.630677 -0.802431  3.433108 3.43
347 2.630958 -0.767285  3.398243 3.40
348 2.631317 -0.730091  3.361407 3.36
349 2.631607 -0.697171  3.328778 3.33
350 2.631750 -0.673788  3.305538 3.31
351 2.631823 -0.662972  3.294796 3.29
352 2.631950 -0.666445  3.298395 3.30
353 2.632112 -0.686142  3.318255 3.32
354 2.632145 -0.723928  3.356073 3.36
355 2.631917 -0.779379  3.411296 3.41
356 2.631480 -0.848083  3.479563 3.48
357 2.631016 -0.922433  3.553449 3.55
358 2.630676 -0.994239  3.624915 3.62
359 2.630499 -1.057031  3.687530 3.69
360 2.630444 -1.106834  3.737278 3.74
361 2.349563 -1.141253  3.490816 3.49
362 2.349565 -1.162260  3.511825 3.51
363 2.349555 -1.169530  3.519085 3.52
364 2.349521 -1.162912  3.512433 3.51
365 2.349457 -1.142266  3.491723 3.49
366 2.349374 -1.107434  3.456808 3.46
367 2.349313 -1.058466  3.407780 3.41
368 2.349374 -0.996314  3.345688 3.35
369 2.349697 -0.924279  3.273976 3.27
370 2.350378 -0.849877  3.200255 3.20
371 2.351314 -0.785784  3.137097 3.14
372 2.352114 -0.747762  3.099876 3.10
373 2.352249 -0.748537  3.100786 3.10
374 2.351504 -0.790137  3.141641 3.14
375 2.350281 -0.861044  3.211325 3.21
376 2.349236 -0.941986  3.291223 3.29
377 2.348711 -1.015457  3.364168 3.36
378 2.348651 -1.071242  3.419893 3.42
379 2.348865 -1.106356  3.455220 3.46
380 2.349206 -1.122556  3.471762 3.47
381 2.334254 -1.124234  3.458488 3.46
382 2.334693 -1.117209  3.451902 3.45
383 2.335131 -1.107995  3.443126 3.44
384 2.335481 -1.103095  3.438576 3.44
385 2.335642 -1.107626  3.443268 3.44
386 2.335566 -1.123783  3.459350 3.46
387 2.335309 -1.150168  3.485478 3.49
388 2.334989 -1.182574  3.517562 3.52
389 2.334702 -1.215687  3.550390 3.55
390 2.334490 -1.244604  3.579094 3.58
391 2.334343 -1.265527  3.599869 3.60
392 2.334238 -1.275780  3.610018 3.61
393 2.334169 -1.273586  3.607755 3.61
394 2.334156 -1.258013  3.592169 3.59
395 2.334261 -1.229339  3.563600 3.56
396 2.334557 -1.189892  3.524449 3.52
397 2.335057 -1.144953  3.480010 3.48
398 2.335620 -1.102666  3.438286 3.44
399 2.335961 -1.071733  3.407695 3.41
400 2.335869 -1.057284  3.393153 3.39
401 2.398670 -1.057686  3.456356 3.46
402 2.398141 -1.065910  3.464051 3.46
403 2.397773 -1.073587  3.471359 3.47
404 2.397625 -1.074449  3.472075 3.47
405 2.397646 -1.065511  3.463157 3.46
406 2.397758 -1.046506  3.444264 3.44
407 2.397898 -1.018826  3.416725 3.42
408 2.398027 -0.984595  3.382622 3.38
409 2.398112 -0.945998  3.344110 3.34
410 2.398133 -0.904794  3.302927 3.30
411 2.398073 -0.861960  3.260033 3.26
412 2.397923 -0.817455  3.215378 3.22
413 2.397687 -0.770126  3.167812 3.17
414 2.397403 -0.717843  3.115246 3.12
415 2.397182 -0.658195  3.055377 3.06
416 2.397223 -0.590207  2.987430 2.99
417 2.397716 -0.517118  2.914834 2.91
418 2.398619 -0.448695  2.847314 2.85
419 2.399499 -0.399990  2.799490 2.80
420 2.399790 -0.384779  2.784568 2.78
421 3.071178 -0.404862  3.476040 3.48
422 3.070360 -0.449563  3.519922 3.52
423 3.069664 -0.505488  3.575152 3.58
424 3.069352 -0.560222  3.629574 3.63
425 3.069389 -0.606587  3.675975 3.68
426 3.069593 -0.642650  3.712243 3.71
427 3.069809 -0.669425  3.739234 3.74
428 3.069970 -0.688650  3.758620 3.76
429 3.070079 -0.701708  3.771787 3.77
430 3.070157 -0.709523  3.779680 3.78
431 3.070211 -0.712778  3.782989 3.78
432 3.070232 -0.711966  3.782198 3.78
433 3.070207 -0.707241  3.777449 3.78
434 3.070149 -0.698293  3.768442 3.77
435 3.070095 -0.684519  3.754614 3.75
436 3.070106 -0.665596  3.735703 3.74
437 3.070248 -0.642366  3.712614 3.71
438 3.070555 -0.617719  3.688274 3.69
439 3.070992 -0.596991  3.667983 3.67
440 3.071429 -0.587265  3.658694 3.66
441 2.869392 -0.596003  3.465396 3.47
442 2.869338 -0.627565  3.496904 3.50
443 2.868992 -0.681028  3.550019 3.55
444 2.868479 -0.750896  3.619375 3.62
445 2.867963 -0.828947  3.696909 3.70
446 2.867564 -0.906652  3.774216 3.77
447 2.867335 -0.977070  3.844405 3.84
448 2.867271 -1.035743  3.903015 3.90
449 2.867337 -1.080740  3.948077 3.95
450 2.867489 -1.112211  3.979700 3.98
451 2.867680 -1.131751  3.999432 4.00
452 2.867869 -1.141719  4.009588 4.01
453 2.868021 -1.144582  4.012603 4.01
454 2.868119 -1.142389  4.010508 4.01
455 2.868171 -1.136505  4.004676 4.00
456 2.868204 -1.127699  3.995902 4.00
457 2.868251 -1.116518  3.984769 3.98
458 2.868332 -1.103733  3.972065 3.97
459 2.868445 -1.090612  3.959058 3.96
460 2.868573 -1.078903  3.947475 3.95
461 2.377604 -1.072310  3.449914 3.45
462 2.377655 -1.072813  3.450469 3.45
463 2.377644 -1.081165  3.458809 3.46
464 2.377564 -1.097150  3.474714 3.47
465 2.377420 -1.119517  3.496937 3.50
466 2.377221 -1.146045  3.523266 3.52
467 2.376985 -1.173717  3.550702 3.55
468 2.376739 -1.199024  3.575763 3.58
469 2.376514 -1.218387  3.594901 3.59
470 2.376343 -1.228672  3.605015 3.61
471 2.376251 -1.227686  3.603937 3.60
472 2.376245 -1.214541  3.590786 3.59
473 2.376321 -1.189786  3.566107 3.57
474 2.376467 -1.155313  3.531781 3.53
475 2.376677 -1.114167  3.490845 3.49
476 2.376950 -1.070390  3.447341 3.45
477 2.377271 -1.028903  3.406173 3.41
478 2.377594 -0.995172  3.372766 3.37
479 2.377850 -0.974478  3.352328 3.35
480 2.377967 -0.970844  3.348811 3.35
481 2.485496 -0.985758  3.471253 3.47
482 2.485235 -1.017501  3.502736 3.50
483 2.484840 -1.061716  3.546556 3.55
484 2.484413 -1.111905  3.596319 3.60
485 2.484055 -1.160987  3.645042 3.65
486 2.483823 -1.202818  3.686640 3.69
487 2.483727 -1.233142  3.716869 3.72
488 2.483744 -1.249826  3.733570 3.73
489 2.483838 -1.252583  3.736421 3.74
490 2.483973 -1.242470  3.726443 3.73
491 2.484120 -1.221356  3.705476 3.71
492 2.484263 -1.191487  3.675750 3.68
493 2.484393 -1.155203  3.639596 3.64
494 2.484509 -1.114777  3.599287 3.60
495 2.484617 -1.072359  3.556976 3.56
496 2.484721 -1.029997  3.514718 3.51
497 2.484824 -0.989681  3.474505 3.47
498 2.484916 -0.953329  3.438245 3.44
499 2.484982 -0.922631  3.407613 3.41
500 2.485015 -0.898825  3.383839 3.38
501 2.485030 -0.882604  3.367634 3.37
502 2.485052 -0.874321  3.359373 3.36
503 2.485086 -0.874301  3.359387 3.36
504 2.485104 -0.882881  3.367985 3.37
505 2.485063 -0.899994  3.385057 3.39
506 2.484955 -0.924614  3.409569 3.41
507 2.484815 -0.954648  3.439462 3.44
508 2.484698 -0.987463  3.472161 3.47
509 2.484638 -1.020701  3.505339 3.51
510 2.484634 -1.052816  3.537450 3.54
511 2.484661 -1.083112  3.567773 3.57
512 2.484688 -1.111421  3.596109 3.60
513 2.484694 -1.137681  3.622375 3.62
514 2.484673 -1.161639  3.646312 3.65
515 2.484630 -1.182750  3.667380 3.67
516 2.484574 -1.200233  3.684807 3.68
517 2.484511 -1.213196  3.697707 3.70
518 2.484443 -1.220737  3.705180 3.71
519 2.484367 -1.221970  3.706337 3.71
520 2.484280 -1.216002  3.700282 3.70
521 2.484189 -1.201923  3.686112 3.69
522 2.484110 -1.178908  3.663019 3.66
523 2.484067 -1.146466  3.630533 3.63
524 2.484077 -1.104754  3.588831 3.59
525 2.484140 -1.054801  3.538942 3.54
526 2.484245 -0.998495  3.482740 3.48
527 2.484383 -0.938380  3.422763 3.42
528 2.484570 -0.877532  3.362102 3.36
529 2.484829 -0.819714  3.304543 3.30
530 2.485147 -0.769585  3.254732 3.25
531 2.485451 -0.732408  3.217859 3.22
532 2.485638 -0.712951  3.198589 3.20
533 2.485647 -0.714018  3.199666 3.20
534 2.485500 -0.735587  3.221088 3.22
535 2.485269 -0.775103  3.260372 3.26
536 2.485017 -0.828514  3.313532 3.31
537 2.484773 -0.891261  3.376034 3.38
538 2.484545 -0.958791  3.443336 3.44
539 2.484342 -1.026786  3.511128 3.51
540 2.484184 -1.091371  3.575555 3.58
541 2.484096 -1.149434  3.633530 3.63
542 2.484092 -1.198987  3.683079 3.68
543 2.484173 -1.239394  3.723566 3.72
544 2.484313 -1.271336  3.755648 3.76
545 2.484466 -1.296433  3.780899 3.78
546 2.484580 -1.316562  3.801142 3.80
547 2.484617 -1.333085  3.817703 3.82
548 2.484571 -1.346302  3.830874 3.83
549 2.484464 -1.355364  3.839828 3.84
550 2.484327 -1.358597  3.842924 3.84
551 2.484181 -1.353981  3.838163 3.84
552 2.484031 -1.339499  3.823530 3.82
553 2.483872 -1.313267  3.797140 3.80
554 2.483704 -1.273553  3.757256 3.76
555 2.483550 -1.218855  3.702405 3.70
556 2.483484 -1.148366  3.631850 3.63
557 2.483644 -1.063123  3.546768 3.55
558 2.484193 -0.967987  3.452180 3.45
559 2.485135 -0.873623  3.358759 3.36
560 2.486107 -0.795944  3.282051 3.28
561 2.486510 -0.750402  3.236911 3.24
562 2.486111 -0.743543  3.229655 3.23
563 2.485309 -0.769764  3.255074 3.26
564 2.484642 -0.816678  3.301319 3.30
565 2.484323 -0.872867  3.357191 3.36
566 2.484277 -0.931546  3.415823 3.42
567 2.484355 -0.990013  3.474369 3.47
568 2.484443 -1.047713  3.532156 3.53
569 2.484474 -1.104564  3.589039 3.59
570 2.484420 -1.159929  3.644349 3.64
571 2.484285 -1.212138  3.696424 3.70
572 2.484101 -1.258530  3.742632 3.74
573 2.483912 -1.295887  3.779799 3.78
574 2.483756 -1.321069  3.804824 3.80
575 2.483657 -1.331598  3.815255 3.82
576 2.483624 -1.326043  3.809667 3.81
577 2.483650 -1.304149  3.787799 3.79
578 2.483717 -1.266764  3.750481 3.75
579 2.483803 -1.215593  3.699397 3.70
580 2.483882 -1.152862  3.636744 3.64
581 2.483937 -1.080942  3.564879 3.56
582 2.483978 -1.002121  3.486099 3.49
583 2.484074 -0.918801  3.402874 3.40
584 2.484339 -0.834439  3.318778 3.32
585 2.484866 -0.755083  3.239949 3.24
586 2.485571 -0.690332  3.175902 3.18
587 2.486121 -0.651719  3.137840 3.14
588 2.486151 -0.647763  3.133914 3.13
589 2.485634 -0.678874  3.164508 3.16
590 2.484907 -0.737000  3.221907 3.22
591 2.484318 -0.810341  3.294660 3.29
592 2.483993 -0.888523  3.372516 3.37
593 2.483881 -0.964800  3.448681 3.45
594 2.483888 -1.035686  3.519574 3.52
595 2.483943 -1.099718  3.583660 3.58
596 2.484003 -1.156399  3.640402 3.64
597 2.484053 -1.205542  3.689595 3.69
598 2.484094 -1.246980  3.731073 3.73
599 2.484138 -1.280553  3.764691 3.76
600 2.484200 -1.306266  3.790465 3.79
601 2.484284 -1.324459  3.808743 3.81
602 2.484382 -1.335881  3.820263 3.82
603 2.484470 -1.341549  3.826018 3.83
604 2.484515 -1.342399  3.826914 3.83
605 2.484494 -1.338836  3.823330 3.82
606 2.484405 -1.330409  3.814814 3.81
607 2.484271 -1.315801  3.800072 3.80
608 2.484128 -1.293172  3.777300 3.78
609 2.484016 -1.260715  3.744731 3.74
610 2.483970 -1.217264  3.701234 3.70
611 2.484014 -1.162809  3.646824 3.65
612 2.484163 -1.098857  3.583021 3.58
613 2.484417 -1.028608  3.513025 3.51
614 2.484754 -0.956876  3.441630 3.44
615 2.485116 -0.889650  3.374766 3.37
616 2.485411 -0.833138  3.318550 3.32
617 2.485543 -0.792341  3.277885 3.28
618 2.485464 -0.769602  3.255066 3.26
619 2.485217 -0.763931  3.249148 3.25
620 2.484909 -0.771636  3.256545 3.26
621 2.484647 -0.787890  3.272538 3.27
622 2.484490 -0.808337  3.292827 3.29
623 2.484446 -0.830042  3.314488 3.31
624 2.484492 -0.851716  3.336209 3.34
625 2.484599 -0.873466  3.358065 3.36
626 2.484734 -0.896352  3.381087 3.38
627 2.484869 -0.921925  3.406794 3.41
628 2.484980 -0.951785  3.436765 3.44
629 2.485045 -0.987198  3.472243 3.47
630 2.485047 -1.028757  3.513805 3.51
631 2.484981 -1.076127  3.561109 3.56
632 2.484858 -1.127962  3.612820 3.61
633 2.484708 -1.182079  3.666788 3.67
634 2.484571 -1.235899  3.720470 3.72
635 2.484479 -1.287016  3.771495 3.77
636 2.484446 -1.333689  3.818136 3.82
637 2.484460 -1.375041  3.859502 3.86
638 2.484487 -1.410874  3.895361 3.90
639 2.484493 -1.441206  3.925698 3.93
640 2.484458 -1.465785  3.950243 3.95
641 2.484389 -1.483830  3.968219 3.97
642 2.484311 -1.494120  3.978431 3.98
643 2.484254 -1.495363  3.979617 3.98
644 2.484240 -1.486642  3.970883 3.97
645 2.484284 -1.467777  3.952061 3.95
646 2.484383 -1.439511  3.923894 3.92
647 2.484530 -1.403515  3.888044 3.89
648 2.484705 -1.362240  3.846945 3.85
649 2.484884 -1.318633  3.803517 3.80
650 2.485038 -1.275741  3.760779 3.76
651 2.485144 -1.236271  3.721415 3.72
652 2.485190 -1.202217  3.687407 3.69
653 2.485179 -1.174665  3.659844 3.66
654 2.485120 -1.153798  3.638918 3.64
655 2.485028 -1.139030  3.624058 3.62
656 2.484912 -1.129188  3.614100 3.61
657 2.484790 -1.122696  3.607486 3.61
658 2.484682 -1.117838  3.602520 3.60
659 2.484604 -1.113065  3.597669 3.60
660 2.484561 -1.107260  3.591821 3.59
661 2.484540 -1.099806  3.584346 3.58
662 2.484516 -1.090414  3.574930 3.57
663 2.484474 -1.078810  3.563284 3.56
664 2.484421 -1.064539  3.548960 3.55
665 2.484387 -1.047077  3.531464 3.53
666 2.484413 -1.026289  3.510703 3.51
667 2.484520 -1.002989  3.487509 3.49
668 2.484684 -0.979199  3.463883 3.46
669 2.484840 -0.957756  3.442596 3.44
670 2.484914 -0.941326  3.426240 3.43
671 2.484877 -0.931330  3.416207 3.42
672 2.484751 -0.927484  3.412235 3.41
673 2.484584 -0.928091  3.412675 3.41
674 2.484411 -0.930728  3.415139 3.42
675 2.484254 -0.932816  3.417070 3.42
676 2.484131 -0.931983  3.416114 3.42
677 2.484068 -0.926390  3.410458 3.41
678 2.484089 -0.915130  3.399219 3.40
679 2.484203 -0.898580  3.382782 3.38
680 2.484388 -0.878489  3.362877 3.36
681 2.484600 -0.857663  3.342263 3.34
682 2.484777 -0.839266  3.324044 3.32
683 2.484863 -0.825915  3.310777 3.31
684 2.484825 -0.818829  3.303654 3.30
685 2.484683 -0.817416  3.302099 3.30
686 2.484498 -0.819547  3.304045 3.30
687 2.484347 -0.822480  3.306827 3.31
688 2.484296 -0.824025  3.308321 3.31
689 2.484369 -0.823496  3.307864 3.31
690 2.484543 -0.822089  3.306632 3.31
691 2.484748 -0.822518  3.307266 3.31
692 2.484888 -0.827942  3.312830 3.31
693 2.484889 -0.840549  3.325438 3.33
694 2.484739 -0.860462  3.345200 3.35
695 2.484493 -0.885546  3.370039 3.37
696 2.484234 -0.912178  3.396412 3.40
697 2.484036 -0.936462  3.420498 3.42
698 2.483937 -0.955322  3.439259 3.44
699 2.483947 -0.967152  3.451098 3.45
700 2.484047 -0.971979  3.456026 3.46
701 2.484205 -0.971224  3.455429 3.46
702 2.484386 -0.967221  3.451607 3.45
703 2.484558 -0.962683  3.447242 3.45
704 2.484680 -0.960156  3.444836 3.44
705 2.484711 -0.961365  3.446076 3.45
706 2.484648 -0.966634  3.451282 3.45
707 2.484543 -0.974845  3.459387 3.46
708 2.484473 -0.984209  3.468682 3.47
709 2.484472 -0.993360  3.477831 3.48
710 2.484509 -1.001896  3.486406 3.49
711 2.484516 -1.010021  3.494538 3.49
712 2.484442 -1.017657  3.502100 3.50
713 2.484288 -1.023777  3.508065 3.51
714 2.484116 -1.026467  3.510583 3.51
715 2.484031 -1.023837  3.507869 3.51
716 2.484136 -1.015490  3.499626 3.50
717 2.484459 -1.003861  3.488319 3.49
718 2.484878 -0.994386  3.479263 3.48
719 2.485151 -0.993572  3.478723 3.48
720 2.485093 -1.005487  3.490580 3.49
721 2.484746 -1.029170  3.513916 3.51
722 2.484330 -1.059238  3.543568 3.54
723 2.484034 -1.088975  3.573009 3.57
724 2.483912 -1.113169  3.597080 3.60
725 2.483918 -1.129103  3.613021 3.61
726 2.483995 -1.136106  3.620101 3.62
727 2.484109 -1.134768  3.618877 3.62
728 2.484251 -1.126439  3.610690 3.61
729 2.484412 -1.113040  3.597452 3.60
730 2.484569 -1.096879  3.581447 3.58
731 2.484684 -1.080278  3.564962 3.56
732 2.484720 -1.065017  3.549737 3.55
733 2.484667 -1.051818  3.536485 3.54
734 2.484546 -1.040187  3.524734 3.52
735 2.484413 -1.028762  3.513175 3.51
736 2.484337 -1.016111  3.500449 3.50
737 2.484380 -1.001748  3.486127 3.49
738 2.484562 -0.986984  3.471546 3.47
739 2.484830 -0.975160  3.459990 3.46
740 2.485041 -0.970713  3.455755 3.46
741 2.485048 -0.977077  3.462124 3.46
742 2.484826 -0.994573  3.479400 3.48
743 2.484520 -1.020119  3.504639 3.50
744 2.484305 -1.049188  3.533494 3.53
745 2.484239 -1.078308  3.562546 3.56
746 2.484237 -1.105955  3.590192 3.59
747 2.484187 -1.131534  3.615722 3.62
748 2.484057 -1.153889  3.637946 3.64
749 2.483899 -1.170856  3.654755 3.65
750 2.483779 -1.180001  3.663780 3.66
751 2.483729 -1.179573  3.663302 3.66
752 2.483766 -1.169037  3.652803 3.65
753 2.483920 -1.149371  3.633292 3.63
754 2.484212 -1.123448  3.607660 3.61
755 2.484589 -1.096165  3.580754 3.58
756 2.484917 -1.073555  3.558471 3.56
757 2.485058 -1.060780  3.545838 3.55
758 2.484981 -1.060152  3.545133 3.55
759 2.484782 -1.070650  3.555431 3.56
760 2.484585 -1.089214  3.573800 3.57
761 2.484448 -1.112512  3.596961 3.60
762 2.484353 -1.137837  3.622190 3.62
763 2.484263 -1.162984  3.647247 3.65
764 2.484173 -1.185849  3.670022 3.67
765 2.484103 -1.204370  3.688472 3.69
766 2.484073 -1.216820  3.700893 3.70
767 2.484095 -1.222148  3.706243 3.71
768 2.484170 -1.220154  3.704324 3.70
769 2.484293 -1.211521  3.695814 3.70
770 2.484455 -1.197746  3.682201 3.68
771 2.484635 -1.180978  3.665613 3.67
772 2.484803 -1.163693  3.648496 3.65
773 2.484923 -1.148215  3.633138 3.63
774 2.484968 -1.136195  3.621163 3.62
775 2.484935 -1.128231  3.613165 3.61
776 2.484838 -1.123793  3.608631 3.61
777 2.484705 -1.121450  3.606155 3.61
778 2.484567 -1.119279  3.603846 3.60
779 2.484445 -1.115316  3.599760 3.60
780 2.484355 -1.107910  3.592265 3.59
781 2.484311 -1.095996  3.580308 3.58
782 2.484333 -1.079324  3.563657 3.56
783 2.484443 -1.058734  3.543177 3.54
784 2.484659 -1.036463  3.521122 3.52
785 2.484965 -1.016320  3.501286 3.50
786 2.485282 -1.003320  3.488602 3.49
787 2.485469 -1.002397  3.487866 3.49
788 2.485410 -1.016362  3.501772 3.50
789 2.485103 -1.044241  3.529344 3.53
790 2.484679 -1.081305  3.565984 3.57
791 2.484306 -1.120934  3.605240 3.61
792 2.484090 -1.157062  3.641152 3.64
793 2.484051 -1.185832  3.669883 3.67
794 2.484151 -1.206015  3.690166 3.69
795 2.484328 -1.218535  3.702864 3.70
796 2.484518 -1.225582  3.710100 3.71
797 2.484667 -1.229658  3.714325 3.71
798 2.484745 -1.232786  3.717532 3.72
799 2.484750 -1.236026  3.720776 3.72
800 2.484705 -1.239412  3.724117 3.72
801 2.484650 -1.242292  3.726943 3.73
802 2.484624 -1.243888  3.728513 3.73
803 2.484647 -1.243841  3.728488 3.73
804 2.484717 -1.242510  3.727227 3.73
805 2.484811 -1.240943  3.725755 3.73
806 2.484896 -1.240538  3.725434 3.73
807 2.484940 -1.242546  3.727485 3.73
808 2.484928 -1.247622  3.732550 3.73
809 2.484867 -1.255607  3.740475 3.74
810 2.484778 -1.265608  3.750387 3.75
811 2.484682 -1.276289  3.760971 3.76
812 2.484591 -1.286177  3.770769 3.77
813 2.484509 -1.293856  3.778365 3.78
814 2.484433 -1.298024  3.782457 3.78
815 2.484366 -1.297504  3.781871 3.78
816 2.484309 -1.291273  3.775582 3.78
817 2.484260 -1.278488  3.762747 3.76
818 2.484212 -1.258475  3.742687 3.74
819 2.484159 -1.230663  3.714822 3.71
820 2.484101 -1.194519  3.678620 3.68
821 2.484045 -1.149567  3.633612 3.63
822 2.484011 -1.095537  3.579547 3.58
823 2.484022 -1.032634  3.516656 3.52
824 2.484110 -0.961914  3.446024 3.45
825 2.484312 -0.885731  3.370043 3.37
826 2.484650 -0.808207  3.292857 3.29
827 2.485092 -0.735430  3.220522 3.22
828 2.485519 -0.674825  3.160344 3.16
829 2.485763 -0.633310  3.119073 3.12
830 2.485735 -0.614873  3.100608 3.10
831 2.485503 -0.619291  3.104793 3.10
832 2.485222 -0.643049  3.128271 3.13
833 2.484995 -0.681513  3.166508 3.17
834 2.484832 -0.730504  3.215336 3.22
835 2.484697 -0.786605  3.271302 3.27
836 2.484569 -0.846802  3.331371 3.33
837 2.484454 -0.908252  3.392706 3.39
838 2.484370 -0.968390  3.452760 3.45
839 2.484322 -1.025162  3.509485 3.51
840 2.484306 -1.077137  3.561442 3.56
841 2.484309 -1.123434  3.607743 3.61
842 2.484323 -1.163572  3.647896 3.65
843 2.484346 -1.197336  3.681682 3.68
844 2.484377 -1.224718  3.709095 3.71
845 2.484418 -1.245922  3.730340 3.73
846 2.484468 -1.261367  3.745835 3.75
847 2.484523 -1.271667  3.756190 3.76
848 2.484579 -1.277567  3.762145 3.76
849 2.484630 -1.279860  3.764490 3.76
850 2.484670 -1.279306  3.763976 3.76
851 2.484696 -1.276536  3.761231 3.76
852 2.484707 -1.271996  3.756702 3.76
853 2.484711 -1.265953  3.750663 3.75
854 2.484722 -1.258604  3.743326 3.74
855 2.484756 -1.250278  3.735034 3.74
856 2.484819 -1.241640  3.726459 3.73
857 2.484903 -1.233781  3.718684 3.72
858 2.484984 -1.228082  3.713066 3.71
859 2.485030 -1.225857  3.710887 3.71
860 2.485013 -1.227883  3.712896 3.71
861 2.484923 -1.234011  3.718934 3.72
862 2.484774 -1.243033  3.727806 3.73
863 2.484592 -1.252876  3.737468 3.74
864 2.484403 -1.260995  3.745398 3.75
865 2.484218 -1.264766  3.748984 3.75
866 2.484031 -1.261686  3.745717 3.75
867 2.483831 -1.249355  3.733186 3.73
868 2.483621 -1.225405  3.709027 3.71
869 2.483437 -1.187637  3.671074 3.67
870 2.483351 -1.134592  3.617943 3.62
871 2.483467 -1.066651  3.550119 3.55
872 2.483889 -0.987501  3.471390 3.47
873 2.484620 -0.905388  3.390009 3.39
874 2.485450 -0.832795  3.318245 3.32
875 2.485965 -0.782979  3.268944 3.27
876 2.485864 -0.763989  3.249854 3.25
877 2.485255 -0.774453  3.259708 3.26
878 2.484525 -0.805043  3.289568 3.29
879 2.483979 -0.843953  3.327933 3.33
880 2.483702 -0.881571  3.365273 3.37
881 2.483639 -0.912098  3.395737 3.40
882 2.483712 -0.933080  3.416792 3.42
883 2.483860 -0.944366  3.428226 3.43
884 2.484042 -0.947220  3.431263 3.43
885 2.484230 -0.943689  3.427919 3.43
886 2.484398 -0.936122  3.420521 3.42
887 2.484532 -0.926791  3.411323 3.41
888 2.484627 -0.917624  3.402251 3.40
889 2.484694 -0.910139  3.394834 3.39
890 2.484754 -0.905566  3.390321 3.39
891 2.484821 -0.905087  3.389909 3.39
892 2.484893 -0.910000  3.394893 3.39
893 2.484950 -0.921638  3.406587 3.41
894 2.484969 -0.941051  3.426020 3.43
895 2.484943 -0.968652  3.453595 3.45
896 2.484883 -1.004082  3.488964 3.49
897 2.484792 -1.046303  3.531095 3.53
898 2.484658 -1.093644  3.578302 3.58
899 2.484473 -1.143657  3.628130 3.63
900 2.484258 -1.193077  3.677335 3.68
901 2.484057 -1.238179  3.722236 3.72
902 2.483904 -1.275451  3.759356 3.76
903 2.483811 -1.302173  3.785984 3.79
904 2.483767 -1.316624  3.800391 3.80
905 2.483760 -1.318009  3.801768 3.80
906 2.483788 -1.306314  3.790102 3.79
907 2.483865 -1.282307  3.766172 3.77
908 2.484005 -1.247683  3.731688 3.73
909 2.484211 -1.205238  3.689449 3.69
910 2.484456 -1.158830  3.643286 3.64
911 2.484679 -1.112907  3.597587 3.60
912 2.484811 -1.071577  3.556388 3.56
913 2.484811 -1.037551  3.522361 3.52
914 2.484696 -1.011549  3.496245 3.50
915 2.484530 -0.992526  3.477056 3.48
916 2.484377 -0.978563  3.462941 3.46
917 2.484277 -0.967855  3.452132 3.45
918 2.484239 -0.959334  3.443573 3.44
919 2.484275 -0.952895  3.437170 3.44
920 2.484416 -0.949589  3.434005 3.43
921 2.484686 -0.952011  3.436697 3.44
922 2.485006 -0.964384  3.449390 3.45
923 2.485166 -0.991198  3.476365 3.48
924 2.484975 -1.034185  3.519159 3.52
925 2.484453 -1.089682  3.574134 3.57
926 2.483832 -1.149030  3.632862 3.63
927 2.483358 -1.201930  3.685289 3.69
928 2.483150 -1.240120  3.723270 3.72
929 2.483207 -1.259339  3.742546 3.74
930 2.483470 -1.259527  3.742998 3.74
931 2.483848 -1.243996  3.727844 3.73
932 2.484214 -1.217995  3.702210 3.70
933 2.484438 -1.186791  3.671230 3.67
934 2.484449 -1.153713  3.638162 3.64
935 2.484281 -1.119103  3.603385 3.60
936 2.484054 -1.080809  3.564864 3.56
937 2.483894 -1.035860  3.519754 3.52
938 2.483881 -0.982309  3.466191 3.47
939 2.484041 -0.920466  3.404507 3.40
940 2.484341 -0.853260  3.337602 3.34
941 2.484701 -0.785754  3.270455 3.27
942 2.485004 -0.723871  3.208875 3.21
943 2.485155 -0.672672  3.157827 3.16
944 2.485133 -0.634958  3.120091 3.12
945 2.484989 -0.610917  3.095906 3.10
946 2.484800 -0.598831  3.083632 3.08
947 2.484633 -0.596215  3.080848 3.08
948 2.484538 -0.600831  3.085369 3.09
949 2.484542 -0.611455  3.095997 3.10
950 2.484619 -0.628228  3.112847 3.11
951 2.484677 -0.652212  3.136889 3.14
952 2.484608 -0.684025  3.168634 3.17
953 2.484387 -0.722322  3.206709 3.21
954 2.484103 -0.763454  3.247557 3.25
955 2.483887 -0.802752  3.286639 3.29
956 2.483813 -0.836403  3.320215 3.32
957 2.483861 -0.862572  3.346433 3.35
958 2.483962 -0.881250  3.365212 3.37
959 2.484046 -0.893305  3.377351 3.38
960 2.484088 -0.899521  3.383609 3.38
961 2.484107 -0.900215  3.384322 3.38
962 2.484143 -0.895486  3.379629 3.38
963 2.484217 -0.885733  3.369950 3.37
964 2.484327 -0.871974  3.356301 3.36
965 2.484454 -0.855822  3.340276 3.34
966 2.484574 -0.839203  3.323778 3.32
967 2.484665 -0.824011  3.308676 3.31
968 2.484700 -0.811744  3.296444 3.30
969 2.484653 -0.803120  3.287774 3.29
970 2.484506 -0.797704  3.282210 3.28
971 2.484263 -0.793668  3.277931 3.28
972 2.483971 -0.787937  3.271908 3.27
973 2.483729 -0.776940  3.260670 3.26
974 2.483683 -0.758124  3.241807 3.24
975 2.483970 -0.732020  3.215990 3.22
976 2.484604 -0.704038  3.188642 3.19
977 2.485370 -0.684358  3.169728 3.17
978 2.485869 -0.684531  3.170400 3.17
979 2.485799 -0.711706  3.197505 3.20
980 2.485225 -0.764409  3.249635 3.25
981 2.484494 -0.833413  3.317907 3.32
982 2.483926 -0.906653  3.390580 3.39
983 2.483638 -0.974044  3.457682 3.46
984 2.483576 -1.029508  3.513084 3.51
985 2.483632 -1.070526  3.554157 3.55
986 2.483722 -1.096746  3.580468 3.58
987 2.483810 -1.108799  3.592609 3.59
988 2.483896 -1.107708  3.591603 3.59
989 2.484005 -1.094838  3.578844 3.58
990 2.484162 -1.072186  3.556348 3.56
991 2.484363 -1.042623  3.526985 3.53
992 2.484549 -1.009710  3.494260 3.49
993 2.484628 -0.976782  3.461410 3.46
994 2.484530 -0.945541  3.430071 3.43
995 2.484279 -0.915097  3.399376 3.40
996 2.483988 -0.882318  3.366306 3.37
997 2.483781 -0.843423  3.327204 3.33
998 2.483726 -0.795813  3.279539 3.28
999 2.483828 -0.739144  3.222973 3.22
