#Step   Etot   PotE Ktot  T
0 0.818292 -2.635334  3.453626 3.45
1 0.818265 -2.626904  3.445170 3.45
2 0.818220 -2.612500  3.430720 3.43
3 0.818155 -2.591594  3.409749 3.41
4 0.818070 -2.563443  3.381513 3.38
5 0.817965 -2.527087  3.345052 3.35
6 0.817842 -2.481358  3.299200 3.30
7 0.817705 -2.424927  3.242632 3.24
8 0.817566 -2.356398  3.173964 3.17
9 0.817445 -2.274494  3.091939 3.09
10 0.817372 -2.178359  2.995732 3.00
11 0.817386 -2.068010  2.885396 2.89
12 0.817526 -1.944878  2.762403 2.76
13 0.817810 -1.812321  2.630131 2.63
14 0.818217 -1.675815  2.494031 2.49
15 0.818674 -1.542523  2.361197 2.36
16 0.819084 -1.420178  2.239262 2.24
17 0.819362 -1.315589  2.134951 2.13
18 0.819478 -1.233408  2.052886 2.05
19 0.819444 -1.175615  1.995059 2.00
20 0.819300 -1.141710  1.961010 1.96
21 0.819092 -1.129306  1.948398 1.95
22 0.818860 -1.134841  1.953701 1.95
23 0.818637 -1.154242  1.972879 1.97
24 0.818443 -1.183458  2.001900 2.00
25 0.818286 -1.218811  2.037097 2.04
26 0.818163 -1.257164  2.075327 2.08
27 0.818067 -1.295923  2.113989 2.11
28 0.817986 -1.332957  2.150943 2.15
29 0.817912 -1.366471  2.184383 2.18
30 0.817834 -1.394880  2.212715 2.21
31 0.817748 -1.416702  2.234450 2.23
32 0.817651 -1.430493  2.248145 2.25
33 0.817547 -1.434843  2.252390 2.25
34 0.817452 -1.428462  2.245914 2.25
35 0.817400 -1.410456  2.227856 2.23
36 0.817445 -1.380841  2.198286 2.20
37 0.817647 -1.341322  2.158969 2.16
38 0.818023 -1.296047  2.114070 2.11
39 0.818481 -1.251638  2.070119 2.07
40 0.818827 -1.215680  2.034507 2.03
41 0.818899 -1.193868  2.012767 2.01
42 0.818718 -1.187684  2.006402 2.01
43 0.818461 -1.194648  2.013109 2.01
44 0.818288 -1.210772  2.029059 2.03
45 0.818222 -1.232860  2.051083 2.05
46 0.818196 -1.259058  2.077254 2.08
47 0.818139 -1.288035  2.106173 2.11
48 0.818035 -1.318085  2.136119 2.14
49 0.817915 -1.346914  2.164829 2.16
50 0.817824 -1.372085  2.189909 2.19
51 0.817791 -1.391660  2.209451 2.21
52 0.817827 -1.404670  2.222497 2.22
53 0.817920 -1.411262  2.229181 2.23
54 0.818048 -1.412548  2.230596 2.23
55 0.818183 -1.410268  2.228451 2.23
56 0.818294 -1.406334  2.224628 2.22
57 0.818359 -1.402367  2.220727 2.22
58 0.818369 -1.399344  2.217713 2.22
59 0.818332 -1.397442  2.215774 2.22
60 0.818270 -1.396151  2.214421 2.21
61 0.818212 -1.394591  2.212802 2.21
62 0.818178 -1.391911  2.210088 2.21
63 0.818176 -1.387609  2.205786 2.21
64 0.818203 -1.381672  2.199875 2.20
65 0.818246 -1.374517  2.192763 2.19
66 0.818288 -1.366818  2.185107 2.19
67 0.818320 -1.359287  2.177608 2.18
68 0.818339 -1.352516  2.170854 2.17
69 0.818349 -1.346926  2.165275 2.17
70 0.818363 -1.342847  2.161209 2.16
71 0.818390 -1.340659  2.159049 2.16
72 0.818436 -1.340938  2.159374 2.16
73 0.818492 -1.344490  2.162982 2.16
74 0.818538 -1.352219  2.170757 2.17
75 0.818549 -1.364826  2.183375 2.18
76 0.818505 -1.382439  2.200944 2.20
77 0.818401 -1.404332  2.222732 2.22
78 0.818250 -1.428866  2.247116 2.25
79 0.818080 -1.453712  2.271792 2.27
80 0.817920 -1.476260  2.294180 2.29
81 0.817798 -1.494091  2.311888 2.31
82 0.817726 -1.505370  2.323096 2.32
83 0.817708 -1.509086  2.326793 2.33
84 0.817736 -1.505102  2.322838 2.32
85 0.817794 -1.494053  2.311847 2.31
86 0.817866 -1.477115  2.294980 2.29
87 0.817935 -1.455737  2.273672 2.27
88 0.817998 -1.431414  2.249411 2.25
89 0.818058 -1.405582  2.223640 2.22
90 0.818126 -1.379668  2.197794 2.20
91 0.818201 -1.355174  2.173375 2.17
92 0.818261 -1.333615  2.151876 2.15
93 0.818275 -1.316185  2.134460 2.13
94 0.818225 -1.303305  2.121530 2.12
95 0.818127 -1.294384  2.112511 2.11
96 0.818021 -1.288057  2.106077 2.11
97 0.817939 -1.282745  2.100685 2.10
98 0.817898 -1.277190  2.095088 2.10
99 0.817891 -1.270689  2.088580 2.09
100 0.817910 -1.263088  2.080997 2.08
101 0.817950 -1.254673  2.072624 2.07
102 0.818010 -1.246109  2.064119 2.06
103 0.818089 -1.238403  2.056493 2.06
104 0.818180 -1.232868  2.051048 2.05
105 0.818265 -1.230983  2.049249 2.05
106 0.818315 -1.234099  2.052415 2.05
107 0.818299 -1.242984  2.061283 2.06
108 0.818207 -1.257374  2.075581 2.08
109 0.818063 -1.275832  2.093895 2.09
110 0.817918 -1.296102  2.114020 2.11
111 0.817825 -1.315857  2.133682 2.13
112 0.817812 -1.333467  2.151279 2.15
113 0.817874 -1.348428  2.166302 2.17
114 0.817981 -1.361326  2.179307 2.18
115 0.818087 -1.373408  2.191496 2.19
116 0.818147 -1.385915  2.204062 2.20
117 0.818130 -1.399403  2.217533 2.22
118 0.818041 -1.413330  2.231371 2.23
119 0.817914 -1.426108  2.244022 2.24
120 0.817799 -1.435607  2.253406 2.25
121 0.817734 -1.439871  2.257605 2.26
122 0.817739 -1.437705  2.255444 2.26
123 0.817811 -1.428974  2.246785 2.25
124 0.817935 -1.414590  2.232525 2.23
125 0.818089 -1.396288  2.214377 2.21
126 0.818249 -1.376304  2.194553 2.19
127 0.818394 -1.357012  2.175406 2.18
128 0.818506 -1.340591  2.159097 2.16
129 0.818574 -1.328747  2.147320 2.15
130 0.818595 -1.322537  2.141133 2.14
131 0.818575 -1.322325  2.140899 2.14
132 0.818521 -1.327827  2.146348 2.15
133 0.818448 -1.338256  2.156704 2.16
134 0.818366 -1.352492  2.170858 2.17
135 0.818288 -1.369272  2.187560 2.19
136 0.818226 -1.387379  2.205605 2.21
137 0.818190 -1.405819  2.224009 2.22
138 0.818183 -1.423956  2.242139 2.24
139 0.818205 -1.441586  2.259791 2.26
140 0.818246 -1.458912  2.277158 2.28
141 0.818295 -1.476431  2.294726 2.29
142 0.818337 -1.494742  2.313078 2.31
143 0.818359 -1.514333  2.332692 2.33
144 0.818357 -1.535417  2.353774 2.35
145 0.818332 -1.557841  2.376173 2.38
146 0.818288 -1.581099  2.399386 2.40
147 0.818232 -1.604401  2.422633 2.42
148 0.818741 -1.626776  2.445517 2.45
149 0.818683 -1.647202  2.465885 2.47
150 0.818630 -1.664675  2.483305 2.48
151 0.818589 -1.678304  2.496893 2.50
152 0.818562 -1.687384  2.505945 2.51
153 0.818550 -1.691445  2.509994 2.51
154 0.818553 -1.690282  2.508836 2.51
155 0.818571 -1.683959  2.502530 2.50
156 0.818600 -1.672784  2.491384 2.49
157 0.818640 -1.657283  2.475923 2.48
158 0.818688 -1.638169  2.456857 2.46
159 0.818743 -1.616310  2.435053 2.44
160 0.818805 -1.592709  2.411514 2.41
161 0.818871 -1.568478  2.387349 2.39
162 0.818939 -1.544799  2.363738 2.36
163 0.819002 -1.522863  2.341865 2.34
164 0.819057 -1.503783  2.322840 2.32
165 0.819096 -1.488510  2.307606 2.31
166 0.819116 -1.477744  2.296860 2.30
167 0.819114 -1.471865  2.290980 2.29
168 0.819089 -1.470890  2.289979 2.29
169 0.819041 -1.474446  2.293487 2.29
170 0.818973 -1.481791  2.300764 2.30
171 0.818892 -1.491865  2.310757 2.31
172 0.818804 -1.503384  2.322189 2.32
173 0.818717 -1.514956  2.333673 2.33
174 0.818638 -1.525196  2.343834 2.34
175 0.818575 -1.532852  2.351426 2.35
176 0.818531 -1.536918  2.355450 2.36
177 0.818512 -1.536729  2.355240 2.36
178 0.818513 -1.532002  2.350515 2.35
179 0.818529 -1.522822  2.341351 2.34
180 0.818548 -1.509535  2.328083 2.33
181 0.818558 -1.492591  2.311149 2.31
182 0.818551 -1.472371  2.290923 2.29
183 0.818529 -1.449080  2.267609 2.27
184 0.818505 -1.422770  2.241275 2.24
185 0.818506 -1.393549  2.212055 2.21
186 0.818564 -1.361953  2.180517 2.18
187 0.818702 -1.329380  2.148082 2.15
188 0.818918 -1.298377  2.117296 2.12
189 0.819175 -1.272569  2.091744 2.09
190 0.819401 -1.256039  2.075439 2.08
191 0.819522 -1.252272  2.071794 2.07
192 0.819499 -1.263077  2.082575 2.08
193 0.819342 -1.287990  2.107332 2.11
194 0.819103 -1.324446  2.143548 2.14
195 0.818839 -1.368513  2.187352 2.19
196 0.818597 -1.415785  2.234382 2.23
197 0.818403 -1.462101  2.280504 2.28
198 0.818269 -1.503998  2.322267 2.32
199 0.818195 -1.538929  2.357124 2.36
200 0.811350 -1.565174  2.376524 2.38
201 0.811389 -1.582249  2.393638 2.39
202 0.811474 -1.590439  2.401913 2.40
203 0.811597 -1.590806  2.402403 2.40
204 0.811743 -1.585043  2.396786 2.40
205 0.811895 -1.575244  2.387138 2.39
206 0.812029 -1.563617  2.375646 2.38
207 0.812126 -1.552148  2.364274 2.36
208 0.812172 -1.542284  2.354456 2.35
209 0.812167 -1.534742  2.346909 2.35
210 0.812123 -1.529495  2.341618 2.34
211 0.812062 -1.525951  2.338014 2.34
212 0.812007 -1.523264  2.335271 2.34
213 0.811974 -1.520659  2.332634 2.33
214 0.811972 -1.517691  2.329663 2.33
215 0.811996 -1.514350  2.326346 2.33
216 0.812040 -1.511034  2.323074 2.32
217 0.812089 -1.508416  2.320505 2.32
218 0.812136 -1.507266  2.319402 2.32
219 0.812174 -1.508308  2.320482 2.32
220 0.812201 -1.512117  2.324318 2.32
221 0.812217 -1.519090  2.331307 2.33
222 0.812220 -1.529424  2.341644 2.34
223 0.812207 -1.543090  2.355297 2.36
224 0.812174 -1.559783  2.371957 2.37
225 0.812120 -1.578863  2.390982 2.39
226 0.812050 -1.599360  2.411411 2.41
227 0.811975 -1.620059  2.432035 2.43
228 0.811907 -1.639653  2.451561 2.45
229 0.811857 -1.656935  2.468792 2.47
230 0.811831 -1.670959  2.482790 2.48
231 0.811828 -1.681137  2.492965 2.49
232 0.811846 -1.687257  2.499103 2.50
233 0.811879 -1.689439  2.501318 2.50
234 0.811917 -1.688042  2.499959 2.50
235 0.811954 -1.683551  2.495505 2.50
236 0.811984 -1.676467  2.488451 2.49
237 0.812005 -1.667227  2.479232 2.48
238 0.812020 -1.656168  2.468188 2.47
239 0.812035 -1.643567  2.455602 2.46
240 0.812058 -1.629731  2.441789 2.44
241 0.812095 -1.615109  2.427204 2.43
242 0.812145 -1.600356  2.412501 2.41
243 0.812198 -1.586301  2.398499 2.40
244 0.812237 -1.573796  2.386033 2.39
245 0.812250 -1.563485  2.375735 2.38
246 0.812234 -1.555618  2.367853 2.37
247 0.812197 -1.550002  2.362199 2.36
248 0.812153 -1.546112  2.358265 2.36
249 0.812119 -1.543320  2.355439 2.36
250 0.812105 -1.541123  2.353228 2.35
251 0.812110 -1.539285  2.351395 2.35
252 0.812130 -1.537863  2.349993 2.35
253 0.812154 -1.537129  2.349283 2.35
254 0.812172 -1.537433  2.349606 2.35
255 0.812175 -1.539047  2.351222 2.35
256 0.812156 -1.542032  2.354188 2.35
257 0.812117 -1.546162  2.358279 2.36
258 0.812063 -1.550925  2.362988 2.36
259 0.812004 -1.555612  2.367616 2.37
260 0.811954 -1.559465  2.371418 2.37
261 0.811924 -1.561863  2.373787 2.37
262 0.811921 -1.562495  2.374416 2.37
263 0.811944 -1.561439  2.373382 2.37
264 0.813676 -1.557530  2.371206 2.37
265 0.813707 -1.553121  2.366828 2.37
266 0.813721 -1.548760  2.362481 2.36
267 0.813712 -1.544741  2.358453 2.36
268 0.813688 -1.541030  2.354718 2.35
269 0.813663 -1.537362  2.351025 2.35
270 0.813653 -1.533455  2.347108 2.35
271 0.813667 -1.529234  2.342901 2.34
272 0.813700 -1.524949  2.338649 2.34
273 0.813744 -1.521142  2.334886 2.33
274 0.813783 -1.518498  2.332282 2.33
275 0.813806 -1.517634  2.331441 2.33
276 0.813808 -1.518928  2.332736 2.33
277 0.813790 -1.522435  2.336225 2.34
278 0.806119 -1.528242  2.334361 2.33
279 0.806083 -1.535607  2.341690 2.34
280 0.806045 -1.543966  2.350011 2.35
281 0.806008 -1.552718  2.358727 2.36
282 0.805972 -1.561256  2.367229 2.37
283 0.805938 -1.568979  2.374917 2.37
284 0.805906 -1.575303  2.381208 2.38
285 0.805881 -1.579695  2.385576 2.39
286 0.805866 -1.581736  2.387603 2.39
287 0.805866 -1.581178  2.387044 2.39
288 0.805883 -1.578001  2.383884 2.38
289 0.805917 -1.572452  2.378368 2.38
290 0.805967 -1.565052  2.371019 2.37
291 0.806029 -1.556578  2.362607 2.36
292 0.806094 -1.547984  2.354077 2.35
293 0.806146 -1.540255  2.346401 2.35
294 0.806172 -1.534201  2.340373 2.34
295 0.806158 -1.530227  2.336385 2.34
296 0.806102 -1.528158  2.334260 2.33
297 0.806010 -1.527204  2.333213 2.33
298 0.805899 -1.526075  2.331974 2.33
299 0.805789 -1.523231  2.329020 2.33
300 0.805698 -1.517185  2.322883 2.32
301 0.805642 -1.506788  2.312430 2.31
302 0.805633 -1.491483  2.297115 2.30
303 0.805675 -1.471472  2.277148 2.28
304 0.805768 -1.447810  2.253578 2.25
305 0.843984 -1.423600  2.267584 2.27
306 0.844139 -1.399577  2.243717 2.24
307 0.844294 -1.378558  2.222851 2.22
308 0.844442 -1.363351  2.207793 2.21
309 0.844578 -1.356604  2.201183 2.20
310 0.844681 -1.360653  2.205334 2.21
311 0.844698 -1.377109  2.221807 2.22
312 0.859876 -1.406284  2.266160 2.27
313 0.859633 -1.445922  2.305554 2.31
314 0.859333 -1.492006  2.351338 2.35
315 0.847047 -1.543971  2.391018 2.39
316 0.846884 -1.592853  2.439737 2.44
317 0.846837 -1.635458  2.482295 2.48
318 0.846882 -1.670323  2.517205 2.52
319 0.846981 -1.697421  2.544402 2.54
320 0.847098 -1.717640  2.564739 2.56
321 0.847208 -1.732270  2.579478 2.58
322 0.847292 -1.742597  2.589888 2.59
323 0.847342 -1.749636  2.596978 2.60
324 0.847355 -1.753983  2.601338 2.60
325 0.847333 -1.755761  2.603094 2.60
326 0.847282 -1.754649  2.601931 2.60
327 0.847210 -1.749962  2.597172 2.60
328 0.847128 -1.740776  2.587903 2.59
329 0.847048 -1.726089  2.573137 2.57
330 0.846991 -1.705040  2.552030 2.55
331 0.846978 -1.677188  2.524165 2.52
332 0.847031 -1.642840  2.489871 2.49
333 0.847159 -1.603336  2.450495 2.45
334 0.847339 -1.561109  2.408447 2.41
335 0.847513 -1.519295  2.366808 2.37
336 0.847611 -1.480870  2.328481 2.33
337 0.847594 -1.447622  2.295216 2.30
338 0.847481 -1.419582  2.267063 2.27
339 0.847339 -1.395307  2.242646 2.24
340 0.847242 -1.372851  2.220093 2.22
341 0.847234 -1.350842  2.198075 2.20
342 0.847322 -1.329163  2.176485 2.18
343 0.847482 -1.309094  2.156576 2.16
344 0.847665 -1.292953  2.140617 2.14
345 0.847808 -1.283366  2.131174 2.13
346 0.847854 -1.282343  2.130197 2.13
347 0.847775 -1.290428  2.138203 2.14
348 0.847591 -1.306297  2.153888 2.15
349 0.847361 -1.327054  2.174415 2.17
350 0.847151 -1.349073  2.196224 2.20
351 0.847004 -1.368965  2.215969 2.22
352 0.846932 -1.384244  2.231177 2.23
353 0.846926 -1.393549  2.240475 2.24
354 0.846965 -1.396526  2.243491 2.24
355 0.847030 -1.393563  2.240593 2.24
356 0.847109 -1.385521  2.232630 2.23
357 0.849720 -1.373643  2.223363 2.22
358 0.849807 -1.359059  2.208866 2.21
359 0.849894 -1.343117  2.193011 2.19
360 0.849979 -1.327196  2.177175 2.18
361 0.850060 -1.312658  2.162717 2.16
362 0.850129 -1.300791  2.150920 2.15
363 0.850182 -1.292719  2.142901 2.14
364 0.850215 -1.289314  2.139529 2.14
365 0.850226 -1.291134  2.141360 2.14
366 0.850217 -1.298396  2.148613 2.15
367 0.850190 -1.310985  2.161176 2.16
368 0.850147 -1.328486  2.178633 2.18
369 0.850088 -1.350199  2.200287 2.20
370 0.850012 -1.375148  2.225160 2.23
371 0.849921 -1.402081  2.252003 2.25
372 0.849820 -1.429508  2.279328 2.28
373 0.849719 -1.455782  2.305500 2.31
374 0.849629 -1.479256  2.328885 2.33
375 0.849564 -1.498479  2.348043 2.35
376 0.849536 -1.512403  2.361939 2.36
377 0.849554 -1.520565  2.370118 2.37
378 0.849619 -1.523208  2.372827 2.37
379 0.849726 -1.521310  2.371036 2.37
380 0.849860 -1.516488  2.366348 2.37
381 0.850001 -1.510776  2.360776 2.36
382 0.850120 -1.506282  2.356402 2.36
383 0.850193 -1.504786  2.354979 2.35
384 0.850204 -1.507359  2.357563 2.36
385 0.850149 -1.514113  2.364262 2.36
386 0.850043 -1.524167  2.374210 2.37
387 0.849910 -1.535843  2.385752 2.39
388 0.849780 -1.547043  2.396823 2.40
389 0.849680 -1.555708  2.405388 2.41
390 0.849626 -1.560217  2.409842 2.41
391 0.849623 -1.559643  2.409266 2.41
392 0.849669 -1.553862  2.403531 2.40
393 0.849755 -1.543518  2.393273 2.39
394 0.849867 -1.529885  2.379752 2.38
395 0.849988 -1.514666  2.364654 2.36
396 0.850098 -1.499713  2.349810 2.35
397 0.850173 -1.486707  2.336880 2.34
398 0.850199 -1.476831  2.327030 2.33
399 0.850169 -1.470518  2.320686 2.32
400 0.850093 -1.467370  2.317463 2.32
401 0.849993 -1.466308  2.316301 2.32
402 0.849899 -1.465892  2.315791 2.32
403 0.849833 -1.464742  2.314575 2.31
404 0.849812 -1.461897  2.311709 2.31
405 0.849838 -1.457051  2.306889 2.31
406 0.849905 -1.450602  2.300507 2.30
407 0.849993 -1.443527  2.293519 2.29
408 0.850081 -1.437115  2.287195 2.29
409 0.850151 -1.432651  2.282802 2.28
410 0.850191 -1.431135  2.281326 2.28
411 0.850199 -1.433108  2.283307 2.28
412 0.850178 -1.438611  2.288789 2.29
413 0.850134 -1.447222  2.297356 2.30
414 0.850073 -1.458153  2.308226 2.31
415 0.850002 -1.470356  2.320359 2.32
416 0.849931 -1.482650  2.332581 2.33
417 0.849865 -1.493843  2.343708 2.34
418 0.849811 -1.502852  2.352663 2.35
419 0.849772 -1.508798  2.358570 2.36
420 0.849754 -1.511082  2.360836 2.36
421 0.849760 -1.509452  2.359212 2.36
422 0.849794 -1.504068  2.353862 2.35
423 0.849859 -1.495552  2.345411 2.35
424 0.849953 -1.485018  2.334971 2.33
425 0.850069 -1.474030  2.324099 2.32
426 0.850190 -1.464462  2.314652 2.31
427 0.850290 -1.458219  2.308509 2.31
428 0.850339 -1.456837  2.307176 2.31
429 0.850318 -1.461045  2.311364 2.31
430 0.850229 -1.470477  2.320706 2.32
431 0.850096 -1.483702  2.333799 2.33
432 0.849960 -1.498608  2.348568 2.35
433 0.849855 -1.512979  2.362833 2.36
434 0.849797 -1.525017  2.374814 2.37
435 0.849787 -1.533629  2.383416 2.38
436 0.849812 -1.538446  2.388258 2.39
437 0.849855 -1.539658  2.389513 2.39
438 0.849901 -1.537775  2.387676 2.39
439 0.849941 -1.533414  2.383355 2.38
440 0.849973 -1.527161  2.377134 2.38
441 0.850000 -1.519531  2.369532 2.37
442 0.850031 -1.511009  2.361040 2.36
443 0.850071 -1.502142  2.352213 2.35
444 0.850125 -1.493624  2.343748 2.34
445 0.850187 -1.486330  2.336517 2.34
446 0.850244 -1.481235  2.331480 2.33
447 0.850277 -1.479206  2.329484 2.33
448 0.850267 -1.480710  2.330977 2.33
449 0.850206 -1.485551  2.335757 2.34
450 0.850103 -1.492776  2.342879 2.34
451 0.849979 -1.500799  2.350778 2.35
452 0.849861 -1.507725  2.357585 2.36
453 0.849769 -1.511737  2.361506 2.36
454 0.849716 -1.511426  2.361143 2.36
455 0.849707 -1.505985  2.355692 2.36
456 0.849738 -1.495279  2.345017 2.35
457 0.849801 -1.479804  2.329605 2.33
458 0.849887 -1.460570  2.310457 2.31
459 0.849984 -1.438947  2.288930 2.29
460 0.850078 -1.416471  2.266549 2.27
461 0.850161 -1.394658  2.244819 2.24
462 0.850223 -1.374837  2.225060 2.23
463 0.850260 -1.358019  2.208280 2.21
464 0.850273 -1.344831  2.195104 2.20
465 0.850261 -1.335492  2.185753 2.19
466 0.850230 -1.329845  2.180075 2.18
467 0.850182 -1.327406  2.177587 2.18
468 0.850122 -1.327433  2.177556 2.18
469 0.850055 -1.329006  2.179061 2.18
470 0.849986 -1.331096  2.181082 2.18
471 0.849919 -1.332656  2.182575 2.18
472 0.849859 -1.332701  2.182560 2.18
473 0.849812 -1.330392  2.180204 2.18
474 0.849782 -1.325119  2.174901 2.17
475 0.849773 -1.316577  2.166350 2.17
476 0.849791 -1.304835  2.154626 2.15
477 0.849841 -1.290410  2.140252 2.14
478 0.849925 -1.274326  2.124251 2.12
479 0.850040 -1.258128  2.108168 2.11
480 0.850171 -1.243808  2.093979 2.09
481 0.850292 -1.233561  2.083852 2.08
482 0.850370 -1.229380  2.079749 2.08
483 0.850379 -1.232562  2.082941 2.08
484 0.850312 -1.243328  2.093640 2.09
485 0.850187 -1.260722  2.110909 2.11
486 0.850033 -1.282861  2.132893 2.13
487 0.849879 -1.307371  2.157250 2.16
488 0.849746 -1.331846  2.181592 2.18
489 0.849643 -1.354166  2.203809 2.20
490 0.849574 -1.372672  2.222247 2.22
491 0.847348 -1.385667  2.233014 2.23
492 0.847353 -1.393257  2.240610 2.24
493 0.847394 -1.395521  2.242915 2.24
494 0.847464 -1.393114  2.240578 2.24
495 0.878291 -1.384342  2.262633 2.26
496 0.878397 -1.373042  2.251439 2.25
497 0.878502 -1.360985  2.239486 2.24
498 0.878597 -1.349925  2.228522 2.23
499 0.878680 -1.341483  2.220164 2.22
500 0.878749 -1.337081  2.215830 2.22
501 0.878796 -1.337876  2.216672 2.22
502 0.878816 -1.344650  2.223465 2.22
503 0.878808 -1.357725  2.236533 2.24
504 0.878780 -1.376957  2.255736 2.26
505 0.878742 -1.401838  2.280580 2.28
506 0.878702 -1.431659  2.310361 2.31
507 0.878662 -1.465615  2.344277 2.34
508 0.878619 -1.502845  2.381464 2.38
509 0.878572 -1.542410  2.420982 2.42
510 0.878524 -1.583290  2.461814 2.46
511 0.878480 -1.624431  2.502911 2.50
512 0.878446 -1.664836  2.543282 2.54
513 0.878423 -1.703647  2.582070 2.58
514 0.878408 -1.740170  2.618578 2.62
515 0.878393 -1.773839  2.652232 2.65
516 0.878373 -1.804125  2.682499 2.68
517 0.878345 -1.830454  2.708799 2.71
518 0.878311 -1.852166  2.730477 2.73
519 0.878279 -1.868569  2.746848 2.75
520 0.878261 -1.879056  2.757317 2.76
521 0.878265 -1.883264  2.761529 2.76
522 0.878299 -1.881216  2.759514 2.76
523 0.878360 -1.873399  2.751759 2.75
524 0.878440 -1.860745  2.739184 2.74
525 0.878524 -1.844484  2.723008 2.72
526 0.878594 -1.825925  2.704518 2.70
527 0.878636 -1.806182  2.684819 2.68
528 0.878647 -1.785985  2.664632 2.66
529 0.878632 -1.765601  2.644232 2.64
530 0.898446 -1.745117  2.643563 2.64
531 0.898413 -1.723850  2.622263 2.62
532 0.898387 -1.701423  2.599810 2.60
533 0.898372 -1.677558  2.575930 2.58
534 0.898368 -1.652147  2.550515 2.55
535 0.898373 -1.625265  2.523638 2.52
536 0.898386 -1.597149  2.495535 2.50
537 0.898404 -1.568171  2.466575 2.47
538 0.898425 -1.538792  2.437217 2.44
539 0.898446 -1.509529  2.407975 2.41
540 0.898468 -1.480925  2.379393 2.38
541 0.898493 -1.453546  2.352039 2.35
542 0.898524 -1.427997  2.326521 2.33
543 0.898562 -1.404962  2.303524 2.30
544 0.898609 -1.385228  2.283837 2.28
545 0.898661 -1.369684  2.268345 2.27
546 0.898709 -1.359254  2.257963 2.26
547 0.898741 -1.354756  2.253498 2.25
548 0.898746 -1.356727  2.255473 2.26
549 0.898719 -1.365257  2.263976 2.26
550 0.898664 -1.379918  2.278582 2.28
551 0.898592 -1.399824  2.298416 2.30
552 0.898520 -1.423802  2.322323 2.32
553 0.898461 -1.450624  2.349085 2.35
554 0.898420 -1.479204  2.377624 2.38
555 0.898400 -1.508714  2.407114 2.41
556 0.898394 -1.538598  2.436992 2.44
557 0.898394 -1.568510  2.466904 2.47
558 0.898397 -1.598214  2.496611 2.50
559 0.898396 -1.627509  2.525905 2.53
560 0.898391 -1.656168  2.554559 2.55
561 0.898382 -1.683917  2.582300 2.58
562 0.898369 -1.710437  2.608807 2.61
563 0.898354 -1.735368  2.633722 2.63
564 0.898337 -1.758324  2.656661 2.66
565 0.898322 -1.778923  2.677245 2.68
566 0.898311 -1.796817  2.695129 2.70
567 0.898308 -1.811742  2.710050 2.71
568 0.898314 -1.823556  2.721869 2.72
569 0.898327 -1.832263  2.730590 2.73
570 0.898345 -1.838004  2.736350 2.74
571 0.898362 -1.841002  2.739364 2.74
572 0.898371 -1.841477  2.739848 2.74
573 0.898367 -1.839558  2.737925 2.74
574 0.898348 -1.835209  2.733557 2.73
575 0.898317 -1.828206  2.726523 2.73
576 0.898279 -1.818178  2.716457 2.72
577 0.898245 -1.804699  2.702944 2.70
578 0.933365 -1.780952  2.714318 2.71
579 0.933389 -1.754116  2.687505 2.69
580 0.933435 -1.724811  2.658247 2.66
581 0.933507 -1.694026  2.627533 2.63
582 0.933597 -1.663125  2.596721 2.60
583 0.933688 -1.633732  2.567419 2.57
584 0.933758 -1.607470  2.541227 2.54
585 0.933789 -1.585634  2.519423 2.52
586 0.933779 -1.568934  2.502714 2.50
587 0.933743 -1.557457  2.491199 2.49
588 0.933700 -1.550856  2.484556 2.48
589 0.933668 -1.548661  2.482329 2.48
590 0.933646 -1.550495  2.484141 2.48
591 0.933619 -1.556075  2.489694 2.49
592 0.933570 -1.565013  2.498582 2.50
593 0.933492 -1.576581  2.510073 2.51
594 0.933398 -1.589634  2.523032 2.52
595 0.933310 -1.602776  2.536086 2.54
596 0.933252 -1.614702  2.547954 2.55
597 0.933232 -1.624522  2.557754 2.56
598 0.933244 -1.631905  2.565149 2.57
599 0.933264 -1.636979  2.570243 2.57
600 0.933266 -1.640011  2.573277 2.57
601 0.933228 -1.641026  2.574254 2.57
602 0.933143 -1.639500  2.572643 2.57
603 0.933025 -1.634287  2.567312 2.57
604 0.932903 -1.623813  2.556715 2.56
605 0.932811 -1.606503  2.539314 2.54
606 0.932786 -1.581318  2.514105 2.51
607 0.932856 -1.548280  2.481136 2.48
608 0.933033 -1.508863  2.441896 2.44
609 0.928634 -1.465963  2.394597 2.39
610 0.928958 -1.424191  2.353149 2.35
611 0.929260 -1.388699  2.317959 2.32
612 0.929466 -1.364234  2.293700 2.29
613 0.929530 -1.354016  2.283546 2.28
614 0.897028 -1.358698  2.255727 2.26
615 0.896865 -1.377726  2.274591 2.27
616 0.896663 -1.408489  2.305151 2.31
617 0.896458 -1.447635  2.344093 2.34
618 0.896275 -1.491677  2.387951 2.39
619 0.896122 -1.537374  2.433497 2.43
620 0.896007 -1.581943  2.477950 2.48
621 0.895934 -1.623181  2.519115 2.52
622 0.895905 -1.659559  2.555464 2.56
623 0.895918 -1.690256  2.586175 2.59
624 0.895966 -1.715140  2.611105 2.61
625 0.896028 -1.734615  2.630643 2.63
626 0.896082 -1.749352  2.645434 2.65
627 0.896105 -1.759926  2.656031 2.66
628 0.896090 -1.766509  2.662600 2.66
629 0.896047 -1.768756  2.664803 2.66
630 0.895996 -1.765942  2.661937 2.66
631 0.895960 -1.757272  2.653232 2.65
632 0.895955 -1.742229  2.638184 2.64
633 0.895986 -1.720808  2.616793 2.62
634 0.896048 -1.693596  2.589644 2.59
635 0.896135 -1.661721  2.557856 2.56
636 0.896236 -1.626725  2.522961 2.52
637 0.896344 -1.590416  2.486760 2.49
638 0.896457 -1.554747  2.451204 2.45
639 0.896570 -1.521733  2.418303 2.42
640 0.896677 -1.493368  2.390045 2.39
641 0.896768 -1.471511  2.368279 2.37
642 0.896827 -1.457698  2.354526 2.35
643 0.896841 -1.452911  2.349752 2.35
644 0.896803 -1.457370  2.354173 2.35
645 0.896719 -1.470450  2.367169 2.37
646 0.896602 -1.490760  2.387362 2.39
647 0.896472 -1.516357  2.412829 2.41
648 0.896347 -1.545048  2.441396 2.44
649 0.896240 -1.574670  2.470910 2.47
650 0.896157 -1.603299  2.499456 2.50
651 0.896094 -1.629358  2.525452 2.53
652 0.896049 -1.651613  2.547662 2.55
653 0.896014 -1.669126  2.565140 2.57
654 0.895989 -1.681188  2.577176 2.58
655 0.895973 -1.687299  2.583272 2.58
656 0.895974 -1.687198  2.583172 2.58
657 0.896002 -1.680956  2.576959 2.58
658 0.896070 -1.669120  2.565190 2.57
659 0.896188 -1.652887  2.549075 2.55
660 0.896358 -1.634240  2.530598 2.53
661 0.896559 -1.615916  2.512475 2.51
662 0.896744 -1.601051  2.497795 2.50
663 0.896857 -1.592483  2.489340 2.49
664 0.896860 -1.591923  2.488783 2.49
665 0.896761 -1.599425  2.496186 2.50
666 0.896603 -1.613477  2.510080 2.51
667 0.896440 -1.631628  2.528067 2.53
668 0.896303 -1.651247  2.547550 2.55
669 0.896200 -1.670037  2.566237 2.57
670 0.896122 -1.686181  2.582302 2.58
671 0.896055 -1.698258  2.594313 2.59
672 0.895988 -1.705077  2.601065 2.60
673 0.895915 -1.705542  2.601456 2.60
674 0.895834 -1.698579  2.594412 2.59
675 0.895746 -1.683132  2.578878 2.58
676 0.895659 -1.658209  2.553868 2.55
677 0.895592 -1.623028  2.518620 2.52
678 0.895582 -1.577331  2.472913 2.47
679 0.895688 -1.521957  2.417646 2.42
680 0.895968 -1.459663  2.355631 2.36
681 0.896422 -1.395816  2.292238 2.29
682 0.896933 -1.338190  2.235123 2.24
683 0.897290 -1.295077  2.192367 2.19
684 0.897338 -1.272198  2.169536 2.17
685 0.897117 -1.270510  2.167628 2.17
686 0.896801 -1.286710  2.183510 2.18
687 0.896525 -1.315651  2.212175 2.21
688 0.896315 -1.352419  2.248734 2.25
689 0.896137 -1.392929  2.289066 2.29
690 0.895965 -1.433598  2.329563 2.33
691 0.895806 -1.471070  2.366876 2.37
692 0.895682 -1.502320  2.398002 2.40
693 0.895609 -1.524974  2.420583 2.42
694 0.895592 -1.537563  2.433155 2.43
695 0.895619 -1.539574  2.435193 2.44
696 0.895674 -1.531307  2.426981 2.43
697 0.895741 -1.513634  2.409375 2.41
698 0.895812 -1.487751  2.383563 2.38
699 0.895894 -1.455062  2.350956 2.35
700 0.896010 -1.417268  2.313278 2.31
701 0.896183 -1.376650  2.272833 2.27
702 0.896417 -1.336359  2.232777 2.23
703 0.896680 -1.300405  2.197086 2.20
704 0.896904 -1.273109  2.170014 2.17
705 0.897026 -1.258112  2.155138 2.16
706 0.897020 -1.257429  2.154449 2.15
707 0.896909 -1.271076  2.167985 2.17
708 0.896731 -1.297339  2.194070 2.19
709 0.896518 -1.333341  2.229859 2.23
710 0.896290 -1.375532  2.271822 2.27
711 0.896065 -1.420055  2.316119 2.32
712 0.895864 -1.463085  2.358949 2.36
713 0.895704 -1.501187  2.396891 2.40
714 0.895596 -1.531607  2.427203 2.43
715 0.895546 -1.552479  2.448026 2.45
716 0.895561 -1.562949  2.458510 2.46
717 0.895652 -1.563294  2.458945 2.46
718 0.895828 -1.555064  2.450892 2.45
719 0.896085 -1.541176  2.437261 2.44
720 0.896388 -1.525761  2.422149 2.42
721 0.896664 -1.513542  2.410206 2.41
722 0.896825 -1.508702  2.405527 2.41
723 0.896817 -1.513589  2.410406 2.41
724 0.896651 -1.527924  2.424575 2.42
725 0.896401 -1.548998  2.445399 2.45
726 0.896150 -1.572717  2.468867 2.47
727 0.895956 -1.594866  2.490821 2.49
728 0.946439 -1.612905  2.559344 2.56
729 0.946393 -1.623601  2.569995 2.57
730 0.946406 -1.625843  2.572249 2.57
731 0.946464 -1.619503  2.565967 2.57
732 0.946558 -1.605259  2.551817 2.55
733 0.946681 -1.584439  2.531120 2.53
734 0.946823 -1.558893  2.505716 2.51
735 0.946974 -1.530840  2.477814 2.48
736 0.947116 -1.502661  2.449778 2.45
737 0.947232 -1.476635  2.423866 2.42
738 0.947306 -1.454652  2.401958 2.40
739 0.947335 -1.437996  2.385331 2.39
740 0.937583 -1.428718  2.366302 2.37
741 0.937536 -1.425185  2.362721 2.36
742 0.937478 -1.426780  2.364258 2.36
743 0.910763 -1.432687  2.343450 2.34
744 0.910709 -1.441973  2.352682 2.35
745 0.910652 -1.453762  2.364414 2.36
746 0.910585 -1.467102  2.377687 2.38
747 0.910501 -1.480864  2.391365 2.39
748 0.910406 -1.493685  2.404091 2.40
749 0.910315 -1.504056  2.414371 2.41
750 0.910244 -1.510532  2.420776 2.42
751 0.910210 -1.512005  2.422215 2.42
752 0.910224 -1.507953  2.418177 2.42
753 0.910284 -1.498584  2.408868 2.41
754 0.910379 -1.484821  2.395200 2.40
755 0.910492 -1.468148  2.378640 2.38
756 0.910603 -1.450338  2.360941 2.36
757 0.910696 -1.433160  2.343856 2.34
758 0.910764 -1.418139  2.328902 2.33
759 0.910807 -1.406430  2.317237 2.32
760 0.910829 -1.398807  2.309635 2.31
761 0.922963 -1.395413  2.318376 2.32
762 0.922947 -1.396699  2.319645 2.32
763 0.922909 -1.402466  2.325374 2.33
764 0.922851 -1.412168  2.335019 2.34
765 0.922784 -1.424968  2.347752 2.35
766 0.922723 -1.439888  2.362611 2.36
767 0.922681 -1.456042  2.378724 2.38
768 0.922665 -1.472829  2.395494 2.40
769 0.922665 -1.490004  2.412670 2.41
770 0.922664 -1.507572  2.430236 2.43
771 0.922641 -1.525506  2.448147 2.45
772 0.922588 -1.543459  2.466047 2.47
773 0.922518 -1.560654  2.483172 2.48
774 0.922458 -1.576058  2.498516 2.50
775 0.922433 -1.588774  2.511208 2.51
776 0.922446 -1.598370  2.520816 2.52
777 0.922479 -1.604924  2.527403 2.53
778 0.922504 -1.608770  2.531274 2.53
779 0.922507 -1.610136  2.532643 2.53
780 0.922493 -1.608939  2.531432 2.53
781 0.922478 -1.604853  2.527331 2.53
782 0.922481 -1.597552  2.520033 2.52
783 0.922511 -1.586981  2.509492 2.51
784 0.922567 -1.573500  2.496067 2.50
785 0.922642 -1.557888  2.480530 2.48
786 0.922727 -1.541242  2.463969 2.46
787 0.922812 -1.524826  2.447638 2.45
788 0.922889 -1.509925  2.432814 2.43
789 0.922953 -1.497717  2.420669 2.42
790 0.923001 -1.489190  2.412192 2.41
791 0.923033 -1.485095  2.408129 2.41
792 0.923045 -1.485904  2.408949 2.41
793 0.923035 -1.491769  2.414804 2.41
794 0.923000 -1.502479  2.425478 2.43
795 0.922939 -1.517419  2.440358 2.44
796 0.922855 -1.535569  2.458424 2.46
797 0.922758 -1.555562  2.478319 2.48
798 0.922659 -1.575816  2.498475 2.50
799 0.922571 -1.594728  2.517299 2.52
800 0.922507 -1.610871  2.533377 2.53
801 0.922473 -1.623179  2.545652 2.55
802 0.922472 -1.631065  2.553537 2.55
803 0.922502 -1.634460  2.556962 2.56
804 0.922555 -1.633783  2.556338 2.56
805 0.934228 -1.629146  2.563374 2.56
806 0.934292 -1.622203  2.556495 2.56
807 0.934344 -1.613977  2.548321 2.55
808 0.934372 -1.605325  2.539697 2.54
809 0.934374 -1.596789  2.531163 2.53
810 0.934352 -1.588540  2.522892 2.52
811 0.934311 -1.580403  2.514715 2.51
812 0.934262 -1.571956  2.506218 2.51
813 0.934214 -1.562661  2.496874 2.50
814 0.934172 -1.551996  2.486168 2.49
815 0.934142 -1.539556  2.473698 2.47
816 0.934129 -1.525129  2.459258 2.46
817 0.934140 -1.508777  2.442917 2.44
818 0.934180 -1.490925  2.425105 2.43
819 0.934256 -1.472445  2.406702 2.41
820 0.934366 -1.454714  2.389080 2.39
821 0.934500 -1.439576  2.374076 2.37
822 0.934636 -1.429166  2.363802 2.36
823 0.934743 -1.425566  2.360310 2.36
824 0.934791 -1.430346  2.365137 2.37
825 0.934764 -1.444122  2.378886 2.38
826 0.934666 -1.466328  2.400994 2.40
827 0.934520 -1.495285  2.429805 2.43
828 0.934359 -1.528550  2.462909 2.46
829 0.934210 -1.563392  2.497602 2.50
830 0.934093 -1.597241  2.531334 2.53
831 0.934018 -1.628000  2.562018 2.56
832 0.933983 -1.654199  2.588183 2.59
833 0.933983 -1.675013  2.608996 2.61
834 0.934006 -1.690176  2.624183 2.62
835 0.934045 -1.699855  2.633899 2.63
836 0.934089 -1.704496  2.638585 2.64
837 0.934134 -1.704706  2.638840 2.64
838 0.934175 -1.701151  2.635326 2.64
839 0.934211 -1.694499  2.628710 2.63
840 0.934242 -1.685383  2.619625 2.62
841 0.934266 -1.674380  2.608646 2.61
842 0.934285 -1.661997  2.596281 2.60
843 0.934301 -1.648677  2.582979 2.58
844 0.934317 -1.634832  2.569149 2.57
845 0.883912 -1.621611  2.505523 2.51
846 0.883936 -1.609501  2.493437 2.49
847 0.883955 -1.598972  2.482927 2.48
848 0.883962 -1.590388  2.474350 2.47
849 0.883954 -1.583927  2.467881 2.47
850 0.883933 -1.579529  2.463462 2.46
851 0.883904 -1.576919  2.460823 2.46
852 0.883876 -1.575688  2.459563 2.46
853 0.883856 -1.575409  2.459264 2.46
854 0.883847 -1.575748  2.459595 2.46
855 0.883847 -1.576507  2.460354 2.46
856 0.883848 -1.577594  2.461442 2.46
857 0.883841 -1.578913  2.462754 2.46
858 0.883820 -1.580245  2.464066 2.46
859 0.883785 -1.581162  2.464946 2.46
860 0.883742 -1.581033  2.464776 2.46
861 0.883704 -1.579138  2.462842 2.46
862 0.883681 -1.574825  2.458506 2.46
863 0.883680 -1.567685  2.451365 2.45
864 0.895994 -1.557359  2.453353 2.45
865 0.896040 -1.544450  2.440490 2.44
866 0.896098 -1.529639  2.425737 2.43
867 0.896154 -1.513793  2.409948 2.41
868 0.896199 -1.497791  2.393989 2.39
869 0.896223 -1.482352  2.378575 2.38
870 0.896226 -1.467931  2.364158 2.36
871 0.896214 -1.454696  2.350910 2.35
872 0.896197 -1.442602  2.338800 2.34
873 0.896189 -1.431553  2.327742 2.33
874 0.896201 -1.421576  2.317777 2.32
875 0.896236 -1.412978  2.309214 2.31
876 0.896290 -1.406390  2.302680 2.30
877 0.896348 -1.402691  2.299039 2.30
878 0.896390 -1.402783  2.299173 2.30
879 0.896398 -1.407298  2.303696 2.30
880 0.896364 -1.416337  2.312701 2.31
881 0.896292 -1.429344  2.325636 2.33
882 0.896198 -1.445182  2.341380 2.34
883 0.896104 -1.462371  2.358475 2.36
884 0.896027 -1.479405  2.375432 2.38
885 0.895979 -1.495025  2.391004 2.39
886 0.895959 -1.508382  2.404341 2.40
887 0.895961 -1.519061  2.415022 2.42
888 0.895975 -1.526995  2.422970 2.42
889 0.895989 -1.532312  2.428301 2.43
890 0.895997 -1.535189  2.431186 2.43
891 0.895998 -1.535750  2.431748 2.43
892 0.895998 -1.534056  2.430054 2.43
893 0.896003 -1.530169  2.426171 2.43
894 0.896022 -1.524256  2.420278 2.42
895 0.896060 -1.516705  2.412765 2.41
896 0.896116 -1.508180  2.404296 2.40
897 0.896185 -1.499611  2.395796 2.40
898 0.896256 -1.492092  2.388348 2.39
899 0.896317 -1.486726  2.383043 2.38
900 0.896356 -1.484431  2.380787 2.38
901 0.896364 -1.485770  2.382135 2.38
902 0.896341 -1.490829  2.387170 2.39
903 0.896289 -1.499188  2.395477 2.40
904 0.896222 -1.509994  2.406215 2.41
905 0.896153 -1.522137  2.418290 2.42
906 0.896096 -1.534469  2.430565 2.43
907 0.896060 -1.546011  2.442072 2.44
908 0.896049 -1.556095  2.452144 2.45
909 0.896059 -1.564412  2.460471 2.46
910 0.896086 -1.570985  2.467071 2.47
911 0.896125 -1.576101  2.472226 2.47
912 0.896169 -1.580226  2.476395 2.48
913 0.896215 -1.583920  2.480135 2.48
914 0.896257 -1.587769  2.484026 2.48
915 0.896291 -1.592300  2.488591 2.49
916 0.896312 -1.597914  2.494225 2.49
917 0.896316 -1.604806  2.501122 2.50
918 0.902828 -1.614820  2.517648 2.52
919 0.902799 -1.625362  2.528161 2.53
920 0.902757 -1.635870  2.538627 2.54
921 0.902708 -1.645601  2.548308 2.55
922 0.902658 -1.653713  2.556371 2.56
923 0.902614 -1.659372  2.561987 2.56
924 0.902581 -1.661853  2.564434 2.56
925 0.902562 -1.660615  2.563177 2.56
926 0.902559 -1.655361  2.557920 2.56
927 0.902571 -1.646062  2.548634 2.55
928 0.902598 -1.632960  2.535558 2.54
929 0.902640 -1.616559  2.519199 2.52
930 0.902695 -1.597620  2.500315 2.50
931 0.902764 -1.577141  2.479905 2.48
932 0.902844 -1.556338  2.459183 2.46
933 0.902930 -1.536600  2.439530 2.44
934 0.903012 -1.519392  2.422404 2.42
935 0.903079 -1.506105  2.409184 2.41
936 0.903116 -1.497860  2.400976 2.40
937 0.903113 -1.495302  2.398414 2.40
938 0.903067 -1.498442  2.401509 2.40
939 0.902982 -1.506615  2.409597 2.41
940 0.902870 -1.518541  2.421411 2.42
941 0.902745 -1.532506  2.435250 2.44
942 0.902624 -1.546588  2.449212 2.45
943 0.902521 -1.558915  2.461436 2.46
944 0.902446 -1.567883  2.470329 2.47
945 0.902405 -1.572325  2.474730 2.47
946 0.902398 -1.571598  2.473997 2.47
947 0.870898 -1.565628  2.436526 2.44
948 0.870945 -1.554776  2.425721 2.43
949 0.871005 -1.539798  2.410802 2.41
950 0.871068 -1.521673  2.392741 2.39
951 0.871128 -1.501462  2.372591 2.37
952 0.871183 -1.480199  2.351381 2.35
953 0.871231 -1.458835  2.330066 2.33
954 0.871275 -1.438237  2.309512 2.31
955 0.874752 -1.419360  2.294113 2.29
956 0.874786 -1.402647  2.277433 2.28
957 0.874810 -1.388722  2.263532 2.26
958 0.874816 -1.378041  2.252857 2.25
959 0.874796 -1.370773  2.245569 2.25
960 0.874745 -1.366678  2.241423 2.24
961 0.874665 -1.365039  2.239704 2.24
962 0.874564 -1.364697  2.239262 2.24
963 0.874459 -1.364188  2.238647 2.24
964 0.874367 -1.361977  2.236344 2.24
965 0.874303 -1.356731  2.231034 2.23
966 0.874279 -1.347558  2.221837 2.22
967 0.874298 -1.334175  2.208473 2.21
968 0.874359 -1.316979  2.191338 2.19
969 0.874457 -1.297023  2.171480 2.17
970 0.874581 -1.275931  2.150513 2.15
971 0.874721 -1.255743  2.130464 2.13
972 0.874857 -1.238712  2.113569 2.11
973 0.874968 -1.227025  2.101992 2.10
974 0.875025 -1.222432  2.097457 2.10
975 0.875010 -1.225846  2.100855 2.10
976 0.874918 -1.237037  2.111955 2.11
977 0.874769 -1.254591  2.129360 2.13
978 0.874599 -1.276202  2.150801 2.15
979 0.874446 -1.299206  2.173652 2.17
980 0.874337 -1.321155  2.195492 2.20
981 0.874282 -1.340231  2.214514 2.21
982 0.874276 -1.355420  2.229696 2.23
983 0.874303 -1.366452  2.240755 2.24
984 0.874345 -1.373592  2.247937 2.25
985 0.874385 -1.377363  2.251748 2.25
986 0.874418 -1.378315  2.252733 2.25
987 0.874445 -1.376913  2.251358 2.25
988 0.874471 -1.373551  2.248022 2.25
989 0.874496 -1.368603  2.243099 2.24
990 0.874515 -1.362430  2.236945 2.24
991 0.874520 -1.355293  2.229813 2.23
992 0.874512 -1.347275  2.221788 2.22
993 0.874503 -1.338295  2.212797 2.21
994 0.874504 -1.328250  2.202753 2.20
995 0.874523 -1.317200  2.191722 2.19
996 0.874557 -1.305469  2.180026 2.18
997 0.874596 -1.293606  2.168201 2.17
998 0.874628 -1.282233  2.156862 2.16
999 0.874650 -1.271896  2.146546 2.15
1000 0.874666 -1.262992  2.137659 2.14
1001 0.874688 -1.255834  2.130521 2.13
1002 0.874724 -1.250791  2.125515 2.13
1003 0.874779 -1.248431  2.123210 2.12
1004 0.874845 -1.249551  2.124396 2.12
1005 0.874907 -1.255080  2.129987 2.13
1006 0.874948 -1.265852  2.140801 2.14
1007 0.874955 -1.282356  2.157311 2.16
1008 0.874922 -1.304540  2.179462 2.18
1009 0.874854 -1.331754  2.206608 2.21
1010 0.874763 -1.362819  2.237581 2.24
1011 0.874659 -1.396194  2.270853 2.27
1012 0.874554 -1.430163  2.304716 2.30
1013 0.874452 -1.462989  2.337441 2.34
1014 0.826650 -1.492696  2.319346 2.32
1015 0.826570 -1.518748  2.345317 2.35
1016 0.826504 -1.539899  2.366403 2.37
1017 0.826459 -1.555177  2.381636 2.38
1018 0.826443 -1.563981  2.390423 2.39
1019 0.826462 -1.566193  2.392656 2.39
1020 0.826523 -1.562288  2.388810 2.39
1021 0.826619 -1.553372  2.379991 2.38
1022 0.826737 -1.541109  2.367846 2.37
1023 0.826851 -1.527480  2.354332 2.35
1024 0.826933 -1.514405  2.341338 2.34
1025 0.826961 -1.503313  2.330274 2.33
1026 0.826930 -1.494841  2.321771 2.32
1027 0.826851 -1.488749  2.315601 2.32
1028 0.826746 -1.484098  2.310844 2.31
1029 0.826635 -1.479557  2.306192 2.31
1030 0.826539 -1.473745  2.300285 2.30
1031 0.826482 -1.465570  2.292052 2.29
1032 0.813390 -1.452692  2.266081 2.27
1033 0.813495 -1.438509  2.252004 2.25
1034 0.813721 -1.425144  2.238865 2.24
1035 0.814021 -1.416382  2.230403 2.23
1036 0.814277 -1.416893  2.231170 2.23
1037 0.814352 -1.430451  2.244803 2.24
1038 0.814196 -1.457989  2.272185 2.27
1039 0.813884 -1.496897  2.310781 2.31
1040 0.813554 -1.542111  2.355666 2.36
1041 0.799034 -1.588141  2.387175 2.39
1042 0.798900 -1.630516  2.429416 2.43
1043 0.798857 -1.666460  2.465317 2.47
1044 0.842916 -1.694774  2.537690 2.54
1045 0.842964 -1.715060  2.558023 2.56
1046 0.843030 -1.727651  2.570681 2.57
1047 0.843111 -1.733305  2.576416 2.58
1048 0.843208 -1.733124  2.576331 2.58
1049 0.843320 -1.728528  2.571848 2.57
1050 0.843443 -1.721231  2.564674 2.56
1051 0.876516 -1.713185  2.589701 2.59
1052 0.876621 -1.706204  2.582825 2.58
1053 0.876689 -1.701907  2.578596 2.58
1054 0.876704 -1.701341  2.578045 2.58
1055 0.876659 -1.704739  2.581397 2.58
1056 0.876558 -1.711410  2.587968 2.59
1057 0.876417 -1.719808  2.596225 2.60
1058 0.876260 -1.727775  2.604035 2.60
1059 0.876112 -1.732908  2.609021 2.61
1060 0.875994 -1.732941  2.608935 2.61
1061 0.875916 -1.726059  2.601975 2.60
1062 0.875884 -1.711095  2.586979 2.59
1063 0.875897 -1.687620  2.563517 2.56
1064 0.875950 -1.655939  2.531889 2.53
1065 0.876039 -1.617034  2.493073 2.49
1066 0.876153 -1.572464  2.448617 2.45
1067 0.876282 -1.524219  2.400501 2.40
1068 0.876416 -1.474552  2.350968 2.35
1069 0.876545 -1.425789  2.302334 2.30
1070 0.876660 -1.380165  2.256825 2.26
1071 0.876757 -1.339683  2.216440 2.22
1072 0.876828 -1.306000  2.182828 2.18
1073 0.876866 -1.280313  2.157179 2.16
1074 0.876866 -1.263254  2.140120 2.14
1075 0.876829 -1.254824  2.131654 2.13
1076 0.876764 -1.254416  2.131179 2.13
1077 0.876682 -1.260938  2.137621 2.14
1078 0.876600 -1.273025  2.149625 2.15
1079 0.876527 -1.289251  2.165779 2.17
1080 0.876471 -1.308316  2.184787 2.18
1081 0.876432 -1.329143  2.205575 2.21
1082 0.876407 -1.350906  2.227313 2.23
1083 0.876391 -1.372989  2.249380 2.25
1084 0.876377 -1.394916  2.271293 2.27
1085 0.876363 -1.416271  2.292634 2.29
1086 0.876345 -1.436643  2.312988 2.31
1087 0.876324 -1.455589  2.331913 2.33
1088 0.876300 -1.472634  2.348934 2.35
1089 0.876275 -1.487283  2.363558 2.36
1090 0.876251 -1.499046  2.375297 2.38
1091 0.876228 -1.507461  2.383689 2.38
1092 0.876207 -1.512115  2.388322 2.39
1093 0.876190 -1.512661  2.388851 2.39
1094 0.876179 -1.508849  2.385029 2.39
1095 0.876179 -1.500562  2.376742 2.38
1096 0.876195 -1.487882  2.364076 2.36
1097 0.876231 -1.471163  2.347394 2.35
1098 0.876292 -1.451112  2.327404 2.33
1099 0.876374 -1.428819  2.305193 2.31
1100 0.876468 -1.405709  2.282177 2.28
1101 0.876557 -1.383382  2.259939 2.26
1102 0.876621 -1.363355  2.239977 2.24
1103 0.876645 -1.346765  2.223410 2.22
1104 0.876626 -1.334143  2.210769 2.21
1105 0.876573 -1.325367  2.201940 2.20
1106 0.876506 -1.319802  2.196308 2.20
1107 0.876447 -1.316586  2.193033 2.19
1108 0.876409 -1.314933  2.191342 2.19
1109 0.876396 -1.314341  2.190737 2.19
1110 0.876400 -1.314649  2.191048 2.19
1111 0.876410 -1.315947  2.192356 2.19
1112 0.876414 -1.318414  2.194828 2.19
1113 0.876403 -1.322148  2.198551 2.20
1114 0.876370 -1.327022  2.203392 2.20
1115 0.876310 -1.332594  2.208905 2.21
1116 0.876224 -1.338058  2.214282 2.21
1117 0.876119 -1.342256  2.218375 2.22
1118 0.876010 -1.343795  2.219804 2.22
1119 0.875921 -1.341290  2.217211 2.22
1120 0.875883 -1.333728  2.209611 2.21
1121 0.875926 -1.320910  2.196836 2.20
1122 0.876062 -1.303840  2.179901 2.18
1123 0.876279 -1.284887  2.161166 2.16
1124 0.876533 -1.267562  2.144096 2.14
1125 0.876756 -1.255817  2.132572 2.13
1126 0.876879 -1.253018  2.129897 2.13
1127 0.876868 -1.260966  2.137833 2.14
1128 0.876735 -1.279379  2.156115 2.16
1129 0.876534 -1.306090  2.182624 2.18
1130 0.876326 -1.337797  2.214123 2.21
1131 0.876155 -1.370983  2.247138 2.25
1132 0.876036 -1.402604  2.278641 2.28
1133 0.875965 -1.430377  2.306342 2.31
1134 0.875924 -1.452748  2.328672 2.33
1135 0.875901 -1.468707  2.344608 2.34
1136 0.875888 -1.477598  2.353486 2.35
1137 0.875882 -1.479017  2.354900 2.35
1138 0.875890 -1.472795  2.348684 2.35
1139 0.875915 -1.459051  2.334966 2.33
1140 0.875966 -1.438280  2.314246 2.31
1141 0.876046 -1.411431  2.287477 2.29
1142 0.876158 -1.379962  2.256120 2.26
1143 0.876299 -1.345856  2.222155 2.22
1144 0.876462 -1.311558  2.188020 2.19
1145 0.876633 -1.279844  2.156477 2.16
1146 0.876793 -1.253583  2.130376 2.13
1147 0.876919 -1.235421  2.112340 2.11
1148 0.876990 -1.227422  2.104412 2.10
1149 0.876992 -1.230750  2.107742 2.11
1150 0.876921 -1.245443  2.122364 2.12
1151 0.876785 -1.270360  2.147145 2.15
1152 0.876601 -1.303295  2.179897 2.18
1153 0.876396 -1.341273  2.217670 2.22
1154 0.876198 -1.380950  2.257149 2.26
1155 0.876032 -1.419055  2.295086 2.30
1156 0.875912 -1.452775  2.328687 2.33
1157 0.875849 -1.480033  2.355882 2.36
1158 0.875842 -1.499628  2.375470 2.38
1159 0.875886 -1.511258  2.387145 2.39
1160 0.875974 -1.515461  2.391435 2.39
1161 0.876093 -1.513482  2.389576 2.39
1162 0.876231 -1.507104  2.383335 2.38
1163 0.876372 -1.498426  2.374797 2.37
1164 0.876498 -1.489610  2.366107 2.37
1165 0.876592 -1.482606  2.359198 2.36
1166 0.876643 -1.478898  2.355541 2.36
1167 0.876646 -1.479317  2.355963 2.36
1168 0.876607 -1.483974  2.360581 2.36
1169 0.876537 -1.492326  2.368863 2.37
1170 0.876451 -1.503344  2.379796 2.38
1171 0.876366 -1.515754  2.392120 2.39
1172 0.876291 -1.528257  2.404548 2.40
1173 0.876233 -1.539711  2.415944 2.42
1174 0.876195 -1.549231  2.425426 2.43
1175 0.876173 -1.556227  2.432399 2.43
1176 0.968284 -1.546215  2.514499 2.51
1177 0.968378 -1.529618  2.497996 2.50
1178 0.968561 -1.508339  2.476900 2.48
1179 0.968786 -1.485560  2.454346 2.45
1180 0.968972 -1.465001  2.433973 2.43
1181 0.969046 -1.449698  2.418744 2.42
1182 0.968993 -1.440945  2.409939 2.41
1183 0.968863 -1.438080  2.406943 2.41
1184 0.968722 -1.439160  2.407882 2.41
1185 0.968613 -1.441944  2.410556 2.41
1186 0.968546 -1.444559  2.413105 2.41
1187 0.968517 -1.445738  2.414255 2.41
1188 0.968515 -1.444791  2.413306 2.41
1189 0.968530 -1.441493  2.410024 2.41
1190 0.968545 -1.435916  2.404462 2.40
1191 0.968545 -1.428198  2.396742 2.40
1192 0.968521 -1.418323  2.386844 2.39
1193 0.968481 -1.406027  2.374507 2.37
1194 0.968441 -1.390890  2.359332 2.36
1195 0.968422 -1.372578  2.341000 2.34
1196 0.968438 -1.351116  2.319553 2.32
1197 0.968500 -1.327115  2.295615 2.30
1198 0.968617 -1.301923  2.270540 2.27
1199 0.968789 -1.277705  2.246494 2.25
1200 0.969008 -1.257428  2.226436 2.23
1201 0.969241 -1.244656  2.213896 2.21
1202 0.980264 -1.243101  2.223365 2.22
1203 0.980355 -1.255465  2.235820 2.24
1204 0.980303 -1.282984  2.263287 2.26
1205 0.980114 -1.324653  2.304767 2.30
1206 0.979837 -1.377319  2.357156 2.36
1207 0.979543 -1.436420  2.415962 2.42
1208 0.979288 -1.497020  2.476308 2.48
1209 0.979104 -1.554698  2.533801 2.53
1210 0.978994 -1.606050  2.585044 2.59
1211 0.978949 -1.648817  2.627766 2.63
1212 0.978950 -1.681761  2.660711 2.66
1213 0.978981 -1.704439  2.683420 2.68
1214 0.979029 -1.716967  2.695996 2.70
1215 0.979082 -1.719813  2.698895 2.70
1216 0.979135 -1.713641  2.692777 2.69
1217 0.979187 -1.699220  2.678407 2.68
1218 0.979239 -1.677381  2.656619 2.66
1219 0.979296 -1.649042  2.628338 2.63
1220 0.979367 -1.615279  2.594646 2.59
1221 0.979455 -1.577409  2.556864 2.56
1222 0.979561 -1.537045  2.516607 2.52
1223 0.979676 -1.496072  2.475748 2.48
1224 0.979782 -1.456482  2.436264 2.44
1225 0.979860 -1.420113  2.399973 2.40
1226 0.979899 -1.388364  2.368263 2.37
1227 0.979896 -1.362004  2.341900 2.34
1228 0.979862 -1.341150  2.321012 2.32
1229 0.979811 -1.325407  2.305219 2.31
1230 0.979756 -1.314080  2.293837 2.29
1231 0.979704 -1.306362  2.286066 2.29
1232 0.979655 -1.301446  2.281102 2.28
1233 0.979609 -1.298563  2.278173 2.28
1234 1.051964 -1.288265  2.340229 2.34
1235 1.051939 -1.280076  2.332015 2.33
1236 1.051913 -1.273669  2.325583 2.33
1237 1.051888 -1.268715  2.320603 2.32
1238 1.051870 -1.264927  2.316797 2.32
1239 1.051862 -1.262135  2.313998 2.31
1240 1.051870 -1.260361  2.312231 2.31
1241 1.051892 -1.259858  2.311750 2.31
1242 1.051923 -1.261094  2.313017 2.31
1243 1.051954 -1.264656  2.316611 2.32
1244 1.051980 -1.271121  2.323101 2.32
1245 1.051996 -1.280937  2.332933 2.33
1246 1.052002 -1.294362  2.346364 2.35
1247 1.051993 -1.311423  2.363416 2.36
1248 1.051962 -1.331854  2.383816 2.38
1249 1.051903 -1.354993  2.406896 2.41
1250 1.051814 -1.379702  2.431517 2.43
1251 1.051705 -1.404384  2.456089 2.46
1252 1.051590 -1.427122  2.478712 2.48
1253 1.051480 -1.445902  2.497383 2.50
1254 1.051389 -1.458837  2.510226 2.51
1255 1.051323 -1.464360  2.515683 2.52
1256 1.051292 -1.461376  2.512668 2.51
1257 1.051304 -1.449406  2.500710 2.50
1258 1.051366 -1.428708  2.480074 2.48
1259 1.051486 -1.400401  2.451887 2.45
1260 1.051662 -1.366528  2.418190 2.42
1261 1.051875 -1.329988  2.381863 2.38
1262 1.056683 -1.293167  2.349850 2.35
1263 1.056872 -1.260617  2.317489 2.32
1264 1.056983 -1.235348  2.292331 2.29
1265 1.057001 -1.219165  2.276167 2.28
1266 1.056938 -1.212429  2.269367 2.27
1267 1.096414 -1.218421  2.314835 2.31
1268 1.096280 -1.230016  2.326296 2.33
1269 1.096164 -1.245029  2.341192 2.34
1270 1.096073 -1.261494  2.357568 2.36
1271 1.096014 -1.277834  2.373848 2.37
1272 1.095990 -1.292951  2.388941 2.39
1273 1.096007 -1.306321  2.402329 2.40
1274 1.096060 -1.318040  2.414100 2.41
1275 1.096135 -1.328753  2.424888 2.42
1276 1.096208 -1.339430  2.435638 2.44
1277 1.096255 -1.351020  2.447275 2.45
1278 1.096261 -1.364095  2.460357 2.46
1279 1.096226 -1.378636  2.474862 2.47
1280 1.096163 -1.394019  2.490181 2.49
1281 1.096091 -1.409204  2.505295 2.51
1282 1.096033 -1.423040  2.519073 2.52
1283 1.096006 -1.434586  2.530592 2.53
1284 1.096018 -1.443359  2.539377 2.54
1285 1.096065 -1.449453  2.545519 2.55
1286 1.096132 -1.453476  2.549607 2.55
1287 1.096194 -1.456310  2.552504 2.55
1288 1.096227 -1.458764  2.554991 2.55
1289 1.096221 -1.461231  2.557452 2.56
1290 1.096177 -1.463515  2.559692 2.56
1291 1.096110 -1.464871  2.560981 2.56
1292 1.096036 -1.464215  2.560251 2.56
1293 1.095968 -1.460387  2.556354 2.56
1294 1.095910 -1.452348  2.548258 2.55
1295 1.095862 -1.439287  2.535149 2.54
1296 1.095825 -1.420643  2.516467 2.52
1297 1.095803 -1.396142  2.491945 2.49
1298 1.095814 -1.365897  2.461711 2.46
1299 1.095884 -1.330650  2.426534 2.43
1300 1.096041 -1.292146  2.388187 2.39
1301 1.096299 -1.253497  2.349797 2.35
1302 1.096625 -1.219268  2.315893 2.32
1303 1.096925 -1.194868  2.291792 2.29
1304 1.097080 -1.185134  2.282214 2.28
1305 1.077038 -1.194013  2.271050 2.27
1306 1.076773 -1.219312  2.296085 2.30
1307 1.076420 -1.256984  2.333403 2.33
1308 1.076095 -1.301442  2.377538 2.38
1309 1.075869 -1.347317  2.423186 2.42
1310 1.075752 -1.390552  2.466303 2.47
1311 1.075726 -1.428692  2.504418 2.50
1312 1.075764 -1.460683  2.536446 2.54
1313 1.105065 -1.485930  2.590995 2.59
1314 1.105160 -1.505322  2.610482 2.61
1315 1.105251 -1.519850  2.625100 2.63
1316 1.105323 -1.530526  2.635849 2.64
1317 1.105371 -1.538154  2.643526 2.64
1318 1.105399 -1.543227  2.648626 2.65
1319 1.105417 -1.545974  2.651391 2.65
1320 1.105437 -1.546510  2.651947 2.65
1321 1.105465 -1.544983  2.650448 2.65
1322 1.105501 -1.541676  2.647177 2.65
1323 1.105543 -1.537018  2.642561 2.64
1324 1.105583 -1.531530  2.637113 2.64
1325 1.105615 -1.525738  2.631353 2.63
1326 1.105634 -1.520075  2.625710 2.63
1327 1.105638 -1.514807  2.620444 2.62
1328 1.105625 -1.509986  2.615611 2.62
1329 1.105600 -1.505456  2.611056 2.61
1330 1.105567 -1.500890  2.606457 2.61
1331 1.105533 -1.495872  2.601405 2.60
1332 1.105501 -1.489979  2.595480 2.60
1333 1.105473 -1.482844  2.588317 2.59
1334 1.105447 -1.474176  2.579623 2.58
1335 1.105417 -1.463726  2.569143 2.57
1336 1.105378 -1.451215  2.556594 2.56
1337 1.105330 -1.436270  2.541600 2.54
1338 1.111196 -1.418319  2.529515 2.53
1339 1.111157 -1.397004  2.508162 2.51
1340 1.111154 -1.372113  2.483267 2.48
1341 1.111210 -1.344005  2.455215 2.46
1342 1.111339 -1.313943  2.425282 2.43
1343 1.111528 -1.284234  2.395762 2.40
1344 1.111736 -1.258021  2.369757 2.37
1345 1.111896 -1.238607  2.350503 2.35
1346 1.111950 -1.228483  2.340433 2.34
1347 1.111880 -1.228475  2.340355 2.34
1348 1.111716 -1.237481  2.349197 2.35
1349 1.111520 -1.252932  2.364452 2.36
1350 1.111346 -1.271680  2.383027 2.38
1351 1.111227 -1.290847  2.402073 2.40
1352 1.111166 -1.308329  2.419495 2.42
1353 1.111154 -1.322923  2.434077 2.43
1354 1.111170 -1.334182  2.445352 2.45
1355 1.111199 -1.342158  2.453356 2.45
1356 1.111224 -1.347146  2.458371 2.46
1357 1.111239 -1.349476  2.460715 2.46
1358 1.111238 -1.349374  2.460613 2.46
1359 1.111224 -1.346904  2.458128 2.46
1360 1.111204 -1.341984  2.453188 2.45
1361 1.111191 -1.334493  2.445683 2.45
1362 1.111204 -1.324470  2.435673 2.44
1363 1.111259 -1.312364  2.423623 2.42
1364 1.111359 -1.299244  2.410604 2.41
1365 1.111487 -1.286808  2.398295 2.40
1366 1.111601 -1.277079  2.388680 2.39
1367 1.076347 -1.267512  2.343859 2.34
1368 1.076321 -1.263742  2.340064 2.34
1369 1.076215 -1.265333  2.341547 2.34
1370 1.076067 -1.270602  2.346669 2.35
1371 1.075925 -1.277198  2.353123 2.35
1372 1.075821 -1.282802  2.358623 2.36
1373 1.061474 -1.284766  2.346239 2.35
1374 1.061464 -1.283134  2.344599 2.34
1375 1.061487 -1.277624  2.339110 2.34
1376 1.061529 -1.268511  2.330039 2.33
1377 1.061582 -1.256460  2.318042 2.32
1378 1.061644 -1.242400  2.304044 2.30
1379 1.061713 -1.227466  2.289180 2.29
1380 1.061788 -1.212963  2.274751 2.27
1381 1.061865 -1.200322  2.262187 2.26
1382 1.061937 -1.191020  2.252957 2.25
1383 1.064926 -1.187098  2.252024 2.25
1384 1.064977 -1.188967  2.253944 2.25
1385 1.065018 -1.197666  2.262685 2.26
1386 1.065043 -1.214004  2.279048 2.28
1387 1.065034 -1.238432  2.303466 2.30
1388 1.064964 -1.270760  2.335723 2.34
1389 1.064820 -1.309790  2.374610 2.37
1390 1.064619 -1.353152  2.417771 2.42
1391 1.064407 -1.397575  2.461982 2.46
1392 1.064238 -1.439578  2.503815 2.50
1393 1.064146 -1.476265  2.540411 2.54
1394 1.064139 -1.505874  2.570013 2.57
1395 1.064203 -1.527934  2.592137 2.59
1396 1.064313 -1.543093  2.607406 2.61
1397 1.064441 -1.552754  2.617195 2.62
1398 1.064563 -1.558665  2.623228 2.62
1399 1.064662 -1.562556  2.627218 2.63
1400 1.064728 -1.565861  2.630588 2.63
1401 1.064757 -1.569543  2.634300 2.63
1402 1.064754 -1.574041  2.638794 2.64
1403 1.064730 -1.579321  2.644050 2.64
1404 1.064695 -1.585023  2.649718 2.65
1405 1.067706 -1.590741  2.658447 2.66
1406 1.033272 -1.598148  2.631420 2.63
1407 1.033219 -1.604449  2.637668 2.64
1408 1.033153 -1.608799  2.641952 2.64
1409 1.033079 -1.610179  2.643259 2.64
1410 1.033010 -1.607490  2.640500 2.64
1411 1.032963 -1.599743  2.632706 2.63
1412 1.032950 -1.586310  2.619260 2.62
1413 1.032978 -1.567114  2.600092 2.60
1414 1.033045 -1.542722  2.575767 2.58
1415 1.033139 -1.514299  2.547438 2.55
1416 1.033249 -1.483456  2.516704 2.52
1417 1.033361 -1.452043  2.485404 2.49
1418 1.033468 -1.421962  2.455430 2.46
1419 1.033567 -1.395033  2.428600 2.43
1420 1.033652 -1.372917  2.406570 2.41
1421 1.033717 -1.357037  2.390754 2.39
1422 1.033751 -1.348456  2.382207 2.38
1423 1.033742 -1.347711  2.381453 2.38
1424 1.033684 -1.354652  2.388336 2.39
1425 1.033579 -1.368361  2.401940 2.40
1426 1.033439 -1.387204  2.420644 2.42
1427 1.033280 -1.409011  2.442291 2.44
1428 1.033120 -1.431329  2.464449 2.46
1429 1.032974 -1.451705  2.484679 2.48
1430 1.032859 -1.467956  2.500815 2.50
1431 1.032792 -1.478429  2.511221 2.51
1432 1.032789 -1.482261  2.515050 2.52
1433 1.032863 -1.479622  2.512485 2.51
1434 1.033015 -1.471887  2.504901 2.50
1435 1.033217 -1.461582  2.494799 2.49
1436 1.033412 -1.451951  2.485363 2.49
1437 1.033525 -1.446058  2.479583 2.48
1438 1.033504 -1.445702  2.479206 2.48
1439 1.033355 -1.450668  2.484023 2.48
1440 1.033139 -1.458807  2.491946 2.49
1441 1.032938 -1.466930  2.499868 2.50
1442 1.032813 -1.472005  2.504818 2.50
1443 1.032788 -1.472085  2.504873 2.50
1444 1.032858 -1.466710  2.499568 2.50
1445 1.033001 -1.456866  2.489867 2.49
1446 1.033189 -1.444669  2.477858 2.48
1447 1.033387 -1.432924  2.466311 2.47
1448 1.033556 -1.424584  2.458140 2.46
1449 1.033656 -1.422137  2.455793 2.46
1450 1.033659 -1.427001  2.460660 2.46
1451 1.033561 -1.439111  2.472672 2.47
1452 1.033386 -1.456870  2.490256 2.49
1453 1.033179 -1.477512  2.510691 2.51
1454 1.032987 -1.497765  2.530752 2.53
1455 1.032849 -1.514565  2.547414 2.55
1456 1.032788 -1.525651  2.558439 2.56
1457 1.032811 -1.529921  2.562732 2.56
1458 1.032910 -1.527550  2.560460 2.56
1459 1.033067 -1.519883  2.552950 2.55
1460 1.033250 -1.509138  2.542389 2.54
1461 1.033424 -1.497947  2.531370 2.53
1462 1.036816 -1.488950  2.525766 2.53
1463 1.036880 -1.483897  2.520777 2.52
1464 1.036874 -1.483659  2.520533 2.52
1465 1.036814 -1.488076  2.524890 2.52
1466 1.036724 -1.496162  2.532886 2.53
1467 1.036626 -1.506449  2.543075 2.54
1468 1.036538 -1.517336  2.553874 2.55
1469 1.036466 -1.527343  2.563809 2.56
1470 1.036413 -1.535240  2.571653 2.57
1471 1.036375 -1.540086  2.576461 2.58
1472 1.036349 -1.541201  2.577551 2.58
1473 1.036334 -1.538139  2.574474 2.57
1474 1.036330 -1.530660  2.566990 2.57
1475 1.036337 -1.518728  2.555065 2.56
1476 1.036357 -1.502534  2.538891 2.54
1477 1.036393 -1.482520  2.518914 2.52
1478 1.036444 -1.459400  2.495844 2.50
1479 1.036507 -1.434141  2.470648 2.47
1480 1.036574 -1.407909  2.444483 2.44
1481 1.036633 -1.381939  2.418573 2.42
1482 1.036673 -1.357366  2.394040 2.39
1483 1.036685 -1.335039  2.371724 2.37
1484 1.036668 -1.315390  2.352059 2.35
1485 1.036633 -1.298432  2.335065 2.34
1486 1.036597 -1.283905  2.320503 2.32
1487 1.036583 -1.271548  2.308131 2.31
1488 1.036607 -1.261406  2.298013 2.30
1489 1.036678 -1.254077  2.290755 2.29
1490 1.036790 -1.250822  2.287612 2.29
1491 1.036915 -1.253427  2.290343 2.29
1492 1.037010 -1.263781  2.300791 2.30
1493 1.037027 -1.283201  2.320228 2.32
1494 1.036948 -1.311770  2.348717 2.35
1495 1.036793 -1.348058  2.384851 2.38
1496 1.036611 -1.389423  2.426034 2.43
1497 1.036451 -1.432730  2.469181 2.47
1498 1.036341 -1.475093  2.511434 2.51
1499 1.036284 -1.514325  2.550609 2.55
1500 1.036270 -1.549038  2.585308 2.59
1501 1.036283 -1.578520  2.614803 2.61
1502 1.036311 -1.602545  2.638857 2.64
1503 1.036348 -1.621199  2.657548 2.66
1504 1.036389 -1.634770  2.671159 2.67
1505 1.036432 -1.643678  2.680109 2.68
1506 1.036473 -1.648428  2.684901 2.68
1507 1.036511 -1.649569  2.686080 2.69
1508 1.036542 -1.647640  2.684182 2.68
1509 1.036563 -1.643120  2.679682 2.68
1510 1.036572 -1.636377  2.672949 2.67
1511 1.036572 -1.627655  2.664227 2.66
1512 1.036565 -1.617084  2.653649 2.65
1513 1.036556 -1.604726  2.641283 2.64
1514 1.036551 -1.590647  2.627198 2.63
1515 1.036554 -1.574983  2.611537 2.61
1516 1.036566 -1.557996  2.594562 2.59
1517 1.036585 -1.540084  2.576670 2.58
1518 1.036608 -1.521761  2.558368 2.56
1519 1.036627 -1.503578  2.540205 2.54
1520 1.036636 -1.486040  2.522676 2.52
1521 1.036631 -1.469492  2.506123 2.51
1522 1.036608 -1.454052  2.490660 2.49
1523 1.036571 -1.439575  2.476146 2.48
1524 1.036527 -1.425693  2.462219 2.46
1525 1.036483 -1.411910  2.448393 2.45
1526 1.036449 -1.397729  2.434178 2.43
1527 1.036429 -1.382764  2.419193 2.42
1528 1.036422 -1.366813  2.403235 2.40
1529 1.036425 -1.349855  2.386280 2.39
1530 1.036434 -1.332004  2.368438 2.37
1531 1.036446 -1.313454  2.349900 2.35
1532 1.036463 -1.294448  2.330911 2.33
1533 1.036490 -1.275304  2.311794 2.31
1534 1.036528 -1.256469  2.292997 2.29
1535 1.036573 -1.238542  2.275115 2.28
1536 1.036618 -1.222215  2.258833 2.26
1537 1.036653 -1.208160  2.244813 2.24
1538 1.036674 -1.196892  2.233567 2.23
1539 1.036687 -1.188722  2.225409 2.23
1540 1.036700 -1.183818  2.220517 2.22
1541 1.036719 -1.182325  2.219045 2.22
1542 1.036747 -1.184471  2.221217 2.22
1543 1.036775 -1.190569  2.227344 2.23
1544 1.036796 -1.200938  2.237734 2.24
1545 1.036802 -1.215771  2.252573 2.25
1546 1.036789 -1.235026  2.271814 2.27
1547 1.036758 -1.258365  2.295123 2.30
1548 1.036712 -1.285171  2.321883 2.32
1549 1.036655 -1.314583  2.351238 2.35
1550 1.036589 -1.345548  2.382136 2.38
1551 1.036514 -1.376853  2.413367 2.41
1552 1.036434 -1.407166  2.443600 2.44
1553 1.036356 -1.435094  2.471450 2.47
1554 1.036287 -1.459292  2.495579 2.50
1555 1.036237 -1.478592  2.514829 2.51
1556 1.036210 -1.492140  2.528350 2.53
1557 1.036211 -1.499497  2.535708 2.54
1558 1.036240 -1.500701  2.536941 2.54
1559 1.036290 -1.496259  2.532549 2.53
1560 1.036351 -1.487063  2.523414 2.52
1561 1.036411 -1.474246  2.510658 2.51
1562 1.036462 -1.459006  2.495467 2.50
1563 1.036504 -1.442477  2.478981 2.48
1564 1.036557 -1.425768  2.462325 2.46
1565 1.036651 -1.410205  2.446856 2.45
1566 1.036814 -1.397752  2.434566 2.43
1567 1.037033 -1.391309  2.428342 2.43
1568 1.037232 -1.394428  2.431659 2.43
1569 1.037289 -1.410112  2.447401 2.45
1570 1.037129 -1.439085  2.476213 2.48
1571 1.036787 -1.478715  2.515503 2.52
1572 0.990879 -1.520449  2.511329 2.51
1573 1.001217 -1.561497  2.562714 2.56
1574 1.001034 -1.596381  2.597415 2.60
1575 1.000982 -1.621716  2.622698 2.62
1576 1.001028 -1.636149  2.637176 2.64
1577 1.001137 -1.639945  2.641082 2.64
1578 1.001281 -1.634502  2.635783 2.64
1579 1.001436 -1.621901  2.623337 2.62
1580 1.001576 -1.604502  2.606078 2.61
1581 1.001682 -1.584554  2.586236 2.59
1582 1.001751 -1.563894  2.565645 2.57
1583 1.001800 -1.543872  2.545672 2.55
1584 1.001857 -1.525562  2.527419 2.53
1585 1.001934 -1.510111  2.512045 2.51
1586 1.002010 -1.498875  2.500886 2.50
1587 1.002039 -1.493087  2.495126 2.50
1588 1.001982 -1.493172  2.495154 2.50
1589 1.001847 -1.498242  2.500089 2.50
1590 1.001682 -1.506212  2.507894 2.51
1591 1.001539 -1.514476  2.516015 2.52
1592 1.001446 -1.520686  2.522132 2.52
1593 1.001403 -1.523202  2.524605 2.52
1594 1.001395 -1.521146  2.522542 2.52
1595 1.001409 -1.514233  2.515642 2.52
1596 1.001437 -1.502574  2.504010 2.50
1597 1.001475 -1.486558  2.488033 2.49
1598 1.001528 -1.466825  2.468353 2.47
1599 1.001597 -1.444276  2.445873 2.45
1600 1.001684 -1.420101  2.421784 2.42
1601 1.001786 -1.395776  2.397562 2.40
1602 1.001896 -1.373015  2.374911 2.37
1603 1.001998 -1.353626  2.355624 2.36
1604 1.002071 -1.339258  2.341329 2.34
1605 1.002091 -1.331059  2.333150 2.33
1606 1.002047 -1.329338  2.331385 2.33
1607 1.001946 -1.333403  2.335349 2.34
1608 1.001813 -1.341672  2.343486 2.34
1609 1.009819 -1.352738  2.362556 2.36
1610 1.009710 -1.363638  2.373348 2.37
1611 1.009644 -1.372576  2.382220 2.38
1612 0.965860 -1.385539  2.351400 2.35
1613 0.965910 -1.394426  2.360336 2.36
1614 0.965995 -1.399770  2.365766 2.37
1615 0.966100 -1.402684  2.368784 2.37
1616 0.966207 -1.404615  2.370822 2.37
1617 0.966298 -1.407079  2.373377 2.37
1618 0.977111 -1.410742  2.387854 2.39
1619 0.977128 -1.417036  2.394163 2.39
1620 0.977095 -1.426181  2.403276 2.40
1621 0.977020 -1.437678  2.414697 2.41
1622 0.976918 -1.450402  2.427321 2.43
1623 0.976814 -1.462850  2.439664 2.44
1624 0.976731 -1.473479  2.450210 2.45
1625 0.976687 -1.481063  2.457750 2.46
1626 0.976691 -1.484962  2.461654 2.46
1627 0.970432 -1.486750  2.457182 2.46
1628 0.970504 -1.485797  2.456301 2.46
1629 0.970585 -1.483195  2.453780 2.45
1630 0.970650 -1.480162  2.450813 2.45
1631 0.970682 -1.477695  2.448377 2.45
1632 0.970673 -1.476295  2.446968 2.45
1633 0.970628 -1.475854  2.446482 2.45
1634 0.970559 -1.475718  2.446277 2.45
1635 0.970484 -1.474886  2.445369 2.45
1636 0.970420 -1.472265  2.442684 2.44
1637 0.970381 -1.466940  2.437321 2.44
1638 0.970379 -1.458401  2.428780 2.43
1639 0.970418 -1.446710  2.417128 2.42
1640 0.970497 -1.432582  2.403079 2.40
1641 0.970599 -1.417327  2.387926 2.39
1642 0.970702 -1.402623  2.373326 2.37
1643 0.970780 -1.390153  2.360933 2.36
1644 0.970816 -1.381213  2.352028 2.35
1645 0.970811 -1.376467  2.347278 2.35
1646 0.970779 -1.375943  2.346722 2.35
1647 0.970730 -1.379197  2.349928 2.35
1648 0.970668 -1.385479  2.356147 2.36
1649 0.970592 -1.393788  2.364380 2.36
1650 0.970509 -1.402894  2.373403 2.37
1651 0.970437 -1.411449  2.381886 2.38
1652 0.970397 -1.418265  2.388662 2.39
1653 0.970403 -1.422627  2.393030 2.39
1654 0.970450 -1.424483  2.394932 2.39
1655 0.970519 -1.424390  2.394909 2.39
1656 0.970587 -1.423256  2.393843 2.39
1657 0.970633 -1.421990  2.392623 2.39
1658 0.970644 -1.421198  2.391842 2.39
1659 0.951384 -1.421223  2.372607 2.37
1660 0.951336 -1.421566  2.372902 2.37
1661 0.951276 -1.421553  2.372829 2.37
1662 0.951218 -1.420357  2.371575 2.37
1663 0.951174 -1.417207  2.368381 2.37
1664 0.951155 -1.411573  2.362728 2.36
1665 0.951166 -1.403309  2.354475 2.35
1666 0.951209 -1.392741  2.343950 2.34
1667 0.951280 -1.380678  2.331957 2.33
1668 0.951366 -1.368328  2.319695 2.32
1669 1.012233 -1.355278  2.367511 2.37
1670 1.012304 -1.344182  2.356485 2.36
1671 1.012346 -1.336215  2.348561 2.35
1672 1.012356 -1.332107  2.344463 2.34
1673 1.012339 -1.332077  2.344416 2.34
1674 1.012305 -1.335908  2.348213 2.35
1675 1.012267 -1.343109  2.355376 2.36
1676 1.012232 -1.353084  2.365316 2.37
1677 1.012201 -1.365237  2.377438 2.38
1678 1.012171 -1.379006  2.391177 2.39
1679 1.012142 -1.393841  2.405982 2.41
1680 1.012112 -1.409184  2.421296 2.42
1681 1.012086 -1.424477  2.436563 2.44
1682 1.012065 -1.439203  2.451269 2.45
1683 1.012056 -1.452944  2.464999 2.46
1684 1.012058 -1.465434  2.477492 2.48
1685 1.012073 -1.476591  2.488664 2.49
1686 1.012097 -1.486514  2.498611 2.50
1687 1.012127 -1.495448  2.507576 2.51
1688 1.012157 -1.503721  2.515877 2.52
1689 1.012179 -1.511651  2.523830 2.52
1690 1.012187 -1.519453  2.531640 2.53
1691 1.012178 -1.527142  2.539319 2.54
1692 1.012149 -1.534479  2.546628 2.55
1693 1.012105 -1.540966  2.553071 2.55
1694 1.012051 -1.545891  2.557943 2.56
1695 1.011996 -1.548430  2.560426 2.56
1696 1.025918 -1.546842  2.572759 2.57
1697 1.025890 -1.541546  2.567436 2.57
1698 1.025887 -1.532232  2.558119 2.56
1699 1.025912 -1.518985  2.544897 2.54
1700 1.025966 -1.502348  2.528314 2.53
1701 1.026045 -1.483314  2.509359 2.51
1702 1.026138 -1.463249  2.489387 2.49
1703 1.026234 -1.443737  2.469972 2.47
1704 1.026319 -1.426387  2.452706 2.45
1705 1.026379 -1.412613  2.438992 2.44
1706 1.026404 -1.403432  2.429835 2.43
1707 1.026387 -1.399299  2.425686 2.43
1708 1.026331 -1.400031  2.426362 2.43
1709 1.026244 -1.404832  2.431076 2.43
1710 1.026138 -1.412419  2.438557 2.44
1711 1.026025 -1.421207  2.447232 2.45
1712 1.025914 -1.429500  2.455413 2.46
1713 1.025810 -1.435642  2.461452 2.46
1714 1.025717 -1.438121  2.463837 2.46
1715 1.025632 -1.435606  2.461238 2.46
1716 1.025557 -1.426972  2.452528 2.45
1717 1.025495 -1.411320  2.436815 2.44
1718 1.025458 -1.388067  2.413525 2.41
1719 1.025467 -1.357125  2.382592 2.38
1720 1.025551 -1.319218  2.344768 2.34
1721 1.025737 -1.276279  2.302016 2.30
1722 1.026033 -1.231799  2.257832 2.26
1723 1.026400 -1.190832  2.217232 2.22
1724 1.026748 -1.159339  2.186087 2.19
1725 1.026964 -1.142810  2.169774 2.17
1726 1.026967 -1.144585  2.171552 2.17
1727 1.026756 -1.164677  2.191433 2.19
1728 1.026406 -1.199755  2.226161 2.23
1729 1.026024 -1.244233  2.270257 2.27
1730 1.032265 -1.291534  2.323798 2.32
1731 1.032048 -1.336539  2.368586 2.37
1732 1.031947 -1.375296  2.407243 2.41
1733 1.031950 -1.405640  2.437590 2.44
1734 1.032033 -1.427057  2.459090 2.46
1735 1.032166 -1.440353  2.472519 2.47
1736 1.032311 -1.447190  2.479501 2.48
1737 1.032431 -1.449517  2.481948 2.48
1738 1.032494 -1.448970  2.481464 2.48
1739 1.032496 -1.446410  2.478907 2.48
1740 1.032461 -1.441844  2.474306 2.47
1741 1.032428 -1.434743  2.467171 2.47
1742 1.032431 -1.424599  2.457030 2.46
1743 1.032485 -1.411428  2.443913 2.44
1744 1.032585 -1.395998  2.428583 2.43
1745 1.032711 -1.379755  2.412465 2.41
1746 1.032834 -1.364527  2.397361 2.40
1747 1.032932 -1.352129  2.385061 2.39
1748 1.032985 -1.343995  2.376980 2.38
1749 1.032990 -1.340910  2.373900 2.37
1750 1.032950 -1.342919  2.375869 2.38
1751 1.032881 -1.349401  2.382282 2.38
1752 1.032800 -1.359275  2.392076 2.39
1753 1.032724 -1.371258  2.403981 2.40
1754 1.032661 -1.384099  2.416760 2.42
1755 1.032618 -1.396748  2.429365 2.43
1756 1.032594 -1.408430  2.441024 2.44
1757 1.032586 -1.418662  2.451248 2.45
1758 1.032590 -1.427204  2.459795 2.46
1759 1.032602 -1.434012  2.466614 2.47
1760 1.013189 -1.437872  2.451062 2.45
1761 1.013214 -1.440355  2.453569 2.45
1762 1.013245 -1.441759  2.455003 2.46
1763 1.013283 -1.442484  2.455767 2.46
1764 1.013326 -1.443039  2.456366 2.46
1765 1.013369 -1.444004  2.457373 2.46
1766 1.013404 -1.445950  2.459354 2.46
1767 1.013423 -1.449328  2.462751 2.46
1768 1.013420 -1.454353  2.467773 2.47
1769 1.013391 -1.460919  2.474309 2.47
1770 1.013336 -1.468555  2.481890 2.48
1771 1.013257 -1.476437  2.489694 2.49
1772 1.013159 -1.483430  2.496589 2.50
1773 1.013046 -1.488158  2.501204 2.50
1774 1.012926 -1.489099  2.502025 2.50
1775 1.012811 -1.484721  2.497533 2.50
1776 1.012722 -1.473691  2.486413 2.49
1777 1.012684 -1.455171  2.467855 2.47
1778 1.012727 -1.429209  2.441935 2.44
1779 1.012865 -1.397122  2.409987 2.41
1780 1.013084 -1.361671  2.374754 2.37
1781 1.013324 -1.326754  2.340078 2.34
1782 1.013503 -1.296500  2.310003 2.31
1783 1.013560 -1.274028  2.287588 2.29
1784 1.013500 -1.260577  2.274077 2.27
1785 1.013389 -1.255553  2.268943 2.27
1786 1.013305 -1.257462  2.270766 2.27
1787 1.013285 -1.265005  2.278290 2.28
1788 1.013316 -1.277682  2.290998 2.29
1789 1.013351 -1.295637  2.308988 2.31
1790 1.013341 -1.319022  2.332363 2.33
1791 1.013268 -1.347342  2.360610 2.36
1792 1.013149 -1.379189  2.392337 2.39
1793 1.013024 -1.412484  2.425508 2.43
1794 1.012935 -1.445064  2.458000 2.46
1795 1.012909 -1.475291  2.488200 2.49
1796 1.012945 -1.502428  2.515374 2.52
1797 1.013024 -1.526658  2.539682 2.54
1798 1.013115 -1.548804  2.561919 2.56
1799 1.013193 -1.569899  2.583092 2.58
1800 1.013241 -1.590804  2.604045 2.60
1801 1.013256 -1.611967  2.625223 2.63
1802 1.013242 -1.633362  2.646605 2.65
1803 1.013204 -1.654541  2.667745 2.67
1804 1.013146 -1.674696  2.687842 2.69
1805 1.013071 -1.692731  2.705802 2.71
1806 1.012988 -1.707342  2.720329 2.72
1807 1.054296 -1.716600  2.770896 2.77
1808 1.054228 -1.719808  2.774036 2.77
1809 1.054186 -1.715925  2.770111 2.77
1810 1.054176 -1.704347  2.758523 2.76
1811 1.054200 -1.685011  2.739211 2.74
1812 1.054256 -1.658431  2.712687 2.71
1813 1.054335 -1.625647  2.679982 2.68
1814 1.054426 -1.588098  2.642524 2.64
1815 1.054518 -1.547443  2.601961 2.60
1816 1.054606 -1.505392  2.559998 2.56
1817 1.054694 -1.463624  2.518318 2.52
1818 1.054790 -1.423812  2.478602 2.48
1819 1.054898 -1.387713  2.442611 2.44
1820 1.055008 -1.357192  2.412200 2.41
1821 1.055098 -1.334064  2.389162 2.39
1822 1.055139 -1.319741  2.374881 2.37
1823 1.055115 -1.314824  2.369940 2.37
1824 1.055032 -1.318874  2.373906 2.37
1825 1.054911 -1.330501  2.385412 2.39
1826 1.054780 -1.347700  2.402481 2.40
1827 1.054658 -1.368261  2.422919 2.42
1828 1.054551 -1.390070  2.444621 2.44
1829 1.054462 -1.411259  2.465721 2.47
1830 1.054385 -1.430243  2.484628 2.48
1831 1.054318 -1.445684  2.500002 2.50
1832 1.054258 -1.456461  2.510720 2.51
1833 1.054211 -1.461661  2.515871 2.52
1834 1.054185 -1.460640  2.514825 2.51
1835 1.054197 -1.453178  2.507376 2.51
1836 1.054265 -1.439708  2.493973 2.49
1837 1.073256 -1.421767  2.495023 2.50
1838 1.087648 -1.400786  2.488434 2.49
1839 1.087812 -1.380138  2.467949 2.47
1840 1.087898 -1.362433  2.450331 2.45
1841 1.087863 -1.349090  2.436953 2.44
1842 1.087719 -1.339727  2.427446 2.43
1843 1.087528 -1.332352  2.419879 2.42
1844 1.087361 -1.324238  2.411598 2.41
1845 1.087269 -1.312993  2.400261 2.40
1846 1.087271 -1.297334  2.384605 2.38
1847 1.087358 -1.277396  2.364754 2.36
1848 1.087505 -1.254627  2.342132 2.34
1849 1.087679 -1.231404  2.319082 2.32
1850 1.087850 -1.210536  2.298386 2.30
1851 1.087999 -1.194797  2.282796 2.28
1852 1.088116 -1.186600  2.274716 2.27
1853 1.088192 -1.187809  2.276001 2.28
1854 1.088208 -1.199551  2.287759 2.29
1855 1.088145 -1.221941  2.310087 2.31
1856 1.088001 -1.253824  2.341825 2.34
1857 1.087798 -1.292758  2.380556 2.38
1858 1.087580 -1.335373  2.422953 2.42
1859 1.087390 -1.378016  2.465407 2.47
1860 1.087258 -1.417427  2.504685 2.50
1861 1.087192 -1.451194  2.538386 2.54
1862 1.087183 -1.477922  2.565105 2.57
1863 1.087214 -1.497138  2.584352 2.58
1864 1.087267 -1.509063  2.596329 2.60
1865 1.087328 -1.514353  2.601680 2.60
1866 1.087392 -1.513908  2.601300 2.60
1867 1.087461 -1.508786  2.596247 2.60
1868 1.087545 -1.500219  2.587764 2.59
1869 1.087651 -1.489715  2.577367 2.58
1870 1.087779 -1.479135  2.566915 2.57
1871 1.087913 -1.470642  2.558555 2.56
1872 1.088014 -1.466405  2.554419 2.55
1873 1.088037 -1.468025  2.556062 2.56
1874 1.087952 -1.475856  2.563808 2.56
1875 1.087768 -1.488587  2.576355 2.58
1876 1.087534 -1.503387  2.590921 2.59
1877 1.087313 -1.516630  2.603943 2.60
1878 1.087154 -1.524832  2.611986 2.61
1879 1.087081 -1.525408  2.612489 2.61
1880 1.087093 -1.517062  2.604155 2.60
1881 1.087180 -1.499834  2.587014 2.59
1882 1.087325 -1.474955  2.562280 2.56
1883 1.087509 -1.444596  2.532104 2.53
1884 1.087707 -1.411557  2.499264 2.50
1885 1.087894 -1.378899  2.466793 2.47
1886 1.088045 -1.349536  2.437580 2.44
1887 1.088140 -1.325845  2.413986 2.41
1888 1.088172 -1.309377  2.397549 2.40
1889 1.088144 -1.300712  2.388856 2.39
1890 1.088067 -1.299503  2.387569 2.39
1891 1.087958 -1.304645  2.392603 2.39
1892 1.087834 -1.314529  2.402363 2.40
1893 1.087710 -1.327299  2.415009 2.42
1894 1.087597 -1.341084  2.428681 2.43
1895 1.087501 -1.354171  2.441672 2.44
1896 1.087428 -1.365128  2.452556 2.45
1897 1.087380 -1.372887  2.460267 2.46
1898 1.087358 -1.376788  2.464146 2.46
1899 1.087359 -1.376599  2.463958 2.46
1900 1.087378 -1.372477  2.459855 2.46
1901 1.087406 -1.364881  2.452287 2.45
1902 1.087437 -1.354451  2.441888 2.44
1903 1.087472 -1.341919  2.429391 2.43
1904 1.087523 -1.328122  2.415645 2.42
1905 1.087604 -1.314141  2.401745 2.40
1906 1.087720 -1.301479  2.389199 2.39
1907 1.087856 -1.292101  2.379957 2.38
1908 1.087975 -1.288188  2.376163 2.38
1909 1.088031 -1.291584  2.379615 2.38
1910 1.087995 -1.303132  2.391127 2.39
1911 1.087868 -1.322245  2.410113 2.41
1912 1.087689 -1.346961  2.434650 2.43
1913 1.043398 -1.373463  2.416861 2.42
1914 1.043263 -1.400145  2.443407 2.44
1915 1.043198 -1.424786  2.467984 2.47
1916 1.043206 -1.446207  2.489413 2.49
1917 1.043265 -1.464298  2.507563 2.51
1918 1.043346 -1.479740  2.523086 2.52
1919 1.043417 -1.493557  2.536974 2.54
1920 1.043456 -1.506652  2.550108 2.55
1921 1.043454 -1.519468  2.562922 2.56
1922 1.043416 -1.531852  2.575268 2.58
1923 1.043357 -1.543116  2.586472 2.59
1924 1.043294 -1.552244  2.595538 2.60
1925 1.043244 -1.558159  2.601403 2.60
1926 1.043221 -1.559977  2.603199 2.60
1927 1.043232 -1.557217  2.600449 2.60
1928 1.043277 -1.549911  2.593188 2.59
1929 1.043350 -1.538614  2.581964 2.58
1930 1.043440 -1.524322  2.567762 2.57
1931 1.043534 -1.508304  2.551838 2.55
1932 1.043619 -1.491910  2.535528 2.54
1933 1.043684 -1.476375  2.520059 2.52
1934 1.043724 -1.462669  2.506393 2.51
1935 1.043735 -1.451399  2.495134 2.50
1936 1.043718 -1.442772  2.486491 2.49
1937 1.043677 -1.436609  2.480286 2.48
1938 1.043616 -1.432394  2.476011 2.48
1939 1.043543 -1.429366  2.472909 2.47
1940 1.043469 -1.426631  2.470100 2.47
1941 1.043410 -1.423345  2.466755 2.47
1942 1.043385 -1.418941  2.462326 2.46
1943 1.043413 -1.413412  2.456825 2.46
1944 1.043496 -1.407532  2.451028 2.45
1945 1.043609 -1.402853  2.446461 2.45
1946 1.043696 -1.401275  2.444971 2.44
1947 1.043700 -1.404228  2.447928 2.45
1948 1.043601 -1.411841  2.455441 2.46
1949 1.043435 -1.422656  2.466090 2.47
1950 1.043272 -1.434158  2.477430 2.48
1951 1.043172 -1.443783  2.486956 2.49
1952 1.043159 -1.449816  2.492975 2.49
1953 1.043222 -1.451773  2.494995 2.49
1954 1.043331 -1.450296  2.493627 2.49
1955 1.043459 -1.446766  2.490224 2.49
1956 1.043582 -1.442887  2.486469 2.49
1957 1.043689 -1.440354  2.484043 2.48
1958 1.043770 -1.440636  2.484407 2.48
1959 1.043822 -1.444841  2.488664 2.49
1960 1.043842 -1.453634  2.497476 2.50
1961 1.043829 -1.467180  2.511009 2.51
1962 1.043784 -1.485130  2.528914 2.53
1963 1.043712 -1.506643  2.550355 2.55
1964 1.043623 -1.530466  2.574089 2.57
1965 1.043527 -1.555069  2.598596 2.60
1966 1.043433 -1.578808  2.622240 2.62
1967 1.043348 -1.600079  2.643427 2.64
1968 1.043276 -1.617441  2.660717 2.66
1969 1.043218 -1.629688  2.672906 2.67
1970 1.043175 -1.635882  2.679056 2.68
1971 1.043147 -1.635376  2.678523 2.68
1972 1.043139 -1.627841  2.670980 2.67
1973 1.043152 -1.613309  2.656461 2.66
1974 1.043190 -1.592215  2.635405 2.64
1975 1.043254 -1.565426  2.608680 2.61
1976 1.031547 -1.534102  2.565649 2.57
1977 1.031657 -1.499938  2.531596 2.53
1978 1.031781 -1.464953  2.496733 2.50
1979 1.031906 -1.431347  2.463253 2.46
1980 1.032016 -1.401302  2.433318 2.43
1981 1.032089 -1.376699  2.408788 2.41
1982 1.032111 -1.358813  2.390924 2.39
1983 1.032076 -1.348080  2.380157 2.38
1984 1.031995 -1.344033  2.376028 2.38
1985 1.031887 -1.345441  2.377328 2.38
1986 1.031772 -1.350607  2.382379 2.38
1987 1.031667 -1.357682  2.389349 2.39
1988 1.031582 -1.364926  2.396508 2.40
1989 1.031523 -1.370874  2.402396 2.40
1990 1.031496 -1.374456  2.405952 2.41
1991 1.031504 -1.375095  2.406599 2.41
1992 1.031548 -1.372764  2.404312 2.40
1993 1.031618 -1.367971  2.399590 2.40
1994 1.031701 -1.361641  2.393342 2.39
1995 1.031779 -1.354899  2.386678 2.39
1996 1.031834 -1.348814  2.380648 2.38
1997 1.031856 -1.344141  2.375997 2.38
1998 1.031837 -1.341147  2.372985 2.37
1999 1.031783 -1.339531  2.371314 2.37
