#Step   Etot   PotE Ktot  T
0 0.847464 -2.635581  3.483045 3.48
1 0.849975 -2.628006  3.477981 3.48
2 0.849951 -2.615265  3.465217 3.47
3 0.849915 -2.597092  3.447007 3.45
4 0.849867 -2.573076  3.422942 3.42
5 0.849808 -2.542680  3.392487 3.39
6 0.849740 -2.505258  3.354998 3.35
7 0.849666 -2.460090  3.309756 3.31
8 0.849592 -2.406434  3.256026 3.26
9 0.849527 -2.343615  3.193142 3.19
10 0.849480 -2.271142  3.120623 3.12
11 0.849467 -2.188878  3.038346 3.04
12 0.849503 -2.097239  2.946742 2.95
13 0.849600 -1.997407  2.847008 2.85
14 0.849765 -1.891495  2.741260 2.74
15 0.849987 -1.782592  2.632579 2.63
16 0.850242 -1.674600  2.524843 2.52
17 0.850492 -1.571840  2.422332 2.42
18 0.850696 -1.478466  2.329163 2.33
19 0.850825 -1.397867  2.248691 2.25
20 0.850867 -1.332212  2.183080 2.18
21 2.153315 -1.265628  3.418943 3.42
22 2.153244 -1.211524  3.364768 3.36
23 2.153163 -1.168889  3.322052 3.32
24 2.153089 -1.136478  3.289566 3.29
25 2.153027 -1.113066  3.266094 3.27
26 2.152981 -1.097592  3.250573 3.25
27 2.152944 -1.089190  3.242134 3.24
28 2.152906 -1.087129  3.240035 3.24
29 2.152852 -1.090663  3.243515 3.24
30 2.152774 -1.098845  3.251619 3.25
31 2.152672 -1.110406  3.263078 3.26
32 2.152557 -1.123770  3.276327 3.28
33 2.152448 -1.137222  3.289670 3.29
34 2.152363 -1.149178  3.301541 3.30
35 2.152314 -1.158445  3.310759 3.31
36 2.152305 -1.164400  3.316705 3.32
37 2.152334 -1.167053  3.319387 3.32
38 2.152387 -1.166978  3.319365 3.32
39 2.152446 -1.165120  3.317566 3.32
40 2.152486 -1.162499  3.314986 3.31
41 2.323069 -1.159394  3.482464 3.48
42 2.323023 -1.155657  3.478679 3.48
43 2.322930 -1.150758  3.473688 3.47
44 2.322806 -1.143502  3.466308 3.47
45 2.322676 -1.132266  3.454942 3.45
46 2.322568 -1.115378  3.437945 3.44
47 2.322510 -1.091555  3.414065 3.41
48 2.322523 -1.060327  3.382850 3.38
49 2.322615 -1.022342  3.344957 3.34
50 2.322774 -0.979463  3.302236 3.30
51 2.322969 -0.934577  3.257545 3.26
52 2.323158 -0.891125  3.214284 3.21
53 2.323301 -0.852463  3.175764 3.18
54 2.323371 -0.821243  3.144615 3.14
55 2.323363 -0.799012  3.122376 3.12
56 2.323291 -0.786115  3.109406 3.11
57 2.323183 -0.781887  3.105070 3.11
58 2.323066 -0.785049  3.108115 3.11
59 2.322960 -0.794112  3.117072 3.12
60 2.322866 -0.807646  3.130512 3.13
61 2.677838 -0.823752  3.501590 3.50
62 2.677796 -0.839035  3.516832 3.52
63 2.677823 -0.852952  3.530776 3.53
64 2.677938 -0.865945  3.543883 3.54
65 2.678111 -0.879640  3.557752 3.56
66 2.678261 -0.896383  3.574644 3.57
67 2.678294 -0.918049  3.596343 3.60
68 2.678172 -0.944741  3.622913 3.62
69 2.677932 -0.974252  3.652184 3.65
70 2.677661 -1.002643  3.680304 3.68
71 2.677439 -1.025517  3.702957 3.70
72 2.677311 -1.039249  3.716559 3.72
73 2.677283 -1.041695  3.718978 3.72
74 2.677343 -1.032380  3.709723 3.71
75 2.677469 -1.012326  3.689795 3.69
76 2.677639 -0.983727  3.661366 3.66
77 2.677837 -0.949602  3.627440 3.63
78 2.678041 -0.913469  3.591510 3.59
79 2.678214 -0.878944  3.557158 3.56
80 2.678297 -0.849115  3.527412 3.53
81 2.636387 -0.825960  3.462348 3.46
82 2.636170 -0.808916  3.445086 3.45
83 2.635873 -0.795165  3.431038 3.43
84 2.635616 -0.780709  3.416325 3.42
85 2.635501 -0.762114  3.397615 3.40
86 2.635566 -0.738004  3.373570 3.37
87 2.635790 -0.709670  3.345460 3.35
88 2.636112 -0.680767  3.316880 3.32
89 2.636453 -0.656414  3.292867 3.29
90 2.636717 -0.641953  3.278671 3.28
91 2.636812 -0.641515  3.278327 3.28
92 2.636686 -0.656636  3.293322 3.29
93 2.636379 -0.685570  3.321949 3.32
94 2.636027 -0.723920  3.359947 3.36
95 2.635794 -0.766608  3.402403 3.40
96 2.635770 -0.810192  3.445963 3.45
97 2.635895 -0.854089  3.489984 3.49
98 2.635978 -0.899641  3.535619 3.54
99 2.635848 -0.947429  3.583277 3.58
100 2.635500 -0.994898  3.630398 3.63
101 2.490253 -1.036115  3.526368 3.53
102 2.489918 -1.065931  3.555850 3.56
103 2.489733 -1.078774  3.568508 3.57
104 2.489702 -1.071467  3.561170 3.56
105 2.489813 -1.043451  3.533264 3.53
106 2.490064 -0.996667  3.486731 3.49
107 2.490452 -0.935485  3.425937 3.43
108 2.490942 -0.866528  3.357470 3.36
109 2.491449 -0.798001  3.289450 3.29
110 2.491847 -0.738271  3.230118 3.23
111 2.492037 -0.693955  3.185991 3.19
112 2.492005 -0.668399  3.160404 3.16
113 2.491831 -0.661440  3.153271 3.15
114 2.491625 -0.670502  3.162127 3.16
115 2.491455 -0.692162  3.183616 3.18
116 2.491337 -0.723224  3.214561 3.21
117 2.491258 -0.761079  3.252337 3.25
118 2.491198 -0.803588  3.294786 3.29
119 2.491141 -0.848857  3.339998 3.34
120 2.491082 -0.895068  3.386150 3.39
121 2.590442 -0.940693  3.531136 3.53
122 2.590384 -0.982929  3.573313 3.57
123 2.590323 -1.020121  3.610444 3.61
124 2.590263 -1.050711  3.640974 3.64
125 2.590210 -1.073290  3.663500 3.66
126 2.590175 -1.086719  3.676894 3.68
127 2.590172 -1.090299  3.680471 3.68
128 2.590212 -1.083969  3.674181 3.67
129 2.590299 -1.068451  3.658750 3.66
130 2.590426 -1.045287  3.635713 3.64
131 2.590575 -1.016710  3.607285 3.61
132 2.590722 -0.985336  3.576059 3.58
133 2.590848 -0.953780  3.544628 3.54
134 2.590941 -0.924321  3.515262 3.52
135 2.591000 -0.898709  3.489709 3.49
136 2.591018 -0.878068  3.469085 3.47
137 2.590995 -0.862808  3.453803 3.45
138 2.590945 -0.852633  3.443577 3.44
139 2.590894 -0.846747  3.437641 3.44
140 2.590869 -0.844259  3.435128 3.44
141 2.641316 -0.844386  3.485702 3.49
142 2.641347 -0.846801  3.488148 3.49
143 2.641380 -0.851662  3.493042 3.49
144 2.641400 -0.859187  3.500587 3.50
145 2.641403 -0.869449  3.510851 3.51
146 2.641390 -0.882306  3.523696 3.52
147 2.641362 -0.897403  3.538765 3.54
148 2.641314 -0.914161  3.555474 3.56
149 2.641240 -0.931701  3.572941 3.57
150 2.641146 -0.948794  3.589940 3.59
151 2.641049 -0.963931  3.604980 3.60
152 2.640977 -0.975600  3.616577 3.62
153 2.640950 -0.982673  3.623623 3.62
154 2.640973 -0.984717  3.625689 3.63
155 2.641026 -0.982051  3.623077 3.62
156 2.641080 -0.975494  3.616574 3.62
157 2.641106 -0.965935  3.607041 3.61
158 2.641095 -0.953950  3.595045 3.60
159 2.641055 -0.939650  3.580706 3.58
160 2.641002 -0.922790  3.563792 3.56
161 2.562721 -0.903467  3.466188 3.47
162 2.562660 -0.881363  3.444022 3.44
163 2.562594 -0.856049  3.418644 3.42
164 2.562547 -0.827117  3.389664 3.39
165 2.562560 -0.794503  3.357063 3.36
166 2.562683 -0.759113  3.321796 3.32
167 2.562936 -0.723474  3.286410 3.29
168 2.563288 -0.691982  3.255270 3.26
169 2.563654 -0.670388  3.234042 3.23
170 2.563918 -0.664492  3.228409 3.23
171 2.563972 -0.678385  3.242357 3.24
172 2.563767 -0.712874  3.276641 3.28
173 2.563340 -0.764760  3.328100 3.33
174 2.562801 -0.827383  3.390184 3.39
175 2.562290 -0.892274  3.454564 3.45
176 2.561924 -0.951256  3.513180 3.51
177 2.561770 -0.998262  3.560032 3.56
178 2.561830 -1.030371  3.592201 3.59
179 2.562046 -1.047902  3.609949 3.61
180 2.562319 -1.053595  3.615914 3.62
181 2.432181 -1.051662  3.483843 3.48
182 2.432271 -1.045642  3.477913 3.48
183 2.432241 -1.036868  3.469110 3.47
184 2.432144 -1.025037  3.457181 3.46
185 2.432040 -1.008930  3.440970 3.44
186 2.431972 -0.987310  3.419281 3.42
187 2.431959 -0.959564  3.391523 3.39
188 2.432019 -0.926052  3.358070 3.36
189 2.432173 -0.888349  3.320521 3.32
190 2.432447 -0.849548  3.281994 3.28
191 2.432839 -0.814529  3.247368 3.25
192 2.433284 -0.789783  3.223067 3.22
193 2.433645 -0.782302  3.215947 3.22
194 2.433768 -0.797489  3.231257 3.23
195 2.433587 -0.836946  3.270533 3.27
196 2.433170 -0.897514  3.330684 3.33
197 2.432674 -0.972283  3.404957 3.40
198 2.432243 -1.052875  3.485118 3.49
199 2.431955 -1.131660  3.563615 3.56
200 2.431822 -1.203054  3.634876 3.63
201 2.282499 -1.263050  3.545550 3.55
202 2.282576 -1.312405  3.594981 3.59
203 2.282702 -1.351394  3.634096 3.63
204 2.282840 -1.381222  3.664063 3.66
205 2.282953 -1.403425  3.686378 3.69
206 2.283012 -1.419303  3.702315 3.70
207 2.283011 -1.429509  3.712520 3.71
208 2.282966 -1.433923  3.716890 3.72
209 2.282914 -1.431881  3.714795 3.71
210 2.282896 -1.422682  3.705578 3.71
211 2.282942 -1.406178  3.689121 3.69
212 2.283063 -1.383208  3.666271 3.67
213 2.283238 -1.355708  3.638946 3.64
214 2.283428 -1.326423  3.609851 3.61
215 2.283582 -1.298298  3.581879 3.58
216 2.283657 -1.273723  3.557380 3.56
217 2.283636 -1.253925  3.537561 3.54
218 2.283528 -1.238706  3.522234 3.52
219 2.283360 -1.226584  3.509944 3.51
220 2.283160 -1.215194  3.498354 3.50
221 2.270163 -1.201810  3.471973 3.47
222 2.269958 -1.183615  3.453573 3.45
223 2.269772 -1.158014  3.427786 3.43
224 2.269632 -1.122927  3.392558 3.39
225 2.269584 -1.077236  3.346820 3.35
226 2.269697 -1.021497  3.291195 3.29
227 2.270029 -0.958865  3.228894 3.23
228 2.270564 -0.895766  3.166330 3.17
229 2.271148 -0.841420  3.112568 3.11
230 2.271521 -0.805380  3.076900 3.08
231 2.271494 -0.793717  3.065211 3.07
232 2.271113 -0.806334  3.077447 3.08
233 2.270610 -0.837588  3.108198 3.11
234 2.270198 -0.879546  3.149744 3.15
235 2.269958 -0.925175  3.195133 3.20
236 2.269860 -0.969742  3.239601 3.24
237 2.269836 -1.010583  3.280419 3.28
238 2.269829 -1.046244  3.316073 3.32
239 2.269809 -1.075682  3.345491 3.35
240 2.269772 -1.097828  3.367600 3.37
241 2.387703 -1.111351  3.499053 3.50
242 2.387692 -1.114451  3.502143 3.50
243 2.387733 -1.106673  3.494406 3.49
244 2.387838 -1.088452  3.476290 3.48
245 2.388004 -1.061291  3.449295 3.45
246 2.388208 -1.027667  3.415875 3.42
247 2.388415 -0.990670  3.379085 3.38
248 2.388594 -0.953483  3.342077 3.34
249 2.388723 -0.918879  3.307602 3.31
250 2.388789 -0.888874  3.277663 3.28
251 2.388791 -0.864545  3.253336 3.25
252 2.388734 -0.845998  3.234732 3.23
253 2.388638 -0.832483  3.221122 3.22
254 2.388540 -0.822713  3.211253 3.21
255 2.388486 -0.815420  3.203906 3.20
256 2.388512 -0.810020  3.198532 3.20
257 2.388612 -0.807078  3.195690 3.20
258 2.388729 -0.808174  3.196904 3.20
259 2.388781 -0.815041  3.203821 3.20
260 2.388717 -0.828371  3.217088 3.22
261 2.657042 -0.846941  3.503983 3.50
262 2.656884 -0.866833  3.523717 3.52
263 2.656787 -0.885487  3.542274 3.54
264 2.656765 -0.901160  3.557925 3.56
265 2.656789 -0.913185  3.569974 3.57
266 2.656818 -0.921612  3.578430 3.58
267 2.656829 -0.926659  3.583487 3.58
268 2.656819 -0.928361  3.585180 3.59
269 2.656799 -0.926522  3.583321 3.58
270 2.656781 -0.920845  3.577626 3.58
271 2.656771 -0.911092  3.567864 3.57
272 2.656777 -0.897199  3.553977 3.55
273 2.656808 -0.879373  3.536181 3.54
274 2.656871 -0.858213  3.515084 3.52
275 2.656963 -0.834792  3.491755 3.49
276 2.657069 -0.810601  3.467670 3.47
277 2.657167 -0.787309  3.444475 3.44
278 2.657237 -0.766435  3.423672 3.42
279 2.657269 -0.749071  3.406340 3.41
280 2.657260 -0.735730  3.392990 3.39
281 2.749786 -0.725868  3.475654 3.48
282 2.749699 -0.718656  3.468354 3.47
283 2.749581 -0.712878  3.462459 3.46
284 2.749444 -0.706934  3.456378 3.46
285 2.749305 -0.699019  3.448324 3.45
286 2.749188 -0.687394  3.436582 3.44
287 2.749121 -0.670736  3.419857 3.42
288 2.749133 -0.648557  3.397690 3.40
289 2.749237 -0.621588  3.370825 3.37
290 2.749412 -0.591922  3.341334 3.34
291 2.749604 -0.562688  3.312292 3.31
292 2.749747 -0.537236  3.286983 3.29
293 2.749796 -0.518151  3.267947 3.27
294 2.749766 -0.506636  3.256402 3.26
295 2.749715 -0.502683  3.252398 3.25
296 2.749703 -0.505872  3.255574 3.26
297 2.749735 -0.516151  3.265887 3.27
298 2.749759 -0.533913  3.283672 3.28
299 2.749706 -0.559245  3.308951 3.31
300 2.749556 -0.591002  3.340558 3.34
301 2.894361 -0.626658  3.521019 3.52
302 2.894174 -0.661377  3.555551 3.56
303 2.894044 -0.691874  3.585918 3.59
304 2.893979 -0.715730  3.609709 3.61
305 2.893977 -0.731602  3.625578 3.63
306 2.894035 -0.739223  3.633258 3.63
307 2.894154 -0.739385  3.633539 3.63
308 2.894326 -0.733895  3.628222 3.63
309 2.894540 -0.725444  3.619984 3.62
310 2.894785 -0.717396  3.612182 3.61
311 2.895049 -0.713582  3.608631 3.61
312 2.895309 -0.718055  3.613364 3.61
313 2.895513 -0.734663  3.630176 3.63
314 2.895598 -0.766273  3.661872 3.66
315 2.895514 -0.813806  3.709321 3.71
316 2.895264 -0.875527  3.770791 3.77
317 2.894909 -0.947096  3.842006 3.84
318 2.894545 -1.022499  3.917043 3.92
319 2.894251 -1.095446  3.989696 3.99
320 2.894065 -1.160616  4.054681 4.05
321 2.324849 -1.211842  3.536691 3.54
322 2.324822 -1.253171  3.577994 3.58
323 2.324847 -1.283568  3.608416 3.61
324 2.324903 -1.302904  3.627807 3.63
325 2.324975 -1.311658  3.636633 3.64
326 2.325054 -1.310696  3.635750 3.64
327 2.325139 -1.301129  3.626269 3.63
328 2.325236 -1.284287  3.609523 3.61
329 2.325353 -1.261765  3.587118 3.59
330 2.325493 -1.235513  3.561007 3.56
331 2.325651 -1.207861  3.533512 3.53
332 2.325806 -1.181391  3.507197 3.51
333 2.325924 -1.158604  3.484528 3.48
334 2.325971 -1.141419  3.467390 3.47
335 2.325928 -1.130673  3.456601 3.46
336 2.325796 -1.125828  3.451624 3.45
337 2.325600 -1.125013  3.450613 3.45
338 2.325376 -1.125391  3.450767 3.45
339 2.325161 -1.123708  3.448869 3.45
340 2.324984 -1.116866  3.441850 3.44
341 2.368584 -1.102186  3.470770 3.47
342 2.368545 -1.078108  3.446653 3.45
343 2.368593 -1.044404  3.412997 3.41
344 2.368732 -1.002260  3.370992 3.37
345 2.368954 -0.954305  3.323259 3.32
346 2.369233 -0.904462  3.273695 3.27
347 2.369520 -0.857510  3.227030 3.23
348 2.369743 -0.818294  3.188037 3.19
349 2.369831 -0.790652  3.160483 3.16
350 2.369745 -0.776367  3.146111 3.15
351 2.369501 -0.774600  3.144101 3.14
352 2.369168 -0.782137  3.151305 3.15
353 2.368847 -0.794414  3.163261 3.16
354 2.368630 -0.806983  3.175613 3.18
355 2.368585 -0.816915  3.185500 3.19
356 2.368727 -0.823771  3.192498 3.19
357 2.369001 -0.829775  3.198775 3.20
358 2.369291 -0.838979  3.208270 3.21
359 2.369467 -0.855542  3.225009 3.23
360 2.369463 -0.881838  3.251301 3.25
361 2.603583 -0.917799  3.521382 3.52
362 2.603392 -0.958912  3.562304 3.56
363 2.603237 -1.001745  3.604982 3.60
364 2.603149 -1.043259  3.646407 3.65
365 2.603113 -1.081319  3.684432 3.68
366 2.603098 -1.114586  3.717684 3.72
367 2.603081 -1.142123  3.745204 3.75
368 2.603051 -1.163069  3.766120 3.77
369 2.603019 -1.176517  3.779536 3.78
370 2.603006 -1.181664  3.784670 3.78
371 2.603041 -1.178139  3.781181 3.78
372 2.603148 -1.166419  3.769567 3.77
373 2.603333 -1.148142  3.751474 3.75
374 2.603569 -1.126148  3.729717 3.73
375 2.603793 -1.104040  3.707833 3.71
376 2.603925 -1.085213  3.689137 3.69
377 2.603911 -1.071669  3.675580 3.68
378 2.603756 -1.063237  3.666993 3.67
379 2.603518 -1.057642  3.661160 3.66
380 2.603269 -1.051341  3.654611 3.65
381 2.434027 -1.041330  3.475357 3.48
382 2.433901 -1.024954  3.458855 3.46
383 2.433865 -1.000395  3.434260 3.43
384 2.433924 -0.967263  3.401187 3.40
385 2.434072 -0.926681  3.360753 3.36
386 2.434294 -0.881199  3.315492 3.32
387 2.434556 -0.834501  3.269056 3.27
388 2.434812 -0.790886  3.225698 3.23
389 2.435010 -0.754544  3.189553 3.19
390 2.435106 -0.728750  3.163856 3.16
391 2.435082 -0.715218  3.150299 3.15
392 2.434952 -0.713813  3.148766 3.15
393 2.434760 -0.722773  3.157534 3.16
394 2.434557 -0.739317  3.173874 3.17
395 2.434386 -0.760410  3.194796 3.19
396 2.434272 -0.783427  3.217699 3.22
397 2.434220 -0.806533  3.240753 3.24
398 2.434222 -0.828798  3.263020 3.26
399 2.434260 -0.850091  3.284351 3.28
400 2.434312 -0.870828  3.305140 3.31
401 2.614782 -0.891578  3.506360 3.51
402 2.614791 -0.911684  3.526475 3.53
403 2.614751 -0.931209  3.545960 3.55
404 2.614670 -0.949564  3.564234 3.56
405 2.614577 -0.965620  3.580197 3.58
406 2.614511 -0.978125  3.592636 3.59
407 2.614509 -0.986280  3.600790 3.60
408 2.614583 -0.990233  3.604816 3.60
409 2.614714 -0.991228  3.605941 3.61
410 2.614856 -0.991311  3.606167 3.61
411 2.614957 -0.992658  3.607615 3.61
412 2.614973 -0.996778  3.611751 3.61
413 2.614889 -1.003885  3.618774 3.62
414 2.614721 -1.012677  3.627399 3.63
415 2.614516 -1.020599  3.635115 3.64
416 2.614337 -1.024538  3.638875 3.64
417 2.614243 -1.021777  3.636019 3.64
418 2.614270 -1.010889  3.625159 3.63
419 2.614423 -0.992296  3.606719 3.61
420 2.614671 -0.968322  3.582994 3.58
421 2.517531 -0.943444  3.460975 3.46
422 2.517797 -0.922056  3.439853 3.44
423 2.517986 -0.908256  3.426242 3.43
424 2.518059 -0.904986  3.423045 3.42
425 2.517998 -0.913416  3.431414 3.43
426 2.517813 -0.932693  3.450506 3.45
427 2.517533 -0.960075  3.477608 3.48
428 2.517197 -0.991379  3.508576 3.51
429 2.516844 -1.021593  3.538437 3.54
430 2.516510 -1.045511  3.562020 3.56
431 2.516225 -1.058314  3.574539 3.57
432 2.516023 -1.056100  3.572123 3.57
433 2.515939 -1.036413  3.552351 3.55
434 2.516007 -0.998782  3.514789 3.51
435 2.516245 -0.945205  3.461450 3.46
436 2.516640 -0.880347  3.396987 3.40
437 2.517138 -0.811252  3.328391 3.33
438 2.517652 -0.746435  3.264087 3.26
439 2.518088 -0.694495  3.212583 3.21
440 2.518370 -0.662630  3.181001 3.18
441 2.823050 -0.653439  3.476489 3.48
442 2.823008 -0.668535  3.491543 3.49
443 2.822839 -0.707067  3.529906 3.53
444 2.822572 -0.765972  3.588545 3.59
445 2.822234 -0.840483  3.662717 3.66
446 2.821860 -0.924613  3.746473 3.75
447 2.821501 -1.011781  3.833281 3.83
448 2.821211 -1.095631  3.916842 3.92
449 2.821031 -1.170897  3.991928 3.99
450 2.820970 -1.234016  4.054986 4.05
451 2.821004 -1.283292  4.104296 4.10
452 2.821093 -1.318591  4.139684 4.14
453 2.821200 -1.340766  4.161965 4.16
454 2.821308 -1.351119  4.172427 4.17
455 2.821423 -1.351143  4.172566 4.17
456 2.821555 -1.342544  4.164098 4.16
457 2.821696 -1.327343  4.149039 4.15
458 2.821818 -1.307749  4.129567 4.13
459 2.821886 -1.285730  4.107615 4.11
460 2.821890 -1.262524  4.084414 4.08
461 2.223019 -1.242357  3.465377 3.47
462 2.222983 -1.225336  3.448319 3.45
463 2.222937 -1.211079  3.434016 3.43
464 2.222844 -1.198917  3.421761 3.42
465 2.222667 -1.187394  3.410062 3.41
466 2.222427 -1.173825  3.396252 3.40
467 2.222202 -1.154623  3.376825 3.38
468 2.222086 -1.126480  3.348566 3.35
469 2.222137 -1.087745  3.309882 3.31
470 2.222366 -1.039330  3.261696 3.26
471 2.222743 -0.984879  3.207621 3.21
472 2.223205 -0.930301  3.153506 3.15
473 2.223664 -0.882790  3.106454 3.11
474 2.224011 -0.849414  3.073425 3.07
475 2.224152 -0.835453  3.059605 3.06
476 2.224047 -0.842973  3.067019 3.07
477 2.223741 -0.870253  3.093994 3.09
478 2.223337 -0.912430  3.135768 3.14
479 2.222946 -0.963014  3.185960 3.19
480 2.222638 -1.015523  3.238160 3.24
481 2.469850 -1.065549  3.535399 3.54
482 2.469761 -1.106482  3.576243 3.58
483 2.469745 -1.136316  3.606061 3.61
484 2.469769 -1.154309  3.624078 3.62
485 2.469816 -1.160558  3.630373 3.63
486 2.469887 -1.155746  3.625632 3.63
487 2.470005 -1.141180  3.611185 3.61
488 2.470199 -1.119087  3.589286 3.59
489 2.470466 -1.092920  3.563386 3.56
490 2.470747 -1.067215  3.537962 3.54
491 2.470935 -1.046620  3.517555 3.52
492 2.470946 -1.034303  3.505249 3.51
493 2.470790 -1.030734  3.501525 3.50
494 2.470575 -1.033837  3.504411 3.50
495 2.470416 -1.040461  3.510877 3.51
496 2.470372 -1.048100  3.518473 3.52
497 2.470431 -1.055798  3.526229 3.53
498 2.470538 -1.064033  3.534572 3.53
499 2.470641 -1.074012  3.544653 3.54
500 2.470705 -1.086896  3.557601 3.56
501 2.398683 -1.103363  3.502046 3.50
502 2.398648 -1.123630  3.522278 3.52
503 2.398574 -1.146819  3.545393 3.55
504 2.398468 -1.171455  3.569923 3.57
505 2.398338 -1.195585  3.593923 3.59
506 2.398193 -1.216917  3.615109 3.62
507 2.398044 -1.232972  3.631016 3.63
508 2.397904 -1.241289  3.639193 3.64
509 2.397787 -1.239637  3.637425 3.64
510 2.397705 -1.226243  3.623948 3.62
511 2.397672 -1.200000  3.597672 3.60
512 2.397704 -1.160690  3.558394 3.56
513 2.397815 -1.109214  3.507029 3.51
514 2.398015 -1.047791  3.445805 3.45
515 2.398293 -0.980027  3.378320 3.38
516 2.398616 -0.910716  3.309332 3.31
517 2.398923 -0.845263  3.244186 3.24
518 2.399155 -0.788784  3.187939 3.19
519 2.399267 -0.745174  3.144440 3.14
520 2.399257 -0.716474  3.115730 3.12
521 2.768991 -0.700500  3.469490 3.47
522 2.768872 -0.696101  3.464972 3.46
523 2.768788 -0.701595  3.470383 3.47
524 2.768760 -0.715683  3.484443 3.48
525 2.768768 -0.737741  3.506509 3.51
526 2.768769 -0.767558  3.536327 3.54
527 2.768728 -0.804732  3.573460 3.57
528 2.768637 -0.848177  3.616814 3.62
529 2.768518 -0.896024  3.664543 3.66
530 2.768398 -0.945935  3.714333 3.71
531 2.768292 -0.995514  3.763806 3.76
532 2.768202 -1.042580  3.810782 3.81
533 2.768119 -1.085230  3.853349 3.85
534 2.768038 -1.121779  3.889817 3.89
535 2.767964 -1.150727  3.918692 3.92
536 2.767908 -1.170824  3.938731 3.94
537 2.767883 -1.181233  3.949116 3.95
538 2.767906 -1.181754  3.949660 3.95
539 2.767982 -1.173010  3.940992 3.94
540 2.768105 -1.156514  3.924620 3.92
541 2.329195 -1.137082  3.466277 3.47
542 2.329318 -1.117520  3.446838 3.45
543 2.329387 -1.099999  3.429386 3.43
544 2.329379 -1.085822  3.415201 3.42
545 2.329295 -1.075075  3.404370 3.40
546 2.329162 -1.066632  3.395795 3.40
547 2.329035 -1.058591  3.387626 3.39
548 2.328970 -1.049065  3.378035 3.38
549 2.329001 -1.037038  3.366039 3.37
550 2.329122 -1.022872  3.351993 3.35
551 2.329290 -1.008256  3.337546 3.34
552 2.329445 -0.995616  3.325061 3.33
553 2.329530 -0.987229  3.316759 3.32
554 2.329517 -0.984406  3.313922 3.31
555 2.329419 -0.987069  3.316488 3.32
556 2.329288 -0.993937  3.323225 3.32
557 2.329195 -1.003250  3.332445 3.33
558 2.329189 -1.013737  3.342926 3.34
559 2.329268 -1.025288  3.354556 3.35
560 2.329370 -1.038876  3.368246 3.37
561 2.446741 -1.055573  3.502315 3.50
562 2.446699 -1.075066  3.521765 3.52
563 2.446589 -1.096256  3.542845 3.54
564 2.446474 -1.117013  3.563487 3.56
565 2.446403 -1.135086  3.581488 3.58
566 2.446385 -1.148837  3.595222 3.60
567 2.446404 -1.157471  3.603875 3.60
568 2.446432 -1.160837  3.607269 3.61
569 2.446443 -1.159063  3.605506 3.61
570 2.446418 -1.152193  3.598611 3.60
571 2.446347 -1.139922  3.586269 3.59
572 2.446230 -1.121462  3.567693 3.57
573 2.446089 -1.095599  3.541688 3.54
574 2.445970 -1.061030  3.507000 3.51
575 2.445955 -1.017100  3.463055 3.46
576 2.446145 -0.964993  3.411138 3.41
577 2.446596 -0.909072  3.355669 3.36
578 2.447216 -0.857443  3.304660 3.30
579 2.447720 -0.820278  3.267998 3.27
580 2.447799 -0.805552  3.253352 3.25
581 2.679611 -0.813976  3.493587 3.49
582 2.678985 -0.839102  3.518087 3.52
583 2.678431 -0.871267  3.549698 3.55
584 2.678086 -0.901413  3.579500 3.58
585 2.677932 -0.923381  3.601312 3.60
586 2.677890 -0.933939  3.611829 3.61
587 2.677903 -0.931863  3.609765 3.61
588 2.677959 -0.917134  3.595093 3.60
589 2.678090 -0.890768  3.568858 3.57
590 2.678343 -0.855199  3.533542 3.53
591 2.678737 -0.814845  3.493582 3.49
592 2.679222 -0.776232  3.455454 3.46
593 2.679668 -0.747100  3.426768 3.43
594 2.679918 -0.734400  3.414318 3.41
595 2.679889 -0.742001  3.421890 3.42
596 2.679624 -0.769460  3.449083 3.45
597 2.679247 -0.812610  3.491856 3.49
598 2.678866 -0.865326  3.544193 3.54
599 2.678531 -0.921188  3.599719 3.60
600 2.678250 -0.974341  3.652591 3.65
601 2.511002 -1.019318  3.530321 3.53
602 2.510853 -1.054010  3.564863 3.56
603 2.510796 -1.075766  3.586561 3.59
604 2.510841 -1.083528  3.594368 3.59
605 2.510987 -1.077988  3.588975 3.59
606 2.511227 -1.061574  3.572800 3.57
607 2.511543 -1.038292  3.549836 3.55
608 2.511901 -1.013400  3.525301 3.53
609 2.512228 -0.992754  3.504981 3.50
610 2.512423 -0.981657  3.494080 3.49
611 2.512399 -0.983319  3.495718 3.50
612 2.512152 -0.997597  3.509749 3.51
613 2.511780 -1.020944  3.532725 3.53
614 2.511423 -1.047830  3.559253 3.56
615 2.511174 -1.072750  3.583924 3.58
616 2.511057 -1.091681  3.602738 3.60
617 2.511052 -1.102544  3.613596 3.61
618 2.511134 -1.105011  3.616146 3.62
619 2.511282 -1.100161  3.611443 3.61
620 2.511466 -1.090133  3.601599 3.60
621 2.395597 -1.078250  3.473846 3.47
622 2.395679 -1.067174  3.462853 3.46
623 2.395638 -1.058150  3.453788 3.45
624 2.395484 -1.050656  3.446141 3.45
625 2.395274 -1.042542  3.437816 3.44
626 2.395088 -1.030866  3.425954 3.43
627 2.394991 -1.013059  3.408050 3.41
628 2.395012 -0.987881  3.382893 3.38
629 2.395148 -0.955894  3.351041 3.35
630 2.395361 -0.919384  3.314745 3.31
631 2.395598 -0.881833  3.277431 3.28
632 2.395801 -0.847097  3.242898 3.24
633 2.395930 -0.818539  3.214469 3.21
634 2.395977 -0.798409  3.194386 3.19
635 2.395966 -0.787692  3.183658 3.18
636 2.395929 -0.786415  3.182344 3.18
637 2.395880 -0.794081  3.189961 3.19
638 2.395806 -0.809863  3.205669 3.21
639 2.395692 -0.832475  3.228167 3.23
640 2.395538 -0.859980  3.255518 3.26
641 2.625427 -0.889904  3.515331 3.52
642 2.625318 -0.917680  3.542998 3.54
643 2.625302 -0.941470  3.566772 3.57
644 2.625388 -0.960809  3.586197 3.59
645 2.625546 -0.976720  3.602265 3.60
646 2.625718 -0.991255  3.616973 3.62
647 2.625846 -1.006671  3.632518 3.63
648 2.625889 -1.024567  3.650455 3.65
649 2.625829 -1.045266  3.671094 3.67
650 2.625676 -1.067593  3.693269 3.69
651 2.625463 -1.089044  3.714507 3.71
652 2.625236 -1.106298  3.731535 3.73
653 2.625044 -1.115945  3.740990 3.74
654 2.624929 -1.115244  3.740173 3.74
655 2.624921 -1.102768  3.727689 3.73
656 2.625038 -1.078868  3.703906 3.70
657 2.625277 -1.045899  3.671177 3.67
658 2.625604 -1.008117  3.633721 3.63
659 2.625941 -0.971064  3.597005 3.60
660 2.626184 -0.940352  3.566536 3.57
661 2.545279 -0.920673  3.465953 3.47
662 2.545142 -0.913359  3.458501 3.46
663 2.544850 -0.916642  3.461491 3.46
664 2.544489 -0.926339  3.470828 3.47
665 2.544152 -0.937155  3.481307 3.48
666 2.543922 -0.944116  3.488038 3.49
667 2.543864 -0.943879  3.487743 3.49
668 2.544012 -0.935714  3.479726 3.48
669 2.544342 -0.921957  3.466299 3.47
670 2.544759 -0.907582  3.452341 3.45
671 2.545110 -0.898692  3.443802 3.44
672 2.545267 -0.900296  3.445563 3.45
673 2.545208 -0.914464  3.459672 3.46
674 2.545020 -0.939969  3.484989 3.48
675 2.544826 -0.973514  3.518339 3.52
676 2.544698 -1.011489  3.556187 3.56
677 2.544641 -1.051118  3.595759 3.60
678 2.544612 -1.090610  3.635222 3.64
679 2.544568 -1.128670  3.673238 3.67
680 2.544487 -1.163917  3.708404 3.71
681 2.321530 -1.194347  3.515878 3.52
682 2.321398 -1.219634  3.541032 3.54
683 2.321276 -1.237596  3.558872 3.56
684 2.321182 -1.246357  3.567539 3.57
685 2.321118 -1.244599  3.565717 3.57
686 2.321072 -1.231607  3.552678 3.55
687 2.321029 -1.207125  3.528154 3.53
688 2.320990 -1.171181  3.492171 3.49
689 2.320987 -1.124137  3.445124 3.45
690 2.321074 -1.067139  3.388213 3.39
691 2.321299 -1.002883  3.324182 3.32
692 2.321644 -0.936172  3.257817 3.26
693 2.321989 -0.873479  3.195469 3.20
694 2.322172 -0.821105  3.143277 3.14
695 2.322126 -0.782825  3.104951 3.10
696 2.321944 -0.758913  3.080856 3.08
697 2.321751 -0.747309  3.069060 3.07
698 2.321562 -0.745340  3.066902 3.07
699 2.321318 -0.750097  3.071415 3.07
700 2.321037 -0.757891  3.078928 3.08
701 2.727514 -0.762488  3.490002 3.49
702 2.727746 -0.758904  3.486649 3.49
703 2.728386 -0.751100  3.479486 3.48
704 2.729042 -0.748559  3.477601 3.48
705 2.729159 -0.760359  3.489518 3.49
706 2.728647 -0.787488  3.516135 3.52
707 2.727980 -0.821586  3.549567 3.55
708 2.727626 -0.851479  3.579105 3.58
709 2.727670 -0.870026  3.597697 3.60
710 2.727951 -0.875942  3.603893 3.60
711 2.728284 -0.871832  3.600116 3.60
712 2.728560 -0.861589  3.590149 3.59
713 2.728733 -0.848656  3.577390 3.58
714 2.728799 -0.835213  3.564012 3.56
715 2.728776 -0.822004  3.550781 3.55
716 2.728702 -0.808571  3.537273 3.54
717 2.728620 -0.793762  3.522382 3.52
718 2.728568 -0.776361  3.504928 3.50
719 2.728566 -0.755637  3.484203 3.48
720 2.728620 -0.731675  3.460296 3.46
721 2.753995 -0.705267  3.459261 3.46
722 2.754139 -0.678210  3.432349 3.43
723 2.754317 -0.653002  3.407318 3.41
724 2.754512 -0.632661  3.387173 3.39
725 2.754693 -0.620446  3.375139 3.38
726 2.754806 -0.619311  3.374117 3.37
727 2.754798 -0.631079  3.385876 3.39
728 2.754653 -0.655666  3.410319 3.41
729 2.754415 -0.690872  3.445288 3.45
730 2.754162 -0.733008  3.487170 3.49
731 2.753959 -0.778020  3.531979 3.53
732 2.753834 -0.822493  3.576327 3.58
733 2.753786 -0.864131  3.617917 3.62
734 2.753800 -0.901783  3.655583 3.66
735 2.753867 -0.935280  3.689147 3.69
736 2.753977 -0.965293  3.719270 3.72
737 2.754115 -0.993174  3.747289 3.75
738 2.754252 -1.020700  3.774952 3.77
739 2.754354 -1.049644  3.803998 3.80
740 2.754400 -1.081298  3.835698 3.84
741 2.404250 -1.115570  3.519820 3.52
742 2.404191 -1.154568  3.558760 3.56
743 2.404124 -1.197232  3.601355 3.60
744 2.404068 -1.242298  3.646366 3.65
745 2.404027 -1.288615  3.692642 3.69
746 2.403987 -1.335185  3.739172 3.74
747 2.403927 -1.380982  3.784910 3.78
748 2.403832 -1.424675  3.828507 3.83
749 2.403700 -1.464423  3.868123 3.87
750 2.403544 -1.497877  3.901421 3.90
751 2.403389 -1.522396  3.925785 3.93
752 2.403261 -1.535427  3.938687 3.94
753 2.403180 -1.534908  3.938088 3.94
754 2.403157 -1.519592  3.922749 3.92
755 2.403192 -1.489208  3.892399 3.89
756 2.403278 -1.444469  3.847748 3.85
757 2.403407 -1.386990  3.790397 3.79
758 2.403567 -1.319127  3.722694 3.72
759 2.403745 -1.243798  3.647543 3.65
760 2.403925 -1.164251  3.568176 3.57
761 2.321477 -1.084974  3.406452 3.41
762 2.321602 -1.008297  3.329899 3.33
763 2.321682 -0.936663  3.258345 3.26
764 2.321727 -0.871840  3.193567 3.19
765 2.321757 -0.815038  3.136795 3.14
766 2.321788 -0.767174  3.088963 3.09
767 2.321817 -0.729085  3.050903 3.05
768 2.321827 -0.701496  3.023323 3.02
769 2.321793 -0.684757  3.006550 3.01
770 2.321706 -0.678516  3.000222 3.00
771 2.321575 -0.681567  3.003142 3.00
772 2.321422 -0.691980  3.013402 3.01
773 2.321268 -0.707423  3.028691 3.03
774 2.321121 -0.725474  3.046594 3.05
775 2.320980 -0.743789  3.064768 3.06
776 2.320845 -0.760147  3.080992 3.08
777 2.320728 -0.772509  3.093237 3.09
778 2.320647 -0.779201  3.099848 3.10
779 2.320613 -0.779183  3.099796 3.10
780 2.320624 -0.772228  3.092852 3.09
781 2.713360 -0.756184  3.469544 3.47
782 2.713382 -0.730611  3.443993 3.44
783 2.713383 -0.696669  3.410052 3.41
784 2.713374 -0.655510  3.368885 3.37
785 2.713419 -0.608489  3.321909 3.32
786 2.713641 -0.558107  3.271747 3.27
787 2.714130 -0.509623  3.223753 3.22
788 2.714729 -0.471869  3.186597 3.19
789 2.714999 -0.454466  3.169465 3.17
790 2.714675 -0.461554  3.176229 3.18
791 2.714051 -0.488233  3.202284 3.20
792 2.713619 -0.524585  3.238204 3.24
793 2.713542 -0.562647  3.276189 3.28
794 2.713658 -0.599257  3.312916 3.31
795 2.713772 -0.634299  3.348071 3.35
796 2.713812 -0.668084  3.381896 3.38
797 2.713807 -0.700241  3.414048 3.41
798 2.713808 -0.729991  3.443799 3.44
799 2.713845 -0.756805  3.470650 3.47
800 2.713919 -0.780793  3.494712 3.49
801 2.704869 -0.802714  3.507583 3.51
802 2.704961 -0.823770  3.528731 3.53
803 2.705020 -0.845081  3.550101 3.55
804 2.705025 -0.867328  3.572353 3.57
805 2.704962 -0.890396  3.595358 3.60
806 2.704842 -0.913216  3.618058 3.62
807 2.704692 -0.933897  3.638589 3.64
808 2.704552 -0.950142  3.654693 3.65
809 2.704465 -0.959845  3.664309 3.66
810 2.704460 -0.961728  3.666188 3.67
811 2.704539 -0.955758  3.660296 3.66
812 2.704665 -0.943134  3.647798 3.65
813 2.704786 -0.925790  3.630576 3.63
814 2.704865 -0.905657  3.610522 3.61
815 2.704897 -0.884118  3.589015 3.59
816 2.704896 -0.861920  3.566816 3.57
817 2.704875 -0.839368  3.544243 3.54
818 2.704831 -0.816508  3.521339 3.52
819 2.704763 -0.793137  3.497900 3.50
820 2.704687 -0.768833  3.473520 3.47
821 2.716681 -0.743106  3.459786 3.46
822 2.716677 -0.716036  3.432713 3.43
823 2.716717 -0.688548  3.405265 3.41
824 2.716785 -0.662341  3.379126 3.38
825 2.716898 -0.639663  3.356561 3.36
826 2.717110 -0.623483  3.340593 3.34
827 2.717410 -0.618032  3.335442 3.34
828 2.717605 -0.628263  3.345868 3.35
829 2.717457 -0.656990  3.374447 3.37
830 2.716982 -0.701689  3.418671 3.42
831 2.716489 -0.754846  3.471335 3.47
832 2.716284 -0.808313  3.524597 3.52
833 2.716432 -0.857760  3.574192 3.57
834 2.716759 -0.903809  3.620568 3.62
835 2.716990 -0.949649  3.666639 3.67
836 2.716947 -0.997197  3.714144 3.71
837 2.716659 -1.044559  3.761219 3.76
838 2.716306 -1.086399  3.802705 3.80
839 2.716056 -1.116431  3.832487 3.83
840 2.715982 -1.129915  3.845897 3.85
841 2.355724 -1.126216  3.481940 3.48
842 2.355920 -1.107662  3.463582 3.46
843 2.356193 -1.076814  3.433008 3.43
844 2.356493 -1.037596  3.394089 3.39
845 2.356761 -0.994467  3.351228 3.35
846 2.356948 -0.951521  3.308469 3.31
847 2.357029 -0.911703  3.268732 3.27
848 2.357022 -0.876442  3.233463 3.23
849 2.356973 -0.845866  3.202839 3.20
850 2.356932 -0.819458  3.176390 3.18
851 2.356930 -0.796771  3.153700 3.15
852 2.356971 -0.777899  3.134870 3.13
853 2.357031 -0.763547  3.120578 3.12
854 2.357064 -0.754665  3.111729 3.11
855 2.357020 -0.751781  3.108801 3.11
856 2.356877 -0.754312  3.111189 3.11
857 2.356656 -0.760263  3.116919 3.12
858 2.356411 -0.766531  3.122941 3.12
859 2.356210 -0.769729  3.125939 3.13
860 2.356117 -0.767207  3.123324 3.12
861 2.718414 -0.755986  3.474400 3.47
862 2.718659 -0.736126  3.454785 3.45
863 2.719054 -0.711787  3.430841 3.43
864 2.719485 -0.689271  3.408756 3.41
865 2.719782 -0.675236  3.395018 3.40
866 2.719812 -0.674224  3.394036 3.39
867 2.719571 -0.686768  3.406339 3.41
868 2.719180 -0.709300  3.428480 3.43
869 2.718802 -0.735905  3.454707 3.45
870 2.718553 -0.760708  3.479261 3.48
871 2.718470 -0.779645  3.498115 3.50
872 2.718530 -0.791117  3.509648 3.51
873 2.718680 -0.795743  3.514422 3.51
874 2.718848 -0.795565  3.514413 3.51
875 2.718970 -0.793021  3.511990 3.51
876 2.719000 -0.789941  3.508941 3.51
877 2.718937 -0.786895  3.505832 3.51
878 2.718814 -0.783126  3.501939 3.50
879 2.718672 -0.777015  3.495687 3.50
880 2.718537 -0.766688  3.485225 3.49
881 2.718758 -0.750424  3.469182 3.47
882 2.718657 -0.726830  3.445487 3.45
883 2.718591 -0.694963  3.413554 3.41
884 2.718576 -0.654541  3.373117 3.37
885 2.718628 -0.606178  3.324806 3.32
886 2.718757 -0.551581  3.270339 3.27
887 2.718968 -0.493656  3.212624 3.21
888 2.719248 -0.436477  3.155725 3.16
889 2.719561 -0.385014  3.104575 3.10
890 2.719845 -0.344503  3.064349 3.06
891 2.720027 -0.319455  3.039482 3.04
892 2.720049 -0.312528  3.032578 3.03
893 2.719914 -0.323738  3.043652 3.04
894 2.719687 -0.350505  3.070192 3.07
895 2.719451 -0.388633  3.108085 3.11
896 2.719266 -0.433595  3.152861 3.15
897 2.719148 -0.481482  3.200631 3.20
898 2.719095 -0.529399  3.248495 3.25
899 2.719095 -0.575490  3.294585 3.29
900 2.719138 -0.618829  3.337967 3.34
901 2.866823 -0.659585  3.526408 3.53
902 2.866928 -0.696805  3.563733 3.56
903 2.867036 -0.731526  3.598562 3.60
904 2.867129 -0.764948  3.632077 3.63
905 2.867193 -0.798145  3.665338 3.67
906 2.867213 -0.831813  3.699026 3.70
907 2.867186 -0.866074  3.733260 3.73
908 2.867110 -0.900384  3.767494 3.77
909 2.866983 -0.933511  3.800494 3.80
910 2.866802 -0.963535  3.830337 3.83
911 2.866567 -0.987848  3.854415 3.85
912 2.866290 -1.003212  3.869502 3.87
913 2.866013 -1.006031  3.872043 3.87
914 2.865811 -0.993023  3.858833 3.86
915 2.865784 -0.962374  3.828158 3.83
916 2.866002 -0.915143  3.781145 3.78
917 2.866416 -0.856089  3.722505 3.72
918 2.866822 -0.792751  3.659572 3.66
919 2.866987 -0.732410  3.599397 3.60
920 2.866869 -0.678809  3.545678 3.55
921 2.806533 -0.632219  3.438753 3.44
922 2.806386 -0.590158  3.396543 3.40
923 2.806364 -0.550945  3.357309 3.36
924 2.806428 -0.514457  3.320885 3.32
925 2.806580 -0.481763  3.288343 3.29
926 2.806868 -0.455161  3.262028 3.26
927 2.807288 -0.438773  3.246062 3.25
928 2.807721 -0.438390  3.246111 3.25
929 2.807988 -0.459726  3.267715 3.27
930 2.807973 -0.505907  3.313880 3.31
931 2.807688 -0.575793  3.383481 3.38
932 2.807249 -0.664114  3.471363 3.47
933 2.806796 -0.763106  3.569901 3.57
934 2.806432 -0.864571  3.671003 3.67
935 2.806200 -0.961484  3.767685 3.77
936 2.806102 -1.048762  3.854864 3.85
937 2.806113 -1.123381  3.929493 3.93
938 2.806203 -1.184105  3.990309 3.99
939 2.806344 -1.231097  4.037441 4.04
940 2.806507 -1.265477  4.071984 4.07
941 2.220210 -1.288445  3.508655 3.51
942 2.220308 -1.305303  3.525611 3.53
943 2.220371 -1.317182  3.537553 3.54
944 2.220393 -1.324814  3.545206 3.55
945 2.220375 -1.328431  3.548805 3.55
946 2.220326 -1.327791  3.548117 3.55
947 2.220256 -1.322299  3.542555 3.54
948 2.220178 -1.311164  3.531342 3.53
949 2.220104 -1.293590  3.513694 3.51
950 2.220050 -1.268971  3.489021 3.49
951 2.220040 -1.237149  3.457189 3.46
952 2.220105 -1.198768  3.418873 3.42
953 2.220277 -1.155714  3.375991 3.38
954 2.220565 -1.111506  3.332070 3.33
955 2.220930 -1.071326  3.292256 3.29
956 2.221275 -1.041351  3.262625 3.26
957 2.221466 -1.027213  3.248679 3.25
958 2.221407 -1.032054  3.253461 3.25
959 2.221094 -1.055106  3.276199 3.28
960 2.220612 -1.091633  3.312246 3.31
961 2.393400 -1.134678  3.528078 3.53
962 2.392939 -1.174312  3.567252 3.57
963 2.392619 -1.203249  3.595868 3.60
964 2.392467 -1.216368  3.608834 3.61
965 2.392482 -1.211233  3.603715 3.60
966 2.392638 -1.188136  3.580774 3.58
967 2.392894 -1.149725  3.542619 3.54
968 2.393206 -1.100385  3.493591 3.49
969 2.393548 -1.045559  3.439106 3.44
970 2.393911 -0.991271  3.385182 3.39
971 2.394282 -0.943878  3.338160 3.34
972 2.394590 -0.909663  3.304252 3.30
973 2.394693 -0.893639  3.288333 3.29
974 2.394461 -0.897485  3.291945 3.29
975 2.393890 -0.917732  3.311622 3.31
976 2.393141 -0.945853  3.338994 3.34
977 2.392452 -0.970671  3.363123 3.36
978 2.392022 -0.981900  3.373922 3.37
979 2.391963 -0.973213  3.365176 3.37
980 2.392286 -0.943977  3.336263 3.34
981 2.542204 -0.897623  3.439828 3.44
982 2.542897 -0.843645  3.386542 3.39
983 2.543438 -0.792824  3.336262 3.34
984 2.543713 -0.753686  3.297399 3.30
985 2.543755 -0.730686  3.274441 3.27
986 2.543658 -0.724499  3.268157 3.27
987 2.543494 -0.733323  3.276817 3.28
988 2.543304 -0.754026  3.297330 3.30
989 2.543117 -0.782913  3.326030 3.33
990 2.542946 -0.816259  3.359205 3.36
991 2.542783 -0.850575  3.393357 3.39
992 2.542617 -0.882594  3.425211 3.43
993 2.542450 -0.909172  3.451622 3.45
994 2.542302 -0.927336  3.469639 3.47
995 2.542202 -0.934581  3.476783 3.48
996 2.542176 -0.929283  3.471459 3.47
997 2.542241 -0.911086  3.453327 3.45
998 2.542400 -0.881136  3.423536 3.42
999 2.542643 -0.842114  3.384757 3.38
1000 2.542945 -0.798042  3.340987 3.34
1001 2.543277 -0.753897  3.297175 3.30
1002 2.543608 -0.715115  3.258723 3.26
1003 2.543904 -0.687057  3.230962 3.23
1004 2.544124 -0.674445  3.218569 3.22
1005 2.544220 -0.680678  3.224898 3.22
1006 2.544155 -0.707104  3.251260 3.25
1007 2.543930 -0.752502  3.296432 3.30
1008 2.543586 -0.813098  3.356684 3.36
1009 2.543190 -0.883209  3.426399 3.43
1010 2.542812 -0.956273  3.499084 3.50
1011 2.542502 -1.025913  3.568415 3.57
1012 2.542296 -1.086788  3.629084 3.63
1013 2.542212 -1.135170  3.677382 3.68
1014 2.542256 -1.169272  3.711528 3.71
1015 2.542411 -1.189332  3.731743 3.73
1016 2.542633 -1.197350  3.739983 3.74
1017 2.542852 -1.196400  3.739251 3.74
1018 2.543001 -1.189591  3.732592 3.73
1019 2.543053 -1.179102  3.722155 3.72
1020 2.543040 -1.165772  3.708812 3.71
1021 2.543026 -1.149526  3.692552 3.69
1022 2.543068 -1.130281  3.673349 3.67
1023 2.543183 -1.108749  3.651932 3.65
1024 2.543341 -1.086673  3.630014 3.63
1025 2.543487 -1.066415  3.609903 3.61
1026 2.543572 -1.050183  3.593755 3.59
1027 2.543573 -1.039306  3.582879 3.58
1028 2.543504 -1.033910  3.577415 3.58
1029 2.543403 -1.033097  3.576500 3.58
1030 2.543312 -1.035477  3.578789 3.58
1031 2.543266 -1.039804  3.583070 3.58
1032 2.543276 -1.045463  3.588738 3.59
1033 2.543322 -1.052614  3.595937 3.60
1034 2.543365 -1.061922  3.605287 3.61
1035 2.543362 -1.073954  3.617316 3.62
1036 2.543297 -1.088596  3.631894 3.63
1037 2.543190 -1.104832  3.648022 3.65
1038 2.543075 -1.121012  3.664087 3.66
1039 2.542981 -1.135378  3.678359 3.68
1040 2.542916 -1.146490  3.689407 3.69
1041 2.542877 -1.153396  3.696273 3.70
1042 2.542864 -1.155621  3.698485 3.70
1043 2.542892 -1.153212  3.696104 3.70
1044 2.542973 -1.146913  3.689886 3.69
1045 2.543095 -1.138287  3.681382 3.68
1046 2.543211 -1.129483  3.672694 3.67
1047 2.543261 -1.122519  3.665780 3.67
1048 2.543217 -1.118415  3.661632 3.66
1049 2.543108 -1.116793  3.659901 3.66
1050 2.543002 -1.116295  3.659297 3.66
1051 2.542955 -1.115536  3.658491 3.66
1052 2.542980 -1.113930  3.656910 3.66
1053 2.543042 -1.111897  3.654939 3.65
1054 2.543080 -1.110401  3.653481 3.65
1055 2.543039 -1.110106  3.653144 3.65
1056 2.542892 -1.110601  3.653493 3.65
1057 2.542666 -1.110092  3.652758 3.65
1058 2.542443 -1.105829  3.648272 3.65
1059 2.542343 -1.095334  3.637677 3.64
1060 2.542471 -1.078120  3.620592 3.62
1061 2.542821 -1.057064  3.599886 3.60
1062 2.543202 -1.038089  3.581290 3.58
1063 2.543319 -1.027253  3.570572 3.57
1064 2.543040 -1.026620  3.569660 3.57
1065 2.542545 -1.032445  3.574990 3.57
1066 2.542169 -1.037708  3.579877 3.58
1067 2.542134 -1.036856  3.578990 3.58
1068 2.542429 -1.029073  3.571502 3.57
1069 2.542843 -1.018235  3.561078 3.56
1070 2.543099 -1.009899  3.552998 3.55
1071 2.543059 -1.007381  3.550440 3.55
1072 2.542829 -1.009807  3.552636 3.55
1073 2.542631 -1.013491  3.556123 3.56
1074 2.542605 -1.015013  3.557618 3.56
1075 2.542737 -1.013273  3.556010 3.56
1076 2.542929 -1.009463  3.552391 3.55
1077 2.543087 -1.005735  3.548822 3.55
1078 2.543178 -1.003880  3.547058 3.55
1079 2.543220 -1.004794  3.548014 3.55
1080 2.543247 -1.008675  3.551921 3.55
1081 2.543277 -1.015482  3.558758 3.56
1082 2.543305 -1.025205  3.568510 3.57
1083 2.543314 -1.037824  3.581138 3.58
1084 2.543285 -1.053073  3.596358 3.60
1085 2.543208 -1.070189  3.613397 3.61
1086 2.543085 -1.087783  3.630868 3.63
1087 2.542930 -1.103891  3.646822 3.65
1088 2.542766 -1.116193  3.658959 3.66
1089 2.542612 -1.122324  3.664936 3.66
1090 2.542484 -1.120194  3.662678 3.66
1091 2.542387 -1.108225  3.650612 3.65
1092 2.542319 -1.085447  3.627766 3.63
1093 2.542279 -1.051495  3.593774 3.59
1094 2.542277 -1.006606  3.548882 3.55
1095 2.542346 -0.951794  3.494140 3.49
1096 2.542532 -0.889304  3.431836 3.43
1097 2.542858 -0.823174  3.366032 3.37
1098 2.543276 -0.759418  3.302694 3.30
1099 2.543651 -0.705189  3.248840 3.25
1100 2.543811 -0.666716  3.210527 3.21
1101 2.543665 -0.646810  3.190475 3.19
1102 2.543290 -0.643599  3.186888 3.19
1103 2.542877 -0.651633  3.194511 3.19
1104 2.542578 -0.664620  3.207198 3.21
1105 2.542400 -0.677638  3.220038 3.22
1106 2.542259 -0.687467  3.229726 3.23
1107 2.542110 -0.691646  3.233756 3.23
1108 2.542026 -0.688030  3.230056 3.23
1109 2.542156 -0.675877  3.218033 3.22
1110 2.542592 -0.657852  3.200444 3.20
1111 2.543241 -0.641117  3.184357 3.18
1112 2.543798 -0.635693  3.179491 3.18
1113 2.543931 -0.649921  3.193852 3.19
1114 2.543570 -0.685707  3.229277 3.23
1115 2.542968 -0.737480  3.280448 3.28
1116 2.542458 -0.795680  3.338139 3.34
1117 2.542215 -0.851584  3.393800 3.39
1118 2.542231 -0.900088  3.442319 3.44
1119 2.542418 -0.939910  3.482328 3.48
1120 2.542685 -0.972487  3.515171 3.52
1121 2.542953 -1.000652  3.543605 3.54
1122 2.543156 -1.027445  3.570601 3.57
1123 2.543249 -1.055092  3.598340 3.60
1124 2.543226 -1.084325  3.627551 3.63
1125 2.543123 -1.114276  3.657399 3.66
1126 2.542999 -1.142968  3.685967 3.69
1127 2.542904 -1.168144  3.711047 3.71
1128 2.542862 -1.188017  3.730879 3.73
1129 2.542868 -1.201645  3.744512 3.74
1130 2.542890 -1.208860  3.751750 3.75
1131 2.542893 -1.209860  3.752753 3.75
1132 2.542851 -1.204705  3.747556 3.75
1133 2.542762 -1.192960  3.735721 3.74
1134 2.542650 -1.173676  3.716326 3.72
1135 2.542560 -1.145758  3.688318 3.69
1136 2.542535 -1.108581  3.651117 3.65
1137 2.542601 -1.062598  3.605199 3.61
1138 2.542750 -1.009661  3.552411 3.55
1139 2.542942 -0.952873  3.495815 3.50
1140 2.543127 -0.895973  3.439100 3.44
1141 2.543267 -0.842543  3.385810 3.39
1142 2.543368 -0.795451  3.338819 3.34
1143 2.543469 -0.756859  3.300328 3.30
1144 2.543605 -0.728721  3.272326 3.27
1145 2.543777 -0.713259  3.257036 3.26
1146 2.543938 -0.712930  3.256868 3.26
1147 2.544021 -0.729777  3.273798 3.27
1148 2.543977 -0.764510  3.308487 3.31
1149 2.543796 -0.815828  3.359624 3.36
1150 2.543514 -0.880310  3.423824 3.42
1151 2.543195 -0.952964  3.496159 3.50
1152 2.542906 -1.028201  3.571107 3.57
1153 2.542687 -1.100839  3.643526 3.64
1154 2.542544 -1.166743  3.709287 3.71
1155 2.542452 -1.222958  3.765410 3.77
1156 2.542383 -1.267441  3.809824 3.81
1157 2.542324 -1.298703  3.841027 3.84
1158 2.542287 -1.315658  3.857945 3.86
1159 2.542310 -1.317832  3.860142 3.86
1160 2.542440 -1.305906  3.848345 3.85
1161 2.542698 -1.282334  3.825032 3.83
1162 2.543031 -1.251525  3.794556 3.79
1163 2.543289 -1.218918  3.762207 3.76
1164 2.543309 -1.188792  3.732101 3.73
1165 2.543046 -1.161946  3.704992 3.70
1166 2.542639 -1.135143  3.677781 3.68
1167 2.542309 -1.103076  3.645385 3.65
1168 2.542227 -1.061583  3.603810 3.60
1169 2.542442 -1.010145  3.552587 3.55
1170 2.542864 -0.952595  3.495459 3.50
1171 2.543303 -0.895785  3.439088 3.44
1172 2.543567 -0.846771  3.390338 3.39
1173 2.543593 -0.810017  3.353610 3.35
1174 2.543466 -0.786411  3.329877 3.33
1175 2.543313 -0.774399  3.317712 3.32
1176 2.543195 -0.771765  3.314960 3.31
1177 2.543107 -0.776620  3.319727 3.32
1178 2.543038 -0.787488  3.330526 3.33
1179 2.542996 -0.803197  3.346193 3.35
1180 2.542996 -0.822987  3.365982 3.37
1181 2.543007 -0.846613  3.389620 3.39
1182 2.542951 -0.873860  3.416812 3.42
1183 2.542759 -0.903406  3.446165 3.45
1184 2.542451 -0.931911  3.474362 3.47
1185 2.542137 -0.954387  3.496524 3.50
1186 2.541926 -0.965770  3.507697 3.51
1187 2.541866 -0.962563  3.504429 3.50
1188 2.541944 -0.943628  3.485572 3.49
1189 2.542133 -0.910133  3.452267 3.45
1190 2.542419 -0.865196  3.407615 3.41
1191 2.542789 -0.813592  3.356381 3.36
1192 2.543212 -0.761465  3.304677 3.30
1193 2.543622 -0.715739  3.259361 3.26
1194 2.543929 -0.683024  3.226954 3.23
1195 2.544065 -0.668261  3.212326 3.21
1196 2.544013 -0.673657  3.217670 3.22
1197 2.543812 -0.698399  3.242210 3.24
1198 2.543531 -0.739202  3.282734 3.28
1199 2.543237 -0.791334  3.334571 3.33
1200 2.542974 -0.849625  3.392599 3.39
1201 2.542766 -0.909211  3.451977 3.45
1202 2.542628 -0.966004  3.508632 3.51
1203 2.542560 -1.016952  3.559512 3.56
1204 2.542551 -1.060112  3.602663 3.60
1205 2.542579 -1.094511  3.637091 3.64
1206 2.542626 -1.119868  3.662494 3.66
1207 2.542681 -1.136320  3.679001 3.68
1208 2.542740 -1.144262  3.687002 3.69
1209 2.542807 -1.144303  3.687109 3.69
1210 2.542879 -1.137270  3.680149 3.68
1211 2.542955 -1.124198  3.667153 3.67
1212 2.543030 -1.106273  3.649303 3.65
1213 2.543103 -1.084774  3.627877 3.63
1214 2.543169 -1.061011  3.604180 3.60
1215 2.543226 -1.036268  3.579494 3.58
1216 2.543272 -1.011744  3.555015 3.56
1217 2.543305 -0.988497  3.531802 3.53
1218 2.543326 -0.967407  3.510732 3.51
1219 2.543340 -0.949169  3.492509 3.49
1220 2.543361 -0.934370  3.477731 3.48
1221 2.543407 -0.923651  3.467058 3.47
1222 2.543490 -0.917946  3.461437 3.46
1223 2.543603 -0.918624  3.462227 3.46
1224 2.543706 -0.927334  3.471040 3.47
1225 2.543740 -0.945429  3.489170 3.49
1226 2.543654 -0.973108  3.516763 3.52
1227 2.543440 -1.008703  3.552143 3.55
1228 2.543145 -1.048590  3.591736 3.59
1229 2.542851 -1.087910  3.630762 3.63
1230 2.542636 -1.121775  3.664411 3.66
1231 2.542541 -1.146434  3.688976 3.69
1232 2.542574 -1.159966  3.702540 3.70
1233 2.542709 -1.162402  3.705111 3.71
1234 2.542909 -1.155420  3.698329 3.70
1235 2.543130 -1.141783  3.684913 3.68
1236 2.543330 -1.124688  3.668018 3.67
1237 2.543470 -1.107096  3.650566 3.65
1238 2.543528 -1.091158  3.634686 3.63
1239 2.543502 -1.077857  3.621359 3.62
1240 2.543414 -1.066969  3.610383 3.61
1241 2.543298 -1.057368  3.600666 3.60
1242 2.543186 -1.047510  3.590696 3.59
1243 2.543093 -1.035904  3.578997 3.58
1244 2.543019 -1.021349  3.564368 3.56
1245 2.542955 -1.002958  3.545913 3.55
1246 2.542901 -0.980072  3.522973 3.52
1247 2.542872 -0.952280  3.495152 3.50
1248 2.542889 -0.919609  3.462499 3.46
1249 2.542973 -0.882845  3.425818 3.43
1250 2.543130 -0.843797  3.386928 3.39
1251 2.543350 -0.805378  3.348728 3.35
1252 2.543605 -0.771403  3.315008 3.32
1253 2.543857 -0.746149  3.290005 3.29
1254 2.544062 -0.733748  3.277810 3.28
1255 2.544177 -0.737503  3.281679 3.28
1256 2.544161 -0.759182  3.303342 3.30
1257 2.543993 -0.798424  3.342417 3.34
1258 2.543688 -0.852444  3.396132 3.40
1259 2.543299 -0.916270  3.459569 3.46
1260 2.542898 -0.983566  3.526464 3.53
1261 2.542547 -1.047739  3.590286 3.59
1262 2.542278 -1.102917  3.645194 3.65
1263 2.542094 -1.144504  3.686598 3.69
1264 2.541987 -1.169345  3.711332 3.71
1265 2.541955 -1.175676  3.717631 3.72
1266 2.542006 -1.163129  3.705135 3.71
1267 2.542160 -1.132866  3.675026 3.68
1268 2.542437 -1.087852  3.630289 3.63
1269 2.542840 -1.033081  3.575922 3.58
1270 2.543326 -0.975489  3.518815 3.52
1271 2.543785 -0.923162  3.466947 3.47
1272 2.544058 -0.883611  3.427669 3.43
1273 2.544019 -0.861401  3.405420 3.41
1274 2.543669 -0.856302  3.399970 3.40
1275 2.543164 -0.863365  3.406529 3.41
1276 2.542715 -0.875176  3.417891 3.42
1277 2.542472 -0.884932  3.427404 3.43
1278 2.542484 -0.888739  3.431223 3.43
1279 2.542726 -0.886483  3.429209 3.43
1280 2.543121 -0.881504  3.424626 3.42
1281 2.543547 -0.879413  3.422960 3.42
1282 2.543853 -0.886201  3.430054 3.43
1283 2.543913 -0.905968  3.449881 3.45
1284 2.543703 -0.939099  3.482802 3.48
1285 2.543318 -0.981903  3.525221 3.53
1286 2.542906 -1.027957  3.570863 3.57
1287 2.542583 -1.070272  3.612855 3.61
1288 2.542392 -1.103083  3.645474 3.65
1289 2.542318 -1.122625  3.664942 3.66
1290 2.542320 -1.127052  3.669372 3.67
1291 2.542364 -1.115949  3.658313 3.66
1292 2.542435 -1.089866  3.632300 3.63
1293 2.542549 -1.050140  3.592689 3.59
1294 2.542757 -0.999155  3.541912 3.54
1295 2.543121 -0.941022  3.484143 3.48
1296 2.543650 -0.882313  3.425963 3.43
1297 2.544226 -0.831939  3.376165 3.38
1298 2.544608 -0.799171  3.343780 3.34
1299 2.544605 -0.790092  3.334697 3.33
1300 2.544251 -0.804858  3.349108 3.35
1301 2.543769 -0.838163  3.381932 3.38
1302 2.543370 -0.882386  3.425756 3.43
1303 2.543127 -0.930711  3.473839 3.47
1304 2.543011 -0.978460  3.521471 3.52
1305 2.542959 -1.022854  3.565813 3.57
1306 2.542920 -1.062202  3.605122 3.61
1307 2.542872 -1.095200  3.638072 3.64
1308 2.542815 -1.120608  3.663423 3.66
1309 2.542759 -1.137224  3.679983 3.68
1310 2.542713 -1.144018  3.686731 3.69
1311 2.542681 -1.140273  3.682954 3.68
1312 2.542665 -1.125660  3.668325 3.67
1313 2.542670 -1.100286  3.642956 3.64
1314 2.542710 -1.064776  3.607486 3.61
1315 2.542812 -1.020485  3.563298 3.56
1316 2.542999 -0.969826  3.512825 3.51
1317 2.543270 -0.916535  3.459805 3.46
1318 2.543580 -0.865565  3.409145 3.41
1319 2.543840 -0.822325  3.366165 3.37
1320 2.543961 -0.791349  3.335310 3.34
1321 2.543909 -0.774984  3.318892 3.32
1322 2.543726 -0.772883  3.316609 3.32
1323 2.543507 -0.782619  3.326126 3.33
1324 2.543334 -0.801015  3.344349 3.34
1325 2.543243 -0.825386  3.368629 3.37
1326 2.543204 -0.854063  3.397267 3.40
1327 2.543157 -0.886048  3.429206 3.43
1328 2.543047 -0.920185  3.463232 3.46
1329 2.542860 -0.954408  3.497268 3.50
1330 2.542627 -0.985570  3.528198 3.53
1331 2.542401 -1.009904  3.552305 3.55
1332 2.542231 -1.023820  3.566051 3.57
1333 2.542143 -1.024649  3.566792 3.57
1334 2.542147 -1.011090  3.553237 3.55
1335 2.542239 -0.983375  3.525614 3.53
1336 2.542417 -0.943253  3.485669 3.49
1337 2.542670 -0.893900  3.436569 3.44
1338 2.542980 -0.839735  3.382714 3.38
1339 2.543311 -0.786070  3.329380 3.33
1340 2.543615 -0.738508  3.282123 3.28
1341 2.543845 -0.702169  3.246014 3.25
1342 2.543973 -0.680950  3.224923 3.22
1343 2.543983 -0.677024  3.221007 3.22
1344 2.543861 -0.690567  3.234428 3.23
1345 2.543606 -0.719570  3.263177 3.26
1346 2.543256 -0.759904  3.303160 3.30
1347 2.542893 -0.805954  3.348847 3.35
1348 2.542612 -0.851893  3.394505 3.39
1349 2.542483 -0.893128  3.435611 3.44
1350 2.542531 -0.927374  3.469905 3.47
1351 2.542726 -0.955028  3.497754 3.50
1352 2.542977 -0.978685  3.521662 3.52
1353 2.543160 -1.001762  3.544922 3.54
1354 2.543189 -1.026689  3.569879 3.57
1355 2.543077 -1.053656  3.596734 3.60
1356 2.542919 -1.080762  3.623681 3.62
1357 2.542812 -1.105335  3.648147 3.65
1358 2.542792 -1.125321  3.668113 3.67
1359 2.542845 -1.139908  3.682753 3.68
1360 2.542933 -1.149376  3.692309 3.69
1361 2.543021 -1.154602  3.697623 3.70
1362 2.543087 -1.156579  3.699666 3.70
1363 2.543115 -1.156067  3.699182 3.70
1364 2.543096 -1.153356  3.696452 3.70
1365 2.543027 -1.148136  3.691163 3.69
1366 2.542910 -1.139465  3.682375 3.68
1367 2.542750 -1.125810  3.668561 3.67
1368 2.542556 -1.105158  3.647713 3.65
1369 2.542349 -1.075203  3.617552 3.62
1370 2.542176 -1.033745  3.575921 3.58
1371 2.542117 -0.979427  3.521544 3.52
1372 2.542273 -0.912917  3.455190 3.46
1373 2.542709 -0.838278  3.380987 3.38
1374 2.543352 -0.763654  3.307006 3.31
1375 2.543943 -0.699917  3.243860 3.24
1376 2.544171 -0.656781  3.200953 3.20
1377 2.543935 -0.638358  3.182292 3.18
1378 2.543440 -0.641727  3.185167 3.19
1379 2.542989 -0.659771  3.202760 3.20
1380 2.542739 -0.685489  3.228228 3.23
1381 2.542668 -0.714458  3.257126 3.26
1382 2.542708 -0.744845  3.287553 3.29
1383 2.542832 -0.776573  3.319404 3.32
1384 2.543020 -0.810873  3.353893 3.35
1385 2.543190 -0.849846  3.393036 3.39
1386 2.543215 -0.895188  3.438403 3.44
1387 2.543046 -0.946442  3.489488 3.49
1388 2.542764 -1.000335  3.543099 3.54
1389 2.542509 -1.051938  3.594447 3.59
1390 2.542362 -1.096654  3.639016 3.64
1391 2.542324 -1.131501  3.673825 3.67
1392 2.542364 -1.155278  3.697642 3.70
1393 2.542472 -1.168214  3.710686 3.71
1394 2.542668 -1.171821  3.714489 3.71
1395 2.542966 -1.169083  3.712049 3.71
1396 2.543330 -1.164514  3.707844 3.71
1397 2.543668 -1.163515  3.707183 3.71
1398 2.543873 -1.170961  3.714834 3.71
1399 2.543885 -1.189618  3.733503 3.73
1400 2.543719 -1.219259  3.762978 3.76
1401 2.543446 -1.256890  3.800336 3.80
1402 2.543148 -1.297813  3.840961 3.84
1403 2.542881 -1.336861  3.879742 3.88
1404 2.542672 -1.369323  3.911996 3.91
1405 2.542526 -1.391435  3.933961 3.93
1406 2.542434 -1.400511  3.942944 3.94
1407 2.542382 -1.394867  3.937249 3.94
1408 2.542362 -1.373667  3.916029 3.92
1409 2.542370 -1.336794  3.879164 3.88
1410 2.542414 -1.284815  3.827229 3.83
1411 2.542504 -1.219058  3.761563 3.76
1412 2.542660 -1.141778  3.684438 3.68
1413 2.542897 -1.056364  3.599261 3.60
1414 2.543209 -0.967477  3.510686 3.51
1415 2.543547 -0.880856  3.424403 3.42
1416 2.543796 -0.802432  3.346229 3.35
1417 2.543825 -0.736601  3.280426 3.28
1418 2.543577 -0.684317  3.227894 3.23
1419 2.543139 -0.642359  3.185498 3.19
1420 2.542699 -0.604648  3.147347 3.15
1421 2.542443 -0.565033  3.107477 3.11
1422 2.542483 -0.520102  3.062585 3.06
1423 2.542825 -0.470862  3.013688 3.01
1424 2.543378 -0.422857  2.966235 2.97
1425 2.543966 -0.384708  2.928674 2.93
1426 2.544380 -0.365415  2.909795 2.91
1427 2.544461 -0.371191  2.915652 2.92
1428 2.544178 -0.403074  2.947252 2.95
1429 2.543648 -0.456465  3.000113 3.00
1430 2.543064 -0.522815  3.065879 3.07
1431 2.542593 -0.592484  3.135078 3.14
1432 2.542322 -0.657323  3.199645 3.20
1433 2.542252 -0.712090  3.254343 3.25
1434 2.542340 -0.754642  3.296982 3.30
1435 2.542532 -0.785395  3.327928 3.33
1436 2.542777 -0.806559  3.349336 3.35
1437 2.543024 -0.821348  3.364372 3.36
1438 2.543214 -0.833180  3.376394 3.38
1439 2.543288 -0.844773  3.388060 3.39
1440 2.543208 -0.857269  3.400476 3.40
1441 2.542979 -0.869699  3.412678 3.41
1442 2.542656 -0.879088  3.421744 3.42
1443 2.542324 -0.881262  3.423586 3.42
1444 2.542082 -0.872141  3.414223 3.41
1445 2.542038 -0.849246  3.391284 3.39
1446 2.542293 -0.813274  3.355567 3.36
1447 2.542895 -0.769476  3.312372 3.31
1448 2.543753 -0.728115  3.271868 3.27
1449 2.544570 -0.702792  3.247363 3.25
1450 2.544955 -0.705955  3.250910 3.25
1451 2.544697 -0.743249  3.287946 3.29
1452 2.543950 -0.810565  3.354515 3.35
1453 2.543090 -0.896189  3.439279 3.44
1454 2.542428 -0.986192  3.528620 3.53
1455 2.542073 -1.069118  3.611191 3.61
1456 2.541984 -1.137924  3.679908 3.68
1457 2.542071 -1.189680  3.731752 3.73
1458 2.542254 -1.224400  3.766654 3.77
1459 2.542480 -1.243888  3.786368 3.79
1460 2.542717 -1.250914  3.793630 3.79
1461 2.542947 -1.248677  3.791624 3.79
1462 2.543161 -1.240476  3.783636 3.78
1463 2.543352 -1.229491  3.772842 3.77
1464 2.543507 -1.218610  3.762117 3.76
1465 2.543606 -1.210179  3.753785 3.75
1466 2.543625 -1.205656  3.749281 3.75
1467 2.543554 -1.205264  3.748818 3.75
1468 2.543410 -1.207859  3.751268 3.75
1469 2.543229 -1.211163  3.754393 3.75
1470 2.543057 -1.212344  3.755401 3.76
1471 2.542927 -1.208683  3.751610 3.75
1472 2.542858 -1.198123  3.740980 3.74
1473 2.542853 -1.179568  3.722421 3.72
1474 2.542910 -1.152989  3.695899 3.70
1475 2.543020 -1.119387  3.662407 3.66
1476 2.543162 -1.080637  3.623799 3.62
1477 2.543307 -1.039168  3.582476 3.58
1478 2.543423 -0.997495  3.540918 3.54
1479 2.543494 -0.957739  3.501233 3.50
1480 2.543525 -0.921366  3.464892 3.46
1481 2.543542 -0.889251  3.432793 3.43
1482 2.543568 -0.861995  3.405563 3.41
1483 2.543614 -0.840255  3.383870 3.38
1484 2.543677 -0.824904  3.368582 3.37
1485 2.543741 -0.816972  3.360714 3.36
1486 2.543782 -0.817418  3.361200 3.36
1487 2.543772 -0.826781  3.370553 3.37
1488 2.543689 -0.844792  3.388481 3.39
1489 2.543525 -0.870060  3.413585 3.41
1490 2.543295 -0.899985  3.443280 3.44
1491 2.543035 -0.931012  3.474046 3.47
1492 2.542789 -0.959162  3.501952 3.50
1493 2.542601 -0.980724  3.523325 3.52
1494 2.542498 -0.992886  3.535384 3.54
1495 2.542491 -0.994185  3.536676 3.54
1496 2.542570 -0.984669  3.527239 3.53
1497 2.542700 -0.965732  3.508432 3.51
1498 2.542833 -0.939619  3.482452 3.48
1499 2.542919 -0.908714  3.451633 3.45
1500 2.542933 -0.874822  3.417754 3.42
1501 2.542888 -0.838795  3.381683 3.38
1502 2.542843 -0.800751  3.343593 3.34
1503 2.542871 -0.760886  3.303756 3.30
1504 2.543020 -0.720510  3.263530 3.26
1505 2.543272 -0.682680  3.225952 3.23
1506 2.543535 -0.651884  3.195419 3.20
1507 2.543676 -0.632664  3.176341 3.18
1508 2.543602 -0.627713  3.171315 3.17
1509 2.543334 -0.636560  3.179893 3.18
1510 2.543016 -0.655891  3.198907 3.20
1511 2.542843 -0.681614  3.224457 3.22
1512 2.542928 -0.711552  3.254479 3.25
1513 2.543204 -0.746949  3.290153 3.29
1514 2.543457 -0.791475  3.334932 3.33
1515 2.543485 -0.848179  3.391664 3.39
1516 2.543264 -0.916698  3.459961 3.46
1517 2.542933 -0.992877  3.535811 3.54
1518 2.542643 -1.070688  3.613330 3.61
1519 2.542455 -1.144420  3.686874 3.69
1520 2.542360 -1.209771  3.752131 3.75
1521 2.542329 -1.263907  3.806236 3.81
1522 2.542338 -1.305162  3.847500 3.85
1523 2.542369 -1.332750  3.875119 3.88
1524 2.542406 -1.346515  3.888922 3.89
1525 2.542440 -1.346711  3.889151 3.89
1526 2.542471 -1.333844  3.876315 3.88
1527 2.542515 -1.308669  3.851185 3.85
1528 2.542601 -1.272378  3.814979 3.81
1529 2.542760 -1.226959  3.769719 3.77
1530 2.543010 -1.175585  3.718595 3.72
1531 2.543335 -1.122773  3.666109 3.67
1532 2.543681 -1.074067  3.617748 3.62
1533 2.543969 -1.035155  3.579124 3.58
1534 2.544127 -1.010671  3.554798 3.55
1535 2.544121 -1.003125  3.547246 3.55
1536 2.543959 -1.012379  3.556338 3.56
1537 2.543687 -1.035788  3.579475 3.58
1538 2.543369 -1.068892  3.612260 3.61
1539 2.543067 -1.106398  3.649466 3.65
1540 2.542829 -1.143174  3.686003 3.69
1541 2.542674 -1.174981  3.717654 3.72
1542 2.542600 -1.198835  3.741435 3.74
1543 2.542589 -1.213024  3.755613 3.76
1544 2.542624 -1.216885  3.759510 3.76
1545 2.542691 -1.210554  3.753245 3.75
1546 2.542785 -1.194756  3.737541 3.74
1547 2.542906 -1.170720  3.713626 3.71
1548 2.543051 -1.140145  3.683196 3.68
1549 2.543214 -1.105150  3.648363 3.65
1550 2.543379 -1.068138  3.611517 3.61
1551 2.543527 -1.031568  3.575095 3.58
1552 2.543640 -0.997659  3.541298 3.54
1553 2.543703 -0.968113  3.511816 3.51
1554 2.543712 -0.943911  3.487623 3.49
1555 2.543669 -0.925224  3.468894 3.47
1556 2.543587 -0.911467  3.455054 3.46
1557 2.543482 -0.901464  3.444946 3.44
1558 2.543376 -0.893710  3.437085 3.44
1559 2.543288 -0.886687  3.429975 3.43
1560 2.543236 -0.879167  3.422403 3.42
1561 2.543227 -0.870453  3.413681 3.41
1562 2.543258 -0.860497  3.403755 3.40
1563 2.543315 -0.849848  3.393163 3.39
1564 2.543376 -0.839446  3.382822 3.38
1565 2.543417 -0.830291  3.373708 3.37
1566 2.543423 -0.823104  3.366527 3.37
1567 2.543389 -0.818090  3.361479 3.36
1568 2.543321 -0.814862  3.358182 3.36
1569 2.543232 -0.812546  3.355778 3.36
1570 2.543140 -0.809989  3.353129 3.35
1571 2.543061 -0.806016  3.349076 3.35
1572 2.543013 -0.799696  3.342708 3.34
1573 2.543010 -0.790613  3.333623 3.33
1574 2.543057 -0.779070  3.322126 3.32
1575 2.543131 -0.766105  3.309236 3.31
1576 2.543187 -0.753173  3.296360 3.30
1577 2.543163 -0.741455  3.284618 3.28
1578 2.543013 -0.731006  3.274019 3.27
1579 2.542725 -0.720127  3.262851 3.26
1580 2.542331 -0.705279  3.247610 3.25
1581 2.541901 -0.681646  3.223547 3.22
1582 2.541551 -0.644287  3.185838 3.19
1583 2.541463 -0.590000  3.131463 3.13
1584 2.541830 -0.519951  3.061781 3.06
1585 2.542666 -0.442131  2.984798 2.98
1586 2.543620 -0.370987  2.914607 2.91
1587 2.544165 -0.321993  2.866159 2.87
1588 2.544136 -0.304196  2.848332 2.85
1589 2.543820 -0.317688  2.861508 2.86
1590 2.543499 -0.357330  2.900829 2.90
1591 2.543201 -0.416855  2.960056 2.96
1592 2.542874 -0.489855  3.032729 3.03
1593 2.542526 -0.569437  3.111963 3.11
1594 2.542207 -0.648496  3.190703 3.19
1595 2.541954 -0.720529  3.262483 3.26
1596 2.541780 -0.780269  3.322049 3.32
1597 2.541694 -0.823986  3.365681 3.37
1598 2.541710 -0.849655  3.391365 3.39
1599 2.541846 -0.857160  3.399007 3.40
1600 2.542116 -0.848524  3.390639 3.39
1601 2.542506 -0.827988  3.370494 3.37
1602 2.542961 -0.801707  3.344669 3.34
1603 2.543378 -0.776791  3.320169 3.32
1604 2.543634 -0.759684  3.303319 3.30
1605 2.543656 -0.754348  3.298004 3.30
1606 2.543466 -0.761160  3.304626 3.30
1607 2.543181 -0.777256  3.320437 3.32
1608 2.542935 -0.798182  3.341117 3.34
1609 2.542817 -0.819874  3.362691 3.36
1610 2.542845 -0.840013  3.382857 3.38
1611 2.542980 -0.858370  3.401350 3.40
1612 2.543151 -0.876294  3.419445 3.42
1613 2.543280 -0.895687  3.438967 3.44
1614 2.543309 -0.917869  3.461178 3.46
1615 2.543227 -0.942756  3.485983 3.49
1616 2.543067 -0.968678  3.511745 3.51
1617 2.542889 -0.992858  3.535747 3.54
1618 2.542755 -1.012305  3.555060 3.56
1619 2.542705 -1.024721  3.567426 3.57
1620 2.542750 -1.029112  3.571862 3.57
1621 2.542871 -1.025953  3.568824 3.57
1622 2.543029 -1.016924  3.559953 3.56
1623 2.543176 -1.004329  3.547505 3.55
1624 2.543276 -0.990402  3.533678 3.53
1625 2.543311 -0.976739  3.520050 3.52
1626 2.543288 -0.964030  3.507317 3.51
1627 2.543233 -0.952146  3.495378 3.50
1628 2.543180 -0.940523  3.483704 3.48
1629 2.543164 -0.928679  3.471843 3.47
1630 2.543203 -0.916692  3.459895 3.46
1631 2.543293 -0.905472  3.448765 3.45
1632 2.543398 -0.896661  3.440059 3.44
1633 2.543466 -0.892097  3.435563 3.44
1634 2.543454 -0.893024  3.436478 3.44
1635 2.543353 -0.899458  3.442811 3.44
1636 2.543193 -0.910071  3.453264 3.45
1637 2.543020 -0.922626  3.465646 3.47
1638 2.542879 -0.934672  3.477551 3.48
1639 2.542809 -0.944243  3.487052 3.49
1640 2.542842 -0.950470  3.493312 3.49
1641 2.542984 -0.954013  3.496997 3.50
1642 2.543202 -0.957113  3.500315 3.50
1643 2.543425 -0.963043  3.506467 3.51
1644 2.543576 -0.975041  3.518617 3.52
1645 2.543611 -0.995187  3.538798 3.54
1646 2.543536 -1.023740  3.567276 3.57
1647 2.543394 -1.059210  3.602604 3.60
1648 2.543236 -1.098967  3.642203 3.64
1649 2.543104 -1.140021  3.683126 3.68
1650 2.543023 -1.179687  3.722709 3.72
1651 2.542999 -1.215986  3.758985 3.76
1652 2.543025 -1.247803  3.790828 3.79
1653 2.543086 -1.274812  3.817898 3.82
1654 2.543163 -1.297275  3.840438 3.84
1655 2.543240 -1.315775  3.859015 3.86
1656 2.543303 -1.330974  3.874277 3.87
1657 2.543347 -1.343423  3.886770 3.89
1658 2.543369 -1.353462  3.896831 3.90
1659 2.543368 -1.361171  3.904539 3.90
1660 2.543346 -1.366364  3.909710 3.91
1661 2.543303 -1.368598  3.911901 3.91
1662 2.543240 -1.367188  3.910428 3.91
1663 2.543165 -1.361254  3.904419 3.90
1664 2.543084 -1.349808  3.892892 3.89
1665 2.543010 -1.331884  3.874894 3.87
1666 2.542952 -1.306708  3.849660 3.85
1667 2.542922 -1.273862  3.816784 3.82
1668 2.542926 -1.233439  3.776365 3.78
1669 2.542968 -1.186135  3.729103 3.73
1670 2.543050 -1.133296  3.676346 3.68
1671 2.543172 -1.076924  3.620096 3.62
1672 2.543333 -1.019654  3.562987 3.56
1673 2.543518 -0.964663  3.508181 3.51
1674 2.543690 -0.915392  3.459082 3.46
1675 2.543799 -0.874959  3.418758 3.42
1676 2.543800 -0.845381  3.389181 3.39
1677 2.543693 -0.826956  3.370649 3.37
1678 2.543525 -0.818269  3.361794 3.36
1679 2.543369 -0.816900  3.360269 3.36
1680 2.543287 -0.820505  3.363793 3.36
1681 2.543304 -0.827747  3.371052 3.37
1682 2.543395 -0.838673  3.382068 3.38
1683 2.543488 -0.854357  3.397845 3.40
1684 2.543493 -0.875865  3.419357 3.42
1685 2.543353 -0.902981  3.446334 3.45
1686 2.543083 -0.933430  3.476514 3.48
1687 2.542756 -0.963087  3.505843 3.51
1688 2.542462 -0.987051  3.529513 3.53
1689 2.542273 -1.001001  3.543274 3.54
1690 2.542232 -1.002298  3.544530 3.54
1691 2.542358 -0.990661  3.533019 3.53
1692 2.542638 -0.968406  3.511044 3.51
1693 2.543017 -0.940203  3.483220 3.48
1694 2.543398 -0.912198  3.455596 3.46
1695 2.543657 -0.890497  3.434154 3.43
1696 2.543703 -0.879345  3.423048 3.42
1697 2.543529 -0.879785  3.423313 3.42
1698 2.543223 -0.889548  3.432771 3.43
1699 2.542928 -0.904350  3.447277 3.45
1700 2.542767 -0.919938  3.462704 3.46
1701 2.542788 -0.933893  3.476681 3.48
1702 2.542947 -0.946346  3.489294 3.49
1703 2.543126 -0.959338  3.502463 3.50
1704 2.543195 -0.975130  3.518325 3.52
1705 2.543086 -0.994386  3.537472 3.54
1706 2.542830 -1.015223  3.558054 3.56
1707 2.542530 -1.033665  3.576196 3.58
1708 2.542298 -1.045136  3.587434 3.59
1709 2.542213 -1.046139  3.588351 3.59
1710 2.542306 -1.035465  3.577771 3.58
1711 2.542572 -1.014710  3.557282 3.56
1712 2.542954 -0.988137  3.531091 3.53
1713 2.543329 -0.961741  3.505070 3.51
1714 2.543516 -0.941292  3.484808 3.48
1715 2.543380 -0.929685  3.473065 3.47
1716 2.542954 -0.925048  3.468003 3.47
1717 2.542436 -0.921250  3.463686 3.46
1718 2.542060 -0.910779  3.452839 3.45
1719 2.541983 -0.888236  3.430219 3.43
1720 2.542247 -0.852718  3.394965 3.39
1721 2.542798 -0.808512  3.351310 3.35
1722 2.543485 -0.764208  3.307693 3.31
1723 2.544083 -0.730331  3.274414 3.27
1724 2.544378 -0.715947  3.260326 3.26
1725 2.544286 -0.725506  3.269792 3.27
1726 2.543895 -0.757564  3.301460 3.30
1727 2.543394 -0.806030  3.349425 3.35
1728 2.542950 -0.862881  3.405831 3.41
1729 2.542647 -0.920690  3.463337 3.46
1730 2.542501 -0.974051  3.516553 3.52
1731 2.542495 -1.019958  3.562453 3.56
1732 2.542590 -1.057610  3.600201 3.60
1733 2.542725 -1.087840  3.630565 3.63
1734 2.542821 -1.112170  3.654990 3.65
1735 2.542821 -1.131648  3.674470 3.67
1736 2.542739 -1.146054  3.688793 3.69
1737 2.542649 -1.154057  3.696706 3.70
1738 2.542641 -1.154298  3.696938 3.70
1739 2.542752 -1.146632  3.689383 3.69
1740 2.542951 -1.132701  3.675652 3.68
1741 2.543159 -1.115493  3.658652 3.66
1742 2.543293 -1.098190  3.641483 3.64
1743 2.543315 -1.082976  3.626291 3.63
1744 2.543243 -1.070470  3.613712 3.61
1745 2.543121 -1.059937  3.603058 3.60
1746 2.542983 -1.049913  3.592896 3.59
1747 2.542834 -1.038704  3.581538 3.58
1748 2.542668 -1.024539  3.567207 3.57
1749 2.542491 -1.005574  3.548065 3.55
1750 2.542342 -0.980070  3.522411 3.52
1751 2.542293 -0.947001  3.489294 3.49
1752 2.542441 -0.907146  3.449587 3.45
1753 2.542859 -0.864396  3.407255 3.41
1754 2.543501 -0.826553  3.370053 3.37
1755 2.544119 -0.804289  3.348408 3.35
1756 2.544323 -0.807222  3.351545 3.35
1757 2.543884 -0.838251  3.382135 3.38
1758 2.542996 -0.890426  3.433423 3.43
1759 2.542111 -0.949745  3.491856 3.49
1760 2.541556 -1.001660  3.543216 3.54
1761 2.541385 -1.036148  3.577533 3.58
1762 2.541501 -1.049040  3.590541 3.59
1763 2.541799 -1.040953  3.582753 3.58
1764 2.542229 -1.015871  3.558099 3.56
1765 2.542756 -0.980247  3.523003 3.52
1766 2.543280 -0.942224  3.485504 3.49
1767 2.543599 -0.909853  3.453452 3.45
1768 2.543531 -0.888047  3.431578 3.43
1769 2.543093 -0.876004  3.419097 3.42
1770 2.542506 -0.867495  3.410001 3.41
1771 2.542016 -0.854055  3.396071 3.40
1772 2.541762 -0.828691  3.370453 3.37
1773 2.541817 -0.788245  3.330062 3.33
1774 2.542256 -0.734700  3.276956 3.28
1775 2.543082 -0.676128  3.219210 3.22
1776 2.544015 -0.626163  3.170178 3.17
1777 2.544488 -0.599326  3.143814 3.14
1778 2.544169 -0.602874  3.147043 3.15
1779 2.543361 -0.632197  3.175558 3.18
1780 2.542631 -0.674939  3.217570 3.22
1781 2.542267 -0.719070  3.261338 3.26
1782 2.542233 -0.757530  3.299762 3.30
1783 2.542391 -0.788266  3.330657 3.33
1784 2.542635 -0.812477  3.355112 3.36
1785 2.542897 -0.833005  3.375902 3.38
1786 2.543122 -0.853215  3.396337 3.40
1787 2.543263 -0.876075  3.419337 3.42
1788 2.543290 -0.903372  3.446661 3.45
1789 2.543215 -0.935259  3.478474 3.48
1790 2.543086 -0.970385  3.513472 3.51
1791 2.542955 -1.006538  3.549494 3.55
1792 2.542843 -1.041375  3.584219 3.58
1793 2.542732 -1.072741  3.615473 3.62
1794 2.542598 -1.098486  3.641084 3.64
1795 2.542447 -1.116201  3.658648 3.66
1796 2.542324 -1.123370  3.665695 3.67
1797 2.542289 -1.118057  3.660346 3.66
1798 2.542392 -1.099802  3.642194 3.64
1799 2.542654 -1.070349  3.613003 3.61
1800 2.543062 -1.033939  3.577001 3.58
1801 2.543560 -0.997043  3.540603 3.54
1802 2.544044 -0.967423  3.511467 3.51
1803 2.544380 -0.952497  3.496877 3.50
1804 2.544461 -0.957339  3.501801 3.50
1805 2.544262 -0.983070  3.527332 3.53
1806 2.543857 -1.026476  3.570333 3.57
1807 2.543376 -1.081080  3.624457 3.62
1808 2.542936 -1.139055  3.681991 3.68
1809 2.542599 -1.192995  3.735593 3.74
1810 2.542381 -1.236992  3.779374 3.78
1811 2.542272 -1.267007  3.809280 3.81
1812 2.542252 -1.280797  3.823048 3.82
1813 2.542302 -1.277673  3.819974 3.82
1814 2.542411 -1.258255  3.800665 3.80
1815 2.542575 -1.224289  3.766864 3.77
1816 2.542790 -1.178542  3.721332 3.72
1817 2.543041 -1.124671  3.667712 3.67
1818 2.543290 -1.066922  3.610212 3.61
1819 2.543482 -1.009510  3.552992 3.55
1820 2.543567 -0.955776  3.499342 3.50
1821 2.543529 -0.907431  3.450959 3.45
1822 2.543403 -0.864348  3.407751 3.41
1823 2.543257 -0.825062  3.368319 3.37
1824 2.543152 -0.787734  3.330887 3.33
1825 2.543122 -0.751083  3.294205 3.29
1826 2.543164 -0.714887  3.258051 3.26
1827 2.543252 -0.679988  3.223240 3.22
1828 2.543355 -0.647944  3.191298 3.19
1829 2.543448 -0.620560  3.164007 3.16
1830 2.543519 -0.599516  3.143035 3.14
1831 2.543570 -0.586162  3.129732 3.13
1832 2.543606 -0.581488  3.125094 3.13
1833 2.543631 -0.586182  3.129813 3.13
1834 2.543638 -0.600645  3.144283 3.14
1835 2.543609 -0.624864  3.168473 3.17
1836 2.543531 -0.658172  3.201702 3.20
1837 2.543408 -0.699075  3.242484 3.24
1838 2.543265 -0.745338  3.288603 3.29
1839 2.543129 -0.794319  3.337448 3.34
1840 2.543019 -0.843397  3.386416 3.39
1841 2.542942 -0.890289  3.433231 3.43
1842 2.542895 -0.933177  3.476073 3.48
1843 2.542874 -0.970712  3.513586 3.51
1844 2.542875 -1.001965  3.544839 3.54
1845 2.542896 -1.026399  3.569295 3.57
1846 2.542939 -1.043866  3.586805 3.59
1847 2.543005 -1.054623  3.597628 3.60
1848 2.543095 -1.059367  3.602462 3.60
1849 2.543206 -1.059238  3.602444 3.60
1850 2.543329 -1.055771  3.599100 3.60
1851 2.543451 -1.050761  3.594212 3.59
1852 2.543556 -1.046064  3.589620 3.59
1853 2.543632 -1.043358  3.586990 3.59
1854 2.543674 -1.043949  3.587623 3.59
1855 2.543680 -1.048649  3.592329 3.59
1856 2.543656 -1.057743  3.601399 3.60
1857 2.543604 -1.071029  3.614633 3.61
1858 2.543530 -1.087864  3.631394 3.63
1859 2.543432 -1.107215  3.650648 3.65
1860 2.543311 -1.127671  3.670982 3.67
1861 2.543169 -1.147456  3.690626 3.69
1862 2.543014 -1.164490  3.707504 3.71
1863 2.542859 -1.176521  3.719381 3.72
1864 2.542728 -1.181379  3.724107 3.72
1865 2.542645 -1.177316  3.719961 3.72
1866 2.542634 -1.163394  3.706028 3.71
1867 2.542708 -1.139821  3.682529 3.68
1868 2.542867 -1.108147  3.651014 3.65
1869 2.543090 -1.071225  3.614316 3.61
1870 2.543336 -1.032868  3.576204 3.58
1871 2.543544 -0.997185  3.540729 3.54
1872 2.543657 -0.967688  3.511344 3.51
1873 2.543636 -0.946411  3.490046 3.49
1874 2.543486 -0.933363  3.476849 3.48
1875 2.543254 -0.926596  3.469850 3.47
1876 2.543013 -0.922898  3.465911 3.47
1877 2.542832 -0.918865  3.461697 3.46
1878 2.542753 -0.911931  3.454684 3.45
1879 2.542779 -0.901014  3.443793 3.44
1880 2.542876 -0.886598  3.429474 3.43
1881 2.542986 -0.870264  3.413251 3.41
1882 2.543046 -0.853861  3.396908 3.40
1883 2.543013 -0.838601  3.381614 3.38
1884 2.542888 -0.824445  3.367333 3.37
1885 2.542733 -0.810153  3.352886 3.35
1886 2.542659 -0.794164  3.336822 3.34
1887 2.542769 -0.776127  3.318896 3.32
1888 2.543077 -0.758264  3.301341 3.30
1889 2.543457 -0.745406  3.288863 3.29
1890 2.543704 -0.743089  3.286794 3.29
1891 2.543695 -0.754657  3.298352 3.30
1892 2.543478 -0.779525  3.323002 3.32
1893 2.543196 -0.813836  3.357032 3.36
1894 2.542964 -0.852542  3.395506 3.40
1895 2.542811 -0.891144  3.433955 3.43
1896 2.542714 -0.926307  3.469021 3.47
1897 2.542640 -0.955660  3.498300 3.50
1898 2.542575 -0.977411  3.519985 3.52
1899 2.542530 -0.990170  3.532700 3.53
1900 2.542539 -0.993117  3.535656 3.54
1901 2.542638 -0.986440  3.529078 3.53
1902 2.542852 -0.971823  3.514675 3.51
1903 2.543168 -0.952721  3.495890 3.50
1904 2.543530 -0.934089  3.477620 3.48
1905 2.543851 -0.921473  3.465324 3.47
1906 2.544053 -0.919696  3.463749 3.46
1907 2.544099 -0.931701  3.475800 3.48
1908 2.544002 -0.957997  3.501999 3.50
1909 2.543798 -0.996819  3.540617 3.54
1910 2.543535 -1.044696  3.588231 3.59
1911 2.543259 -1.097191  3.640450 3.64
1912 2.543012 -1.149647  3.692659 3.69
1913 2.542827 -1.197859  3.740686 3.74
1914 2.542717 -1.238570  3.781288 3.78
1915 2.542680 -1.269720  3.812399 3.81
1916 2.542700 -1.290426  3.833126 3.83
1917 2.542759 -1.300795  3.843554 3.84
1918 2.542839 -1.301642  3.844480 3.84
1919 2.542926 -1.294218  3.837144 3.84
1920 2.543014 -1.280011  3.823025 3.82
1921 2.543099 -1.260619  3.803718 3.80
1922 2.543175 -1.237667  3.780842 3.78
1923 2.543228 -1.212686  3.755914 3.76
1924 2.543242 -1.186890  3.730131 3.73
1925 2.543208 -1.160926  3.704134 3.70
1926 2.543147 -1.134779  3.677926 3.68
1927 2.543104 -1.108059  3.651162 3.65
1928 2.543120 -1.080621  3.623741 3.62
1929 2.543208 -1.053162  3.596370 3.60
1930 2.543341 -1.027376  3.570717 3.57
1931 2.543476 -1.005557  3.549032 3.55
1932 2.543582 -0.989968  3.533549 3.53
1933 2.543652 -0.982378  3.526030 3.53
1934 2.543685 -0.983896  3.527582 3.53
1935 2.543667 -0.994905  3.538572 3.54
1936 2.543580 -1.014863  3.558442 3.56
1937 2.543424 -1.042087  3.585511 3.59
1938 2.543231 -1.073826  3.617057 3.62
1939 2.543043 -1.106735  3.649778 3.65
1940 2.542888 -1.137522  3.680410 3.68
1941 2.542771 -1.163424  3.706195 3.71
1942 2.542680 -1.182340  3.725020 3.73
1943 2.542600 -1.192720  3.735320 3.74
1944 2.542524 -1.193406  3.735931 3.74
1945 2.542455 -1.183559  3.726014 3.73
1946 2.542406 -1.162706  3.705112 3.71
1947 2.542419 -1.130997  3.673416 3.67
1948 2.542572 -1.089815  3.632387 3.63
1949 2.542949 -1.042845  3.585793 3.59
1950 2.543537 -0.997062  3.540599 3.54
1951 2.544121 -0.962214  3.506335 3.51
1952 2.544365 -0.947497  3.491862 3.49
1953 2.544108 -0.956774  3.500881 3.50
1954 2.543538 -0.986372  3.529910 3.53
1955 2.542985 -1.027658  3.570642 3.57
1956 2.542622 -1.071685  3.614308 3.61
1957 2.542423 -1.111952  3.654375 3.65
1958 2.542286 -1.144338  3.686625 3.69
1959 2.542160 -1.165881  3.708041 3.71
1960 2.542069 -1.174109  3.716178 3.72
1961 2.542075 -1.167385  3.709460 3.71
1962 2.542217 -1.145738  3.687956 3.69
1963 2.542492 -1.111423  3.653915 3.65
1964 2.542846 -1.068817  3.611663 3.61
1965 2.543188 -1.023577  3.566765 3.57
1966 2.543433 -0.981259  3.524692 3.52
1967 2.543552 -0.946024  3.489576 3.49
1968 2.543594 -0.920158  3.463753 3.46
1969 2.543633 -0.904672  3.448306 3.45
1970 2.543684 -0.900231  3.443915 3.44
1971 2.543681 -0.907325  3.451006 3.45
1972 2.543551 -0.925420  3.468971 3.47
1973 2.543289 -0.951983  3.495272 3.50
1974 2.542965 -0.982467  3.525433 3.53
1975 2.542675 -1.011384  3.554059 3.55
1976 2.542477 -1.033712  3.576190 3.58
1977 2.542382 -1.045842  3.588224 3.59
1978 2.542374 -1.045836  3.588211 3.59
1979 2.542431 -1.033263  3.575695 3.58
1980 2.542536 -1.008893  3.551430 3.55
1981 2.542678 -0.974440  3.517118 3.52
1982 2.542850 -0.932371  3.475221 3.48
1983 2.543045 -0.885757  3.428802 3.43
1984 2.543258 -0.838138  3.381395 3.38
1985 2.543479 -0.793376  3.336855 3.34
1986 2.543689 -0.755458  3.299148 3.30
1987 2.543851 -0.728119  3.271970 3.27
1988 2.543915 -0.714226  3.258141 3.26
1989 2.543849 -0.715030  3.258879 3.26
1990 2.543669 -0.729705  3.273375 3.27
1991 2.543441 -0.755576  3.299017 3.30
1992 2.543242 -0.789053  3.332295 3.33
1993 2.543118 -0.826773  3.369891 3.37
1994 2.543063 -0.866299  3.409362 3.41
1995 2.543044 -0.906137  3.449180 3.45
1996 2.543021 -0.945297  3.488318 3.49
1997 2.542978 -0.982814  3.525792 3.53
1998 2.542915 -1.017509  3.560424 3.56
1999 2.542850 -1.048044  3.590894 3.59
