#Step   Etot   PotE Ktot  T
0 0.847440 -2.635478  3.482918 3.48
1 0.850050 -2.627391  3.477441 3.48
2 0.849991 -2.613386  3.463377 3.46
3 0.849909 -2.592774  3.442683 3.44
4 0.849803 -2.564610  3.414412 3.41
5 0.849670 -2.527678  3.377349 3.38
6 0.849514 -2.480499  3.330013 3.33
7 0.849341 -2.421382  3.270723 3.27
8 0.849172 -2.348584  3.197756 3.20
9 0.849045 -2.260640  3.109684 3.11
10 0.849016 -2.156926  3.005942 3.01
11 0.849149 -2.038482  2.887631 2.89
12 0.849481 -1.908856  2.758337 2.76
13 0.849969 -1.774480  2.624449 2.62
14 0.850474 -1.643870  2.494344 2.49
15 0.850828 -1.525515  2.376342 2.38
16 0.850949 -1.425413  2.276362 2.28
17 0.850887 -1.345872  2.196759 2.20
18 0.850755 -1.286158  2.136914 2.14
19 0.850638 -1.244119  2.094757 2.09
20 0.850564 -1.217502  2.068066 2.07
21 2.268181 -1.194432  3.462613 3.46
22 2.268316 -1.176403  3.444719 3.44
23 2.268418 -1.164269  3.432686 3.43
24 2.268464 -1.158596  3.427060 3.43
25 2.268455 -1.159306  3.427761 3.43
26 2.268402 -1.165640  3.434042 3.43
27 2.268318 -1.176304  3.444623 3.44
28 2.268211 -1.189647  3.457858 3.46
29 2.268078 -1.203770  3.471848 3.47
30 2.267909 -1.216528  3.484437 3.48
31 2.267694 -1.225435  3.493128 3.49
32 2.267433 -1.227576  3.495009 3.50
33 2.267164 -1.219735  3.486899 3.49
34 2.266989 -1.199052  3.466041 3.47
35 2.267088 -1.164615  3.431702 3.43
36 2.267626 -1.119953  3.387578 3.39
37 2.268511 -1.074959  3.343470 3.34
38 2.269218 -1.043871  3.313089 3.31
39 2.269165 -1.037506  3.306671 3.31
40 2.268402 -1.055286  3.323688 3.32
41 2.429421 -1.085960  3.515381 3.52
42 2.428978 -1.114798  3.543776 3.54
43 2.428985 -1.133604  3.562589 3.56
44 2.429247 -1.140765  3.570012 3.57
45 2.429575 -1.138841  3.568417 3.57
46 2.429863 -1.131870  3.561733 3.56
47 2.430067 -1.123661  3.553729 3.55
48 2.430182 -1.117036  3.547218 3.55
49 2.430209 -1.113604  3.543813 3.54
50 2.430147 -1.113714  3.543861 3.54
51 2.429998 -1.116425  3.546423 3.55
52 2.429783 -1.119555  3.549337 3.55
53 2.429547 -1.120009  3.549556 3.55
54 2.429358 -1.114501  3.543860 3.54
55 2.429283 -1.100539  3.529822 3.53
56 2.429364 -1.077403  3.506767 3.51
57 2.429604 -1.046755  3.476359 3.48
58 2.429950 -1.012597  3.442548 3.44
59 2.430307 -0.980445  3.410752 3.41
60 2.430569 -0.955866  3.386434 3.39
61 2.529797 -0.942376  3.472173 3.47
62 2.529714 -0.941459  3.471173 3.47
63 2.529500 -0.951786  3.481285 3.48
64 2.529224 -0.969947  3.499171 3.50
65 2.528941 -0.991515  3.520455 3.52
66 2.528674 -1.011904  3.540577 3.54
67 2.528433 -1.026843  3.555276 3.56
68 2.528234 -1.032624  3.560859 3.56
69 2.528110 -1.026399  3.554508 3.55
70 2.528103 -1.006681  3.534784 3.53
71 2.528251 -0.973967  3.502218 3.50
72 2.528557 -0.931208  3.459765 3.46
73 2.528965 -0.883736  3.412701 3.41
74 2.529365 -0.838333  3.367698 3.37
75 2.529642 -0.801552  3.331194 3.33
76 2.529736 -0.777974  3.307710 3.31
77 2.529678 -0.769307  3.298985 3.30
78 2.529551 -0.774762  3.304313 3.30
79 2.529430 -0.792246  3.321676 3.32
80 2.529340 -0.819487  3.348828 3.35
81 2.666001 -0.854657  3.520658 3.52
82 2.665889 -0.894706  3.560594 3.56
83 2.665721 -0.937211  3.602932 3.60
84 2.665514 -0.979025  3.644539 3.64
85 2.665317 -1.016540  3.681856 3.68
86 2.665183 -1.046394  3.711577 3.71
87 2.665150 -1.066268  3.731418 3.73
88 2.665225 -1.075438  3.740663 3.74
89 2.665386 -1.074894  3.740281 3.74
90 2.665591 -1.067021  3.732613 3.73
91 2.665794 -1.054977  3.720771 3.72
92 2.665964 -1.042009  3.707973 3.71
93 2.666099 -1.030981  3.697080 3.70
94 2.666223 -1.024302  3.690524 3.69
95 2.666351 -1.024168  3.690518 3.69
96 2.666452 -1.032672  3.699123 3.70
97 2.666449 -1.051272  3.717721 3.72
98 2.666282 -1.079688  3.745970 3.75
99 2.665980 -1.115092  3.781071 3.78
100 2.665650 -1.152555  3.818206 3.82
101 2.332761 -1.185999  3.518760 3.52
102 2.332630 -1.213673  3.546303 3.55
103 2.332607 -1.232936  3.565543 3.57
104 2.332651 -1.242813  3.575465 3.58
105 2.332723 -1.243475  3.576198 3.58
106 2.332796 -1.235664  3.568460 3.57
107 2.332862 -1.220315  3.553178 3.55
108 2.332927 -1.198416  3.531344 3.53
109 2.332999 -1.171040  3.504038 3.50
110 2.333083 -1.139435  3.472518 3.47
111 2.333179 -1.105089  3.438268 3.44
112 2.333278 -1.069689  3.402968 3.40
113 2.333372 -1.034995  3.368367 3.37
114 2.333450 -1.002673  3.336124 3.34
115 2.333509 -0.974157  3.307666 3.31
116 2.333548 -0.950571  3.284119 3.28
117 2.333564 -0.932699  3.266264 3.27
118 2.333554 -0.920958  3.254513 3.25
119 2.333514 -0.915340  3.248854 3.25
120 2.333442 -0.915353  3.248796 3.25
121 2.570114 -0.919505  3.489619 3.49
122 2.570014 -0.925762  3.495776 3.50
123 2.569936 -0.932788  3.502724 3.50
124 2.569893 -0.939584  3.509478 3.51
125 2.569885 -0.945711  3.515597 3.52
126 2.569890 -0.951272  3.521162 3.52
127 2.569871 -0.956605  3.526475 3.53
128 2.569790 -0.961767  3.531558 3.53
129 2.569640 -0.966056  3.535696 3.54
130 2.569465 -0.967929  3.537394 3.54
131 2.569364 -0.965677  3.535041 3.54
132 2.569451 -0.958836  3.528287 3.53
133 2.569763 -0.949687  3.519450 3.52
134 2.570175 -0.943550  3.513725 3.51
135 2.570435 -0.946814  3.517249 3.52
136 2.570340 -0.963277  3.533617 3.53
137 2.569900 -0.991269  3.561170 3.56
138 2.569324 -1.023834  3.593158 3.59
139 2.568853 -1.051758  3.620611 3.62
140 2.568632 -1.067214  3.635845 3.64
141 2.418402 -1.066655  3.485056 3.49
142 2.418683 -1.051089  3.469772 3.47
143 2.419131 -1.024344  3.443474 3.44
144 2.419656 -0.992933  3.412589 3.41
145 2.420149 -0.964649  3.384798 3.38
146 2.420489 -0.946816  3.367305 3.37
147 2.420594 -0.944481  3.365075 3.37
148 2.420456 -0.959172  3.379628 3.38
149 2.420142 -0.988749  3.408891 3.41
150 2.419758 -1.028382  3.448140 3.45
151 2.419401 -1.072100  3.491501 3.49
152 2.419134 -1.114255  3.533390 3.53
153 2.418985 -1.150525  3.569511 3.57
154 2.418951 -1.178374  3.597325 3.60
155 2.419006 -1.197054  3.616060 3.62
156 2.419104 -1.207235  3.626338 3.63
157 2.419192 -1.210337  3.629529 3.63
158 2.419232 -1.207771  3.627003 3.63
159 2.419216 -1.200358  3.619574 3.62
160 2.419183 -1.188248  3.607430 3.61
161 2.297329 -1.172098  3.469427 3.47
162 2.297414 -1.152692  3.450105 3.45
163 2.297561 -1.131702  3.429263 3.43
164 2.297709 -1.111626  3.409335 3.41
165 2.297794 -1.094898  3.392693 3.39
166 2.297797 -1.082969  3.380765 3.38
167 2.297743 -1.075989  3.373732 3.37
168 2.297671 -1.073149  3.370820 3.37
169 2.297607 -1.073225  3.370832 3.37
170 2.297566 -1.074993  3.372560 3.37
171 2.297557 -1.077507  3.375064 3.38
172 2.297572 -1.080241  3.377813 3.38
173 2.297590 -1.083019  3.380609 3.38
174 2.297587 -1.085740  3.383326 3.38
175 2.297552 -1.088065  3.385618 3.39
176 2.297493 -1.089293  3.386786 3.39
177 2.297424 -1.088446  3.385870 3.39
178 2.297360 -1.084497  3.381857 3.38
179 2.297312 -1.076588  3.373901 3.37
180 2.297291 -1.064210  3.361501 3.36
181 2.421378 -1.046658  3.468036 3.47
182 2.421474 -1.024555  3.446030 3.45
183 2.421674 -0.999911  3.421585 3.42
184 2.421979 -0.976294  3.398273 3.40
185 2.422336 -0.958754  3.381090 3.38
186 2.422636 -0.952933  3.375569 3.38
187 2.422765 -0.963414  3.386179 3.39
188 2.422682 -0.992087  3.414769 3.41
189 2.422433 -1.037521  3.459955 3.46
190 2.422109 -1.095631  3.517740 3.52
191 2.421781 -1.160994  3.582775 3.58
192 2.421490 -1.228001  3.649491 3.65
193 2.421252 -1.291544  3.712796 3.71
194 2.421076 -1.347354  3.768430 3.77
195 2.420965 -1.392181  3.813146 3.81
196 2.420919 -1.423890  3.844809 3.84
197 2.420933 -1.441476  3.862410 3.86
198 2.421001 -1.445009  3.866010 3.87
199 2.421111 -1.435511  3.856622 3.86
200 2.421251 -1.414798  3.836049 3.84
201 2.070925 -1.387566  3.458491 3.46
202 2.071088 -1.356446  3.427534 3.43
203 2.071252 -1.324308  3.395560 3.40
204 2.071416 -1.294070  3.365486 3.37
205 2.071575 -1.268628  3.340202 3.34
206 2.071711 -1.250730  3.322441 3.32
207 2.071799 -1.242701  3.314500 3.31
208 2.071811 -1.246034  3.317846 3.32
209 2.071737 -1.261008  3.332745 3.33
210 2.071586 -1.286518  3.358104 3.36
211 2.071386 -1.320222  3.391608 3.39
212 2.071178 -1.358966  3.430143 3.43
213 2.071004 -1.399397  3.470401 3.47
214 2.070894 -1.438602  3.509497 3.51
215 2.070858 -1.474573  3.545431 3.55
216 2.070880 -1.506361  3.577241 3.58
217 2.070932 -1.533892  3.604824 3.60
218 2.070982 -1.557564  3.628546 3.63
219 2.071009 -1.577799  3.648808 3.65
220 2.071006 -1.594734  3.665740 3.67
221 1.890801 -1.608199  3.499000 3.50
222 1.890751 -1.618404  3.509155 3.51
223 1.890688 -1.624438  3.515127 3.52
224 1.890621 -1.625230  3.515851 3.52
225 1.890560 -1.619663  3.510223 3.51
226 1.890520 -1.606746  3.497266 3.50
227 1.890517 -1.585850  3.476367 3.48
228 1.890565 -1.556954  3.447519 3.45
229 1.890663 -1.520820  3.411483 3.41
230 1.890799 -1.478995  3.369794 3.37
231 1.890947 -1.433623  3.324570 3.32
232 1.891075 -1.387066  3.278141 3.28
233 1.891156 -1.341443  3.232599 3.23
234 1.891175 -1.298220  3.189395 3.19
235 1.891138 -1.257998  3.149137 3.15
236 1.891073 -1.220610  3.111683 3.11
237 1.891016 -1.185488  3.076504 3.08
238 1.891005 -1.152201  3.043206 3.04
239 1.891062 -1.120970  3.012032 3.01
240 1.891187 -1.092984  2.984171 2.98
241 2.392762 -1.066818  3.459580 3.46
242 2.392933 -1.045881  3.438814 3.44
243 2.393018 -1.032793  3.425810 3.43
244 2.392958 -1.028832  3.421789 3.42
245 2.392744 -1.033100  3.425844 3.43
246 2.392426 -1.042435  3.434861 3.43
247 2.392091 -1.052150  3.444241 3.44
248 2.391827 -1.057338  3.449165 3.45
249 2.391701 -1.054224  3.445925 3.45
250 2.391736 -1.041153  3.432889 3.43
251 2.391907 -1.018941  3.410848 3.41
252 2.392149 -0.990501  3.382650 3.38
253 2.392382 -0.959862  3.352244 3.35
254 2.392552 -0.930980  3.323531 3.32
255 2.392650 -0.906895  3.299546 3.30
256 2.392696 -0.889544  3.282240 3.28
257 2.392690 -0.879926  3.272616 3.27
258 2.392612 -0.878124  3.270736 3.27
259 2.392450 -0.883027  3.275476 3.28
260 2.392241 -0.892245  3.284486 3.28
261 2.593143 -0.902149  3.495292 3.50
262 2.593082 -0.908953  3.502035 3.50
263 2.593169 -0.911728  3.504896 3.50
264 2.593376 -0.911698  3.505074 3.51
265 2.593626 -0.911814  3.505440 3.51
266 2.593821 -0.915609  3.509430 3.51
267 2.593882 -0.925757  3.519639 3.52
268 2.593780 -0.942914  3.536694 3.54
269 2.593545 -0.965314  3.558859 3.56
270 2.593240 -0.989202  3.582442 3.58
271 2.592932 -1.009791  3.602724 3.60
272 2.592694 -1.022362  3.615055 3.62
273 2.592594 -1.023364  3.615958 3.62
274 2.592690 -1.011492  3.604182 3.60
275 2.592985 -0.988462  3.581447 3.58
276 2.593387 -0.958925  3.552312 3.55
277 2.593735 -0.929040  3.522774 3.52
278 2.593904 -0.904107  3.498011 3.50
279 2.593906 -0.886780  3.480686 3.48
280 2.593851 -0.877126  3.470977 3.47
281 2.608428 -0.874081  3.482509 3.48
282 2.608468 -0.876958  3.485426 3.49
283 2.608507 -0.885717  3.494224 3.49
284 2.608492 -0.900275  3.508767 3.51
285 2.608408 -0.919792  3.528200 3.53
286 2.608287 -0.942510  3.550797 3.55
287 2.608175 -0.966175  3.574350 3.57
288 2.608104 -0.988698  3.596802 3.60
289 2.608085 -1.008657  3.616742 3.62
290 2.608104 -1.025445  3.633549 3.63
291 2.608132 -1.039084  3.647216 3.65
292 2.608138 -1.049817  3.657954 3.66
293 2.608100 -1.057661  3.665761 3.67
294 2.608009 -1.062084  3.670093 3.67
295 2.607876 -1.061884  3.669760 3.67
296 2.607730 -1.055358  3.663088 3.66
297 2.607613 -1.040721  3.648334 3.65
298 2.607571 -1.016724  3.624294 3.62
299 2.607644 -0.983323  3.590967 3.59
300 2.607849 -0.942234  3.550083 3.55
301 2.543649 -0.897773  3.441422 3.44
302 2.544012 -0.855023  3.399035 3.40
303 2.544328 -0.819791  3.364119 3.36
304 2.544500 -0.797044  3.341544 3.34
305 2.544475 -0.789492  3.333967 3.33
306 2.544266 -0.796810  3.341076 3.34
307 2.543952 -0.815851  3.359803 3.36
308 2.543633 -0.841784  3.385417 3.39
309 2.543389 -0.869574  3.412962 3.41
310 2.543255 -0.895201  3.438456 3.44
311 2.543225 -0.916247  3.459472 3.46
312 2.543265 -0.931839  3.475104 3.48
313 2.543343 -0.942222  3.485565 3.49
314 2.543440 -0.948296  3.491736 3.49
315 2.543551 -0.951330  3.494880 3.49
316 2.543670 -0.952852  3.496522 3.50
317 2.543782 -0.954546  3.498328 3.50
318 2.543861 -0.958003  3.501865 3.50
319 2.543885 -0.964345  3.508230 3.51
320 2.543848 -0.973899  3.517747 3.52
321 2.511592 -0.986191  3.497783 3.50
322 2.511510 -1.000281  3.511791 3.51
323 2.511446 -1.014971  3.526416 3.53
324 2.511400 -1.029290  3.540690 3.54
325 2.511349 -1.042495  3.553844 3.55
326 2.511269 -1.053758  3.565027 3.57
327 2.511161 -1.061851  3.573012 3.57
328 2.511054 -1.065169  3.576223 3.58
329 2.510988 -1.062153  3.573141 3.57
330 2.510989 -1.051864  3.562853 3.56
331 2.511061 -1.034384  3.545446 3.55
332 2.511187 -1.010879  3.522066 3.52
333 2.511338 -0.983344  3.494682 3.49
334 2.511489 -0.954209  3.465698 3.47
335 2.511621 -0.925948  3.437569 3.44
336 2.511723 -0.900779  3.412502 3.41
337 2.511783 -0.880456  3.392240 3.39
338 2.511790 -0.866094  3.377884 3.38
339 2.511725 -0.857956  3.369682 3.37
340 2.511578 -0.855219  3.366797 3.37
341 2.630119 -0.855390  3.485509 3.49
342 2.629855 -0.854889  3.484744 3.48
343 2.629632 -0.850120  3.479752 3.48
344 2.629549 -0.838251  3.467800 3.47
345 2.629696 -0.818663  3.448359 3.45
346 2.630093 -0.794172  3.424266 3.42
347 2.630646 -0.771210  3.401856 3.40
348 2.631146 -0.758270  3.389416 3.39
349 2.631382 -0.762826  3.394208 3.39
350 2.631279 -0.788265  3.419545 3.42
351 2.630933 -0.832779  3.463712 3.46
352 2.630517 -0.890706  3.521223 3.52
353 2.630172 -0.955084  3.585255 3.59
354 2.629955 -1.019794  3.649749 3.65
355 2.629857 -1.080566  3.710423 3.71
356 2.629831 -1.134956  3.764788 3.76
357 2.629822 -1.181733  3.811556 3.81
358 2.629788 -1.220122  3.849910 3.85
359 2.629708 -1.249212  3.878920 3.88
360 2.629582 -1.267675  3.897256 3.90
361 2.217762 -1.274621  3.492383 3.49
362 2.217648 -1.270638  3.488286 3.49
363 2.217601 -1.254712  3.472313 3.47
364 2.217672 -1.227074  3.444745 3.44
365 2.217881 -1.189880  3.407761 3.41
366 2.218182 -1.147414  3.365597 3.37
367 2.218472 -1.105296  3.323768 3.32
368 2.218670 -1.068929  3.287599 3.29
369 2.218794 -1.042310  3.261104 3.26
370 2.218876 -1.028037  3.246913 3.25
371 2.218857 -1.027563  3.246420 3.25
372 2.218639 -1.040333  3.258972 3.26
373 2.218257 -1.062606  3.280864 3.28
374 2.217886 -1.088074  3.305960 3.31
375 2.217689 -1.110398  3.328087 3.33
376 2.217713 -1.125673  3.343386 3.34
377 2.217903 -1.133261  3.351165 3.35
378 2.218162 -1.135127  3.353289 3.35
379 2.218398 -1.134457  3.352854 3.35
380 2.218545 -1.134285  3.352830 3.35
381 2.351320 -1.136113  3.487433 3.49
382 2.351258 -1.139906  3.491164 3.49
383 2.351129 -1.144681  3.495811 3.50
384 2.350975 -1.148557  3.499533 3.50
385 2.350834 -1.149356  3.500190 3.50
386 2.350745 -1.145201  3.495946 3.50
387 2.350751 -1.135119  3.485869 3.49
388 2.350890 -1.119662  3.470552 3.47
389 2.351175 -1.101426  3.452601 3.45
390 2.351553 -1.085095  3.436648 3.44
391 2.351905 -1.076567  3.428472 3.43
392 2.352087 -1.081127  3.433215 3.43
393 2.352019 -1.101353  3.453371 3.45
394 2.351734 -1.135956  3.487690 3.49
395 2.351354 -1.180282  3.531636 3.53
396 2.351011 -1.228071  3.579082 3.58
397 2.350786 -1.273436  3.624222 3.62
398 2.350699 -1.312170  3.662869 3.66
399 2.350724 -1.342134  3.692858 3.69
400 2.350821 -1.362982  3.713803 3.71
401 2.122695 -1.375738  3.498433 3.50
402 2.122793 -1.382888  3.505681 3.51
403 2.122856 -1.385624  3.508480 3.51
404 2.122874 -1.384708  3.507582 3.51
405 2.122854 -1.380325  3.503179 3.50
406 2.122811 -1.372167  3.494978 3.49
407 2.122763 -1.359657  3.482420 3.48
408 2.122723 -1.342193  3.464916 3.46
409 2.122700 -1.319357  3.442057 3.44
410 2.122706 -1.291076  3.413782 3.41
411 2.122752 -1.257782  3.380534 3.38
412 2.122837 -1.220540  3.343377 3.34
413 2.122944 -1.181018  3.303962 3.30
414 2.123030 -1.141157  3.264187 3.26
415 2.123056 -1.102566  3.225622 3.23
416 2.123013 -1.065945  3.188958 3.19
417 2.122934 -1.030957  3.153891 3.15
418 2.122873 -0.996695  3.119568 3.12
419 2.122874 -0.962460  3.085334 3.09
420 2.122951 -0.928404  3.051355 3.05
421 2.557318 -0.891980  3.449298 3.45
422 2.557518 -0.856386  3.413904 3.41
423 2.557725 -0.824705  3.382430 3.38
424 2.557904 -0.800147  3.358051 3.36
425 2.558023 -0.785483  3.343506 3.34
426 2.558058 -0.782562  3.340620 3.34
427 2.558001 -0.791949  3.349951 3.35
428 2.557858 -0.812784  3.370642 3.37
429 2.557651 -0.842879  3.400531 3.40
430 2.557413 -0.879072  3.436485 3.44
431 2.557175 -0.917724  3.474899 3.47
432 2.556960 -0.955224  3.512183 3.51
433 2.556776 -0.988360  3.545136 3.55
434 2.556631 -1.014544  3.571175 3.57
435 2.556541 -1.031971  3.588513 3.59
436 2.556549 -1.039921  3.596470 3.60
437 2.556724 -1.039398  3.596121 3.60
438 2.557117 -1.034060  3.591176 3.59
439 2.557651 -1.030693  3.588343 3.59
440 2.558057 -1.037770  3.595828 3.60
441 2.447766 -1.061539  3.509306 3.51
442 2.447270 -1.102086  3.549356 3.55
443 2.446605 -1.151924  3.598528 3.60
444 2.446112 -1.200704  3.646816 3.65
445 2.445942 -1.240200  3.686142 3.69
446 2.446053 -1.266746  3.712800 3.71
447 2.446330 -1.280940  3.727271 3.73
448 2.446655 -1.286066  3.732721 3.73
449 2.446936 -1.286355  3.733291 3.73
450 2.447116 -1.285594  3.732710 3.73
451 2.447180 -1.286227  3.733407 3.73
452 2.447146 -1.289062  3.736209 3.74
453 2.447056 -1.293502  3.740558 3.74
454 2.446951 -1.298106  3.745057 3.75
455 2.446862 -1.301197  3.748059 3.75
456 2.446809 -1.301327  3.748136 3.75
457 2.446801 -1.297575  3.744376 3.74
458 2.446841 -1.289707  3.736549 3.74
459 2.446920 -1.278223  3.725144 3.73
460 2.447012 -1.264198  3.711211 3.71
461 2.221432 -1.249974  3.471406 3.47
462 2.221444 -1.236601  3.458046 3.46
463 2.221402 -1.224225  3.445627 3.45
464 2.221327 -1.212210  3.433537 3.43
465 2.221258 -1.199466  3.420724 3.42
466 2.221230 -1.184990  3.406220 3.41
467 2.221266 -1.168394  3.389659 3.39
468 2.221368 -1.150231  3.371599 3.37
469 2.221523 -1.132047  3.353570 3.35
470 2.221699 -1.116151  3.337850 3.34
471 2.221854 -1.105145  3.326999 3.33
472 2.221949 -1.101311  3.323260 3.32
473 2.221957 -1.106015  3.327972 3.33
474 2.221877 -1.119324  3.341201 3.34
475 2.221729 -1.139974  3.361703 3.36
476 2.221549 -1.165679  3.387228 3.39
477 2.221373 -1.193650  3.415023 3.42
478 2.221225 -1.221122  3.442347 3.44
479 2.221117 -1.245742  3.466859 3.47
480 2.221052 -1.265783  3.486835 3.49
481 2.219757 -1.280200  3.499957 3.50
482 2.219763 -1.288604  3.508367 3.51
483 2.219790 -1.291157  3.510947 3.51
484 2.219822 -1.288426  3.508248 3.51
485 2.219830 -1.281125  3.500955 3.50
486 2.219775 -1.269717  3.489492 3.49
487 2.219618 -1.253885  3.473503 3.47
488 2.219334 -1.232017  3.451351 3.45
489 2.218951 -1.201004  3.419955 3.42
490 2.218582 -1.156790  3.375371 3.38
491 2.218454 -1.096200  3.314654 3.31
492 2.218859 -1.020296  3.239155 3.24
493 2.219882 -0.938168  3.158050 3.16
494 2.221038 -0.867256  3.088294 3.09
495 2.221454 -0.825709  3.047163 3.05
496 2.220819 -0.820187  3.041006 3.04
497 2.219736 -0.841609  3.061345 3.06
498 2.218899 -0.873282  3.092181 3.09
499 2.218515 -0.901077  3.119592 3.12
500 2.218475 -0.917338  3.135813 3.14
501 2.568431 -0.918085  3.486516 3.49
502 2.568758 -0.902404  3.471162 3.47
503 2.569200 -0.875134  3.444335 3.44
504 2.569781 -0.843461  3.413241 3.41
505 2.570469 -0.816909  3.387378 3.39
506 2.571059 -0.806417  3.377475 3.38
507 2.571198 -0.820940  3.392137 3.39
508 2.570715 -0.862368  3.433083 3.43
509 2.569874 -0.923234  3.493108 3.49
510 2.569141 -0.990413  3.559553 3.56
511 2.568790 -1.051779  3.620570 3.62
512 2.568822 -1.100522  3.669344 3.67
513 2.569096 -1.135546  3.704642 3.70
514 2.569452 -1.159629  3.729081 3.73
515 2.569763 -1.177086  3.746849 3.75
516 2.569953 -1.191830  3.761783 3.76
517 2.570007 -1.206183  3.776191 3.78
518 2.569960 -1.220582  3.790542 3.79
519 2.569862 -1.233997  3.803860 3.80
520 2.569754 -1.244649  3.814403 3.81
521 2.240818 -1.251397  3.492215 3.49
522 2.240731 -1.254037  3.494768 3.49
523 2.240657 -1.251081  3.491738 3.49
524 2.240598 -1.241329  3.481927 3.48
525 2.240559 -1.223911  3.464471 3.46
526 2.240559 -1.198401  3.438960 3.44
527 2.240622 -1.165058  3.405680 3.41
528 2.240772 -1.125173  3.365945 3.37
529 2.241017 -1.081380  3.322397 3.32
530 2.241331 -1.037697  3.279028 3.28
531 2.241649 -0.999089  3.240738 3.24
532 2.241887 -0.970470  3.212357 3.21
533 2.241979 -0.955456  3.197435 3.20
534 2.241918 -0.955418  3.197336 3.20
535 2.241755 -0.969363  3.211117 3.21
536 2.241561 -0.994646  3.236207 3.24
537 2.241390 -1.028015  3.269405 3.27
538 2.241260 -1.066424  3.307684 3.31
539 2.241167 -1.107378  3.348546 3.35
540 2.241099 -1.148922  3.390021 3.39
541 2.336596 -1.189782  3.526377 3.53
542 2.336564 -1.227858  3.564422 3.56
543 2.336551 -1.262253  3.598803 3.60
544 2.336558 -1.292412  3.628970 3.63
545 2.336580 -1.318129  3.654708 3.65
546 2.336601 -1.339436  3.676037 3.68
547 2.336604 -1.356391  3.692995 3.69
548 2.336578 -1.368824  3.705402 3.71
549 2.336529 -1.376196  3.712726 3.71
550 2.336477 -1.377678  3.714155 3.71
551 2.336446 -1.372429  3.708875 3.71
552 2.336456 -1.359975  3.696432 3.70
553 2.336515 -1.340495  3.677010 3.68
554 2.336616 -1.314929  3.651544 3.65
555 2.336742 -1.284879  3.621621 3.62
556 2.336876 -1.252383  3.589259 3.59
557 2.337004 -1.219638  3.556642 3.56
558 2.337117 -1.188777  3.525893 3.53
559 2.337209 -1.161709  3.498918 3.50
560 2.337276 -1.140018  3.477294 3.48
561 2.345580 -1.124817  3.470397 3.47
562 2.345567 -1.116689  3.462256 3.46
563 2.345506 -1.115503  3.461009 3.46
564 2.345403 -1.120363  3.465766 3.47
565 2.345279 -1.129717  3.474995 3.47
566 2.345157 -1.141654  3.486811 3.49
567 2.345060 -1.154279  3.499339 3.50
568 2.344995 -1.166032  3.511028 3.51
569 2.344961 -1.175837  3.520798 3.52
570 2.344945 -1.183085  3.528030 3.53
571 2.344941 -1.187509  3.532450 3.53
572 2.344950 -1.189084  3.534033 3.53
573 2.344985 -1.188059  3.533044 3.53
574 2.345068 -1.185148  3.530217 3.53
575 2.345214 -1.181802  3.527015 3.53
576 2.345412 -1.180369  3.525781 3.53
577 2.345621 -1.183908  3.529529 3.53
578 2.345772 -1.195519  3.541291 3.54
579 2.345804 -1.217345  3.563149 3.56
580 2.345694 -1.249673  3.595367 3.60
581 2.235672 -1.290263  3.525935 3.53
582 2.235398 -1.336281  3.571678 3.57
583 2.235130 -1.383242  3.618372 3.62
584 2.234907 -1.426696  3.661603 3.66
585 2.234742 -1.462842  3.697584 3.70
586 2.234635 -1.488797  3.723432 3.72
587 2.234577 -1.502635  3.737213 3.74
588 2.234565 -1.503311  3.737876 3.74
589 2.234597 -1.490608  3.725205 3.73
590 2.234681 -1.465138  3.699819 3.70
591 2.234827 -1.428430  3.663257 3.66
592 2.235041 -1.383049  3.618091 3.62
593 2.235317 -1.332641  3.567957 3.57
594 2.235623 -1.281767  3.517390 3.52
595 2.235907 -1.235401  3.471309 3.47
596 2.236102 -1.198085  3.434187 3.43
597 2.236154 -1.172929  3.409083 3.41
598 2.236048 -1.160831  3.396879 3.40
599 2.235819 -1.160270  3.396089 3.40
600 2.235533 -1.167801  3.403334 3.40
601 2.317487 -1.178947  3.496434 3.50
602 2.317272 -1.189067  3.506339 3.51
603 2.317138 -1.194741  3.511879 3.51
604 2.317082 -1.193799  3.510881 3.51
605 2.317088 -1.185318  3.502406 3.50
606 2.317139 -1.169418  3.486556 3.49
607 2.317218 -1.147007  3.464225 3.46
608 2.317317 -1.119554  3.436871 3.44
609 2.317427 -1.088916  3.406344 3.41
610 2.317537 -1.057179  3.374716 3.37
611 2.317630 -1.026453  3.344084 3.34
612 2.317691 -0.998606  3.316297 3.32
613 2.317711 -0.975005  3.292716 3.29
614 2.317697 -0.956387  3.274084 3.27
615 2.317668 -0.942942  3.260610 3.26
616 2.317644 -0.934571  3.252215 3.25
617 2.317635 -0.931169  3.248804 3.25
618 2.317639 -0.932778  3.250416 3.25
619 2.317642 -0.939562  3.257204 3.26
620 2.317618 -0.951601  3.269220 3.27
621 2.533884 -0.968266  3.502151 3.50
622 2.533726 -0.987115  3.520841 3.52
623 2.533499 -1.005812  3.539311 3.54
624 2.533257 -1.021103  3.554360 3.55
625 2.533093 -1.029647  3.562739 3.56
626 2.533096 -1.029343  3.562438 3.56
627 2.533312 -1.020618  3.553930 3.55
628 2.533695 -1.006997  3.540693 3.54
629 2.534103 -0.994329  3.528432 3.53
630 2.534356 -0.988654  3.523010 3.52
631 2.534344 -0.993597  3.527941 3.53
632 2.534100 -1.008813  3.542913 3.54
633 2.533761 -1.030427  3.564188 3.56
634 2.533471 -1.053020  3.586490 3.59
635 2.533304 -1.071760  3.605064 3.61
636 2.533257 -1.083599  3.616856 3.62
637 2.533288 -1.087349  3.620638 3.62
638 2.533361 -1.083168  3.616529 3.62
639 2.533466 -1.072042  3.605509 3.61
640 2.533617 -1.055617  3.589234 3.59
641 2.430160 -1.036960  3.467120 3.47
642 2.430424 -1.019502  3.449926 3.45
643 2.430698 -1.007283  3.437980 3.44
644 2.430910 -1.004364  3.435274 3.44
645 2.430991 -1.013775  3.444766 3.44
646 2.430907 -1.036498  3.467405 3.47
647 2.430672 -1.070977  3.501649 3.50
648 2.430341 -1.113347  3.543688 3.54
649 2.429978 -1.158253  3.588231 3.59
650 2.429636 -1.199847  3.629483 3.63
651 2.429348 -1.232648  3.661996 3.66
652 2.429133 -1.252120  3.681253 3.68
653 2.429016 -1.255066  3.684082 3.68
654 2.429035 -1.240056  3.669091 3.67
655 2.429237 -1.208006  3.637244 3.64
656 2.429633 -1.162771  3.592404 3.59
657 2.430137 -1.111113  3.541250 3.54
658 2.430559 -1.061251  3.491809 3.49
659 2.430727 -1.020042  3.450770 3.45
660 2.430636 -0.990503  3.421140 3.42
661 2.494857 -0.971208  3.466065 3.47
662 2.494678 -0.959136  3.453813 3.45
663 2.494566 -0.951268  3.445834 3.45
664 2.494506 -0.945375  3.439881 3.44
665 2.494493 -0.939966  3.434459 3.43
666 2.494535 -0.934275  3.428810 3.43
667 2.494630 -0.928396  3.423026 3.42
668 2.494749 -0.923235  3.417983 3.42
669 2.494853 -0.920116  3.414969 3.41
670 2.494913 -0.920235  3.415148 3.42
671 2.494920 -0.924220  3.419140 3.42
672 2.494887 -0.931999  3.426886 3.43
673 2.494844 -0.942980  3.437824 3.44
674 2.494819 -0.956443  3.451262 3.45
675 2.494833 -0.971952  3.466784 3.47
676 2.494886 -0.989626  3.484512 3.48
677 2.494961 -1.010149  3.505110 3.51
678 2.495026 -1.034493  3.529519 3.53
679 2.495049 -1.063453  3.558502 3.56
680 2.495008 -1.097167  3.592175 3.59
681 2.388293 -1.134528  3.522821 3.52
682 2.388139 -1.174535  3.562675 3.56
683 2.387961 -1.214683  3.602644 3.60
684 2.387781 -1.252117  3.639898 3.64
685 2.387613 -1.283990  3.671604 3.67
686 2.387463 -1.307703  3.695166 3.70
687 2.387335 -1.321030  3.708365 3.71
688 2.387236 -1.322216  3.709452 3.71
689 2.387183 -1.310113  3.697296 3.70
690 2.387200 -1.284437  3.671637 3.67
691 2.387316 -1.246123  3.633439 3.63
692 2.387545 -1.197683  3.585227 3.59
693 2.387872 -1.143360  3.531232 3.53
694 2.388245 -1.088846  3.477091 3.48
695 2.388574 -1.040412  3.428986 3.43
696 2.388762 -1.003555  3.392318 3.39
697 2.388742 -0.981557  3.370299 3.37
698 2.388506 -0.974479  3.362984 3.36
699 2.388116 -0.979071  3.367187 3.37
700 2.387689 -0.989725  3.377414 3.38
701 2.495494 -0.999915  3.495408 3.50
702 2.495312 -1.003911  3.499223 3.50
703 2.495286 -0.999027  3.494313 3.49
704 2.495336 -0.984905  3.480241 3.48
705 2.495379 -0.962449  3.457827 3.46
706 2.495384 -0.932657  3.428042 3.43
707 2.495390 -0.896210  3.391600 3.39
708 2.495465 -0.853975  3.349440 3.35
709 2.495677 -0.808003  3.303681 3.30
710 2.496047 -0.762430  3.258477 3.26
711 2.496503 -0.723625  3.220128 3.22
712 2.496882 -0.698972  3.195855 3.20
713 2.497044 -0.694454  3.191498 3.19
714 2.496988 -0.712591  3.209579 3.21
715 2.496818 -0.752331  3.249149 3.25
716 2.496613 -0.810447  3.307060 3.31
717 2.496383 -0.882749  3.379132 3.38
718 2.496120 -0.964411  3.460531 3.46
719 2.495846 -1.050032  3.545877 3.55
720 2.495603 -1.134044  3.629647 3.63
721 2.351335 -1.210343  3.561677 3.56
722 2.351213 -1.277080  3.628293 3.63
723 2.351135 -1.331324  3.682459 3.68
724 2.351063 -1.371040  3.722103 3.72
725 2.350951 -1.394588  3.745539 3.75
726 2.350765 -1.400169  3.750934 3.75
727 2.350496 -1.385421  3.735916 3.74
728 2.350196 -1.347459  3.697655 3.70
729 2.350042 -1.283891  3.633933 3.63
730 2.350363 -1.195564  3.545927 3.55
731 2.351448 -1.091123  3.442571 3.44
732 2.352980 -0.990084  3.343064 3.34
733 2.353813 -0.916947  3.270760 3.27
734 2.353173 -0.884921  3.238093 3.24
735 2.351795 -0.885625  3.237419 3.24
736 2.350896 -0.898858  3.249754 3.25
737 2.350859 -0.909676  3.260535 3.26
738 2.351347 -0.915023  3.266370 3.27
739 2.351896 -0.919871  3.271767 3.27
740 2.352220 -0.930714  3.282934 3.28
741 2.554915 -0.950890  3.505805 3.51
742 2.554770 -0.978993  3.533763 3.53
743 2.554531 -1.011948  3.566479 3.57
744 2.554290 -1.045241  3.599531 3.60
745 2.554118 -1.074352  3.628470 3.63
746 2.554052 -1.095850  3.649903 3.65
747 2.554095 -1.108008  3.662102 3.66
748 2.554219 -1.110886  3.665106 3.67
749 2.554380 -1.105962  3.660343 3.66
750 2.554524 -1.095448  3.649973 3.65
751 2.554601 -1.081478  3.636079 3.64
752 2.554584 -1.065351  3.619936 3.62
753 2.554491 -1.047135  3.601626 3.60
754 2.554385 -1.025914  3.580299 3.58
755 2.554354 -1.000712  3.555066 3.56
756 2.554463 -0.971714  3.526178 3.53
757 2.554722 -0.941184  3.495907 3.50
758 2.555061 -0.913502  3.468563 3.47
759 2.555354 -0.894073  3.449427 3.45
760 2.555483 -0.887459  3.442942 3.44
761 2.598030 -0.895524  3.493554 3.49
762 2.597786 -0.916910  3.514696 3.51
763 2.597451 -0.947746  3.545197 3.55
764 2.597090 -0.982670  3.579760 3.58
765 2.596737 -1.015846  3.612583 3.61
766 2.596411 -1.041620  3.638031 3.64
767 2.596132 -1.054923  3.651055 3.65
768 2.595933 -1.051667  3.647600 3.65
769 2.595872 -1.029316  3.625188 3.63
770 2.596018 -0.987730  3.583748 3.58
771 2.596421 -0.930130  3.526551 3.53
772 2.597044 -0.863625  3.460669 3.46
773 2.597731 -0.798478  3.396208 3.40
774 2.598242 -0.745618  3.343860 3.34
775 2.598389 -0.713095  3.311484 3.31
776 2.598154 -0.703329  3.301484 3.30
777 2.597693 -0.712845  3.310538 3.31
778 2.597213 -0.734481  3.331694 3.33
779 2.596864 -0.760484  3.357349 3.36
780 2.596694 -0.784816  3.381510 3.38
781 2.700738 -0.803840  3.504578 3.50
782 2.700817 -0.815629  3.516446 3.52
783 2.700925 -0.820682  3.521607 3.52
784 2.701020 -0.820139  3.521159 3.52
785 2.701090 -0.815158  3.516248 3.52
786 2.701146 -0.806695  3.507841 3.51
787 2.701197 -0.795593  3.496790 3.50
788 2.701240 -0.782675  3.483916 3.48
789 2.701261 -0.768663  3.469924 3.47
790 2.701262 -0.753979  3.455241 3.46
791 2.701277 -0.738797  3.440075 3.44
792 2.701355 -0.723523  3.424878 3.42
793 2.701515 -0.709443  3.410957 3.41
794 2.701726 -0.698999  3.400725 3.40
795 2.701913 -0.695325  3.397238 3.40
796 2.702000 -0.701178  3.403178 3.40
797 2.701945 -0.717819  3.419764 3.42
798 2.701766 -0.744417  3.446182 3.45
799 2.701523 -0.778280  3.479803 3.48
800 2.701289 -0.815719  3.517008 3.52
801 2.669670 -0.853042  3.522712 3.52
802 2.669560 -0.887656  3.557216 3.56
803 2.669496 -0.917623  3.587119 3.59
804 2.669444 -0.941712  3.611155 3.61
805 2.669372 -0.958936  3.628308 3.63
806 2.669268 -0.968150  3.637418 3.64
807 2.669138 -0.967879  3.637017 3.64
808 2.669003 -0.956441  3.625445 3.63
809 2.668893 -0.932277  3.601170 3.60
810 2.668843 -0.894412  3.563255 3.56
811 2.668902 -0.843024  3.511926 3.51
812 2.669131 -0.780162  3.449293 3.45
813 2.669573 -0.710551  3.380124 3.38
814 2.670197 -0.642075  3.312273 3.31
815 2.670829 -0.585053  3.255882 3.26
816 2.671189 -0.549506  3.220695 3.22
817 2.671066 -0.541072  3.212139 3.21
818 2.670488 -0.558047  3.228535 3.23
819 2.669683 -0.591768  3.261451 3.26
820 2.668915 -0.629956  3.298871 3.30
821 2.855045 -0.660420  3.515464 3.52
822 2.854793 -0.672096  3.526889 3.53
823 2.854881 -0.661086  3.515967 3.52
824 2.855275 -0.628918  3.484193 3.48
825 2.855870 -0.581995  3.437866 3.44
826 2.856513 -0.529947  3.386461 3.39
827 2.857052 -0.483207  3.340260 3.34
828 2.857350 -0.450539  3.307889 3.31
829 2.857274 -0.436736  3.294010 3.29
830 2.856797 -0.440628  3.297425 3.30
831 2.856123 -0.454851  3.310975 3.31
832 2.855591 -0.468921  3.324512 3.32
833 2.855436 -0.474175  3.329611 3.33
834 2.855690 -0.467394  3.323084 3.32
835 2.856230 -0.451493  3.307723 3.31
836 2.856853 -0.433816  3.290668 3.29
837 2.857341 -0.423109  3.280450 3.28
838 2.857541 -0.426288  3.283830 3.28
839 2.857426 -0.446129  3.303555 3.30
840 2.857090 -0.480796  3.337887 3.34
841 3.004355 -0.525374  3.529729 3.53
842 3.004001 -0.572014  3.576014 3.58
843 3.003790 -0.615363  3.619153 3.62
844 3.003786 -0.652390  3.656175 3.66
845 3.004046 -0.683373  3.687419 3.69
846 3.004563 -0.712627  3.717190 3.72
847 3.005129 -0.748004  3.753133 3.75
848 3.005363 -0.797584  3.802947 3.80
849 3.005028 -0.864177  3.869206 3.87
850 3.004320 -0.942111  3.946431 3.95
851 3.003662 -1.019935  4.023597 4.02
852 3.003321 -1.086447  4.089768 4.09
853 3.003296 -1.134810  4.138106 4.14
854 3.003463 -1.163004  4.166467 4.17
855 3.003701 -1.172277  4.175979 4.18
856 3.003942 -1.165437  4.169378 4.17
857 3.004163 -1.145784  4.149948 4.15
858 3.004370 -1.116705  4.121075 4.12
859 3.004572 -1.081625  4.086197 4.09
860 3.004767 -1.044043  4.048810 4.05
861 2.441695 -1.011820  3.453515 3.45
862 2.441822 -0.986969  3.428791 3.43
863 2.441896 -0.971802  3.413698 3.41
864 2.441906 -0.967711  3.409618 3.41
865 2.441837 -0.974964  3.416801 3.42
866 2.441685 -0.992472  3.434156 3.43
867 2.441478 -1.017763  3.459241 3.46
868 2.441275 -1.047451  3.488725 3.49
869 2.441125 -1.078090  3.519216 3.52
870 2.441042 -1.106955  3.547997 3.55
871 2.440999 -1.132284  3.573283 3.57
872 2.440949 -1.152967  3.593916 3.59
873 2.440857 -1.167961  3.608818 3.61
874 2.440707 -1.175797  3.616504 3.62
875 2.440511 -1.174406  3.614917 3.61
876 2.440305 -1.161329  3.601633 3.60
877 2.440149 -1.134293  3.574442 3.57
878 2.440130 -1.092147  3.532276 3.53
879 2.440343 -1.036113  3.476456 3.48
880 2.440835 -0.971079  3.411914 3.41
881 2.515165 -0.904947  3.420111 3.42
882 2.515760 -0.849492  3.365252 3.37
883 2.516004 -0.814562  3.330566 3.33
884 2.515877 -0.804572  3.320450 3.32
885 2.515590 -0.818108  3.333698 3.33
886 2.515303 -0.850679  3.365982 3.37
887 2.515003 -0.897075  3.412078 3.41
888 2.514635 -0.951502  3.466137 3.47
889 2.514246 -1.007113  3.521358 3.52
890 2.513950 -1.056791  3.570741 3.57
891 2.513822 -1.094860  3.608682 3.61
892 2.513853 -1.118254  3.632107 3.63
893 2.513985 -1.126520  3.640505 3.64
894 2.514164 -1.121060  3.635223 3.64
895 2.514365 -1.104341  3.618706 3.62
896 2.514593 -1.079482  3.594075 3.59
897 2.514856 -1.050198  3.565054 3.57
898 2.515134 -1.020784  3.535919 3.54
899 2.515371 -0.995730  3.511100 3.51
900 2.515497 -0.978820  3.494316 3.49
901 2.506741 -0.972191  3.478932 3.48
902 2.506653 -0.975943  3.482595 3.48
903 2.506561 -0.988821  3.495383 3.50
904 2.506510 -1.009316  3.515826 3.52
905 2.506483 -1.036283  3.542765 3.54
906 2.506435 -1.068788  3.575224 3.58
907 2.506337 -1.105539  3.611875 3.61
908 2.506189 -1.144467  3.650656 3.65
909 2.506025 -1.182801  3.688826 3.69
910 2.505886 -1.217544  3.723430 3.72
911 2.505800 -1.246080  3.751880 3.75
912 2.505776 -1.266620  3.772396 3.77
913 2.505805 -1.278360  3.784165 3.78
914 2.505873 -1.281389  3.787262 3.79
915 2.505962 -1.276472  3.782434 3.78
916 2.506061 -1.264809  3.770870 3.77
917 2.506164 -1.247856  3.754020 3.75
918 2.506265 -1.227197  3.733462 3.73
919 2.506363 -1.204456  3.710819 3.71
920 2.506454 -1.181237  3.687691 3.69
921 2.304409 -1.160192  3.464601 3.46
922 2.304468 -1.142495  3.446964 3.45
923 2.304502 -1.129134  3.433636 3.43
924 2.304502 -1.120657  3.425159 3.43
925 2.304468 -1.117079  3.421547 3.42
926 2.304401 -1.117858  3.422260 3.42
927 2.304308 -1.121938  3.426246 3.43
928 2.304198 -1.127860  3.432058 3.43
929 2.304085 -1.133937  3.438022 3.44
930 2.303986 -1.138488  3.442474 3.44
931 2.303920 -1.140114  3.444034 3.44
932 2.303904 -1.137992  3.441897 3.44
933 2.303954 -1.132145  3.436099 3.44
934 2.304072 -1.123631  3.427703 3.43
935 2.304252 -1.114586  3.418837 3.42
936 2.304472 -1.108061  3.412533 3.41
937 2.304700 -1.107661  3.412361 3.41
938 2.304891 -1.116999  3.421890 3.42
939 2.304986 -1.138962  3.443948 3.44
940 2.304933 -1.174813  3.479746 3.48
941 2.310544 -1.223471  3.534015 3.53
942 2.310229 -1.281317  3.591546 3.59
943 2.309892 -1.343093  3.652985 3.65
944 2.309605 -1.403104  3.712709 3.71
945 2.309400 -1.456327  3.765727 3.77
946 2.309275 -1.498969  3.808244 3.81
947 2.309212 -1.528544  3.837756 3.84
948 2.309188 -1.543647  3.852835 3.85
949 2.309184 -1.543656  3.852841 3.85
950 2.309189 -1.528468  3.837657 3.84
951 2.309200 -1.498329  3.807529 3.81
952 2.309220 -1.453785  3.763006 3.76
953 2.309261 -1.395733  3.704994 3.70
954 2.309336 -1.325555  3.634891 3.63
955 2.309454 -1.245284  3.554738 3.55
956 2.309618 -1.157711  3.467329 3.47
957 2.309822 -1.066391  3.376213 3.38
958 2.310058 -0.975517  3.285575 3.29
959 2.310318 -0.889740  3.200058 3.20
960 2.310594 -0.813995  3.124589 3.12
961 2.671848 -0.748288  3.420136 3.42
962 2.672073 -0.700181  3.372254 3.37
963 2.672161 -0.673430  3.345590 3.35
964 2.672051 -0.669473  3.341524 3.34
965 2.671762 -0.686606  3.358368 3.36
966 2.671385 -0.720277  3.391662 3.39
967 2.671027 -0.764414  3.435441 3.44
968 2.670765 -0.813046  3.483811 3.48
969 2.670626 -0.861488  3.532114 3.53
970 2.670605 -0.906856  3.577461 3.58
971 2.670676 -0.948042  3.618718 3.62
972 2.670798 -0.985355  3.656153 3.66
973 2.670926 -1.019946  3.690872 3.69
974 2.671013 -1.053102  3.724114 3.72
975 2.671034 -1.085584  3.756618 3.76
976 2.670996 -1.117266  3.788262 3.79
977 2.670927 -1.147199  3.818126 3.82
978 2.670864 -1.174032  3.844896 3.84
979 2.670832 -1.196529  3.867361 3.87
980 2.670838 -1.213935  3.884773 3.88
981 2.271659 -1.226408  3.498066 3.50
982 2.271697 -1.236074  3.507771 3.51
983 2.271727 -1.243369  3.515097 3.52
984 2.271738 -1.248669  3.520407 3.52
985 2.271727 -1.252109  3.523836 3.52
986 2.271704 -1.253559  3.525263 3.53
987 2.271688 -1.252767  3.524456 3.52
988 2.271696 -1.249615  3.521311 3.52
989 2.271733 -1.244338  3.516070 3.52
990 2.271792 -1.237601  3.509394 3.51
991 2.271859 -1.230402  3.502261 3.50
992 2.271917 -1.223832  3.495749 3.50
993 2.271956 -1.218839  3.490795 3.49
994 2.271975 -1.216073  3.488049 3.49
995 2.271980 -1.215870  3.487851 3.49
996 2.271975 -1.218305  3.490280 3.49
997 2.271961 -1.223263  3.495224 3.50
998 2.271937 -1.230466  3.502404 3.50
999 2.271905 -1.239482  3.511388 3.51
1000 2.271867 -1.249738  3.521605 3.52
1001 2.271827 -1.260566  3.532394 3.53
1002 2.271791 -1.271284  3.543075 3.54
1003 2.271762 -1.281266  3.553029 3.55
1004 2.271740 -1.290000  3.561740 3.56
1005 2.271723 -1.297085  3.568809 3.57
1006 2.271711 -1.302221  3.573932 3.57
1007 2.271709 -1.305199  3.576908 3.58
1008 2.271724 -1.305975  3.577700 3.58
1009 2.271765 -1.304783  3.576548 3.58
1010 2.271830 -1.302237  3.574067 3.57
1011 2.271904 -1.299302  3.571205 3.57
1012 2.271962 -1.297074  3.569036 3.57
1013 2.271980 -1.296427  3.568407 3.57
1014 2.271950 -1.297666  3.569616 3.57
1015 2.271885 -1.300412  3.572297 3.57
1016 2.271816 -1.303789  3.575606 3.58
1017 2.271778 -1.306865  3.578643 3.58
1018 2.271783 -1.309113  3.580896 3.58
1019 2.271815 -1.310606  3.582421 3.58
1020 2.271833 -1.311770  3.583603 3.58
1021 2.271796 -1.312804  3.584599 3.58
1022 2.271693 -1.313122  3.584815 3.58
1023 2.271555 -1.311234  3.582789 3.58
1024 2.271436 -1.305191  3.576627 3.58
1025 2.271381 -1.293342  3.564723 3.56
1026 2.271414 -1.275015  3.546428 3.55
1027 2.271527 -1.250849  3.522375 3.52
1028 2.271692 -1.222716  3.494408 3.49
1029 2.271864 -1.193301  3.465165 3.47
1030 2.271992 -1.165421  3.437412 3.44
1031 2.272030 -1.141260  3.413291 3.41
1032 2.271962 -1.121735  3.393697 3.39
1033 2.271804 -1.106229  3.378033 3.38
1034 2.271601 -1.092851  3.364452 3.36
1035 2.271417 -1.079116  3.350533 3.35
1036 2.271317 -1.062884  3.334201 3.33
1037 2.271358 -1.043338  3.314696 3.31
1038 2.271560 -1.021781  3.293341 3.29
1039 2.271858 -1.001801  3.273659 3.27
1040 2.272090 -0.988197  3.260287 3.26
1041 2.272081 -0.984564  3.256645 3.26
1042 2.271795 -0.990842  3.262637 3.26
1043 2.271375 -1.002828  3.274203 3.27
1044 2.271024 -1.014216  3.285240 3.29
1045 2.270868 -1.019546  3.290414 3.29
1046 2.270926 -1.016180  3.287106 3.29
1047 2.271151 -1.004729  3.275880 3.28
1048 2.271464 -0.988419  3.259883 3.26
1049 2.271773 -0.971912  3.243685 3.24
1050 2.271986 -0.959894  3.231879 3.23
1051 2.272048 -0.955710  3.227758 3.23
1052 2.271965 -0.960514  3.232479 3.23
1053 2.271800 -0.973303  3.245103 3.25
1054 2.271640 -0.991800  3.263441 3.26
1055 2.271550 -1.013667  3.285217 3.29
1056 2.271545 -1.037420  3.308965 3.31
1057 2.271595 -1.062682  3.334276 3.33
1058 2.271646 -1.089777  3.361424 3.36
1059 2.271660 -1.119022  3.390682 3.39
1060 2.271624 -1.150163  3.421787 3.42
1061 2.271553 -1.182227  3.453780 3.45
1062 2.271466 -1.213732  3.485198 3.49
1063 2.271374 -1.242977  3.514351 3.51
1064 2.271277 -1.268238  3.539515 3.54
1065 2.271171 -1.287811  3.558982 3.56
1066 2.271055 -1.300001  3.571056 3.57
1067 2.270944 -1.303168  3.574112 3.57
1068 2.270879 -1.295996  3.566875 3.57
1069 2.270925 -1.278102  3.549028 3.55
1070 2.271138 -1.250932  3.522071 3.52
1071 2.271494 -1.218415  3.489909 3.49
1072 2.271837 -1.186410  3.458247 3.46
1073 2.271952 -1.160368  3.432320 3.43
1074 2.271755 -1.142319  3.414074 3.41
1075 2.271382 -1.129719  3.401101 3.40
1076 2.271067 -1.117328  3.388395 3.39
1077 2.270955 -1.100486  3.371441 3.37
1078 2.271060 -1.077331  3.348391 3.35
1079 2.271313 -1.049152  3.320465 3.32
1080 2.271628 -1.019497  3.291125 3.29
1081 2.271937 -0.992938  3.264875 3.26
1082 2.272196 -0.974023  3.246218 3.25
1083 2.272377 -0.966557  3.238933 3.24
1084 2.272455 -0.973133  3.245588 3.25
1085 2.272406 -0.994724  3.267130 3.27
1086 2.272222 -1.030301  3.302523 3.30
1087 2.271934 -1.076741  3.348675 3.35
1088 2.271607 -1.129290  3.400897 3.40
1089 2.271313 -1.182535  3.453847 3.45
1090 2.271092 -1.231460  3.502552 3.50
1091 2.270953 -1.272132  3.543086 3.54
1092 2.270881 -1.301892  3.572773 3.57
1093 2.270858 -1.319206  3.590064 3.59
1094 2.270879 -1.323476  3.594356 3.59
1095 2.270956 -1.314992  3.585948 3.59
1096 2.271111 -1.295088  3.566198 3.57
1097 2.271355 -1.266415  3.537770 3.54
1098 2.271671 -1.233059  3.504729 3.50
1099 2.271986 -1.200149  3.472135 3.47
1100 2.272197 -1.172756  3.444953 3.44
1101 2.272228 -1.154356  3.426585 3.43
1102 2.272091 -1.145746  3.417837 3.42
1103 2.271875 -1.145177  3.417052 3.42
1104 2.271686 -1.149631  3.421317 3.42
1105 2.271576 -1.156323  3.427900 3.43
1106 2.271527 -1.163502  3.435029 3.44
1107 2.271478 -1.170261  3.441739 3.44
1108 2.271374 -1.175742  3.447116 3.45
1109 2.271199 -1.178388  3.449588 3.45
1110 2.270996 -1.175790  3.446786 3.45
1111 2.270850 -1.165324  3.436175 3.44
1112 2.270858 -1.145418  3.416276 3.42
1113 2.271066 -1.116882  3.387948 3.39
1114 2.271412 -1.083462  3.354874 3.35
1115 2.271722 -1.050791  3.322513 3.32
1116 2.271830 -1.023843  3.295673 3.30
1117 2.271718 -1.004565  3.276283 3.28
1118 2.271515 -0.991570  3.263085 3.26
1119 2.271364 -0.981922  3.253286 3.25
1120 2.271321 -0.973203  3.244523 3.24
1121 2.271364 -0.964438  3.235802 3.24
1122 2.271451 -0.955931  3.227382 3.23
1123 2.271543 -0.948670  3.220213 3.22
1124 2.271616 -0.943786  3.215402 3.22
1125 2.271652 -0.942151  3.213803 3.21
1126 2.271640 -0.944103  3.215743 3.22
1127 2.271579 -0.949280  3.220860 3.22
1128 2.271477 -0.956602  3.228079 3.23
1129 2.271351 -0.964397  3.235748 3.24
1130 2.271225 -0.970685  3.241909 3.24
1131 2.271118 -0.973531  3.244650 3.24
1132 2.271048 -0.971379  3.242427 3.24
1133 2.271032 -0.963319  3.234350 3.23
1134 2.271098 -0.949386  3.220483 3.22
1135 2.271274 -0.930951  3.202225 3.20
1136 2.271560 -0.911071  3.182631 3.18
1137 2.271903 -0.894402  3.166305 3.17
1138 2.272195 -0.886317  3.158512 3.16
1139 2.272319 -0.891285  3.163604 3.16
1140 2.272212 -0.911149  3.183361 3.18
1141 2.271913 -0.944214  3.216126 3.22
1142 2.271545 -0.985790  3.257335 3.26
1143 2.271251 -1.029997  3.301248 3.30
1144 2.271111 -1.071822  3.342932 3.34
1145 2.271117 -1.108361  3.379478 3.38
1146 2.271202 -1.138815  3.410017 3.41
1147 2.271288 -1.163592  3.434880 3.43
1148 2.271324 -1.183222  3.454546 3.45
1149 2.271299 -1.197635  3.468933 3.47
1150 2.271230 -1.205994  3.477224 3.48
1151 2.271140 -1.206936  3.478076 3.48
1152 2.271048 -1.198930  3.469978 3.47
1153 2.270960 -1.180560  3.451520 3.45
1154 2.270881 -1.150683  3.421564 3.42
1155 2.270825 -1.108543  3.379368 3.38
1156 2.270815 -1.053979  3.324794 3.32
1157 2.270889 -0.987789  3.258677 3.26
1158 2.271085 -0.912246  3.183331 3.18
1159 2.271427 -0.831616  3.103042 3.10
1160 2.271892 -0.752355  3.024246 3.02
1161 2.272409 -0.682673  2.955081 2.96
1162 2.272863 -0.631329  2.904191 2.90
1163 2.273112 -0.605779  2.878891 2.88
1164 2.273035 -0.609985  2.883019 2.88
1165 2.272616 -0.642641  2.915257 2.92
1166 2.271993 -0.697037  2.969030 2.97
1167 2.271379 -0.763128  3.034507 3.03
1168 2.270938 -0.830745  3.101684 3.10
1169 2.270717 -0.892128  3.162846 3.16
1170 2.270677 -0.942823  3.213500 3.21
1171 2.270748 -0.981252  3.251999 3.25
1172 2.270870 -1.007741  3.278611 3.28
1173 2.271013 -1.023649  3.294661 3.29
1174 2.271166 -1.030851  3.302017 3.30
1175 2.271325 -1.031539  3.302864 3.30
1176 2.271472 -1.028081  3.299553 3.30
1177 2.271580 -1.022757  3.294337 3.29
1178 2.271621 -1.017344  3.288964 3.29
1179 2.271587 -1.012730  3.284317 3.28
1180 2.271503 -1.008826  3.280329 3.28
1181 2.271425 -1.004922  3.276347 3.28
1182 2.271415 -1.000469  3.271884 3.27
1183 2.271499 -0.995916  3.267415 3.27
1184 2.271619 -0.992968  3.264587 3.26
1185 2.271645 -0.993663  3.265308 3.27
1186 2.271475 -0.998520  3.269996 3.27
1187 2.271143 -1.005156  3.276299 3.28
1188 2.270807 -1.008796  3.279603 3.28
1189 2.270632 -1.004536  3.275168 3.28
1190 2.270701 -0.989765  3.260466 3.26
1191 2.270997 -0.965437  3.236434 3.24
1192 2.271430 -0.935885  3.207314 3.21
1193 2.271864 -0.907490  3.179354 3.18
1194 2.272160 -0.886678  3.158839 3.16
1195 2.272226 -0.877838  3.150064 3.15
1196 2.272066 -0.881981  3.154047 3.15
1197 2.271776 -0.896774  3.168550 3.17
1198 2.271489 -0.917906  3.189394 3.19
1199 2.271308 -0.941010  3.212318 3.21
1200 2.271262 -0.963175  3.234438 3.23
1201 2.271307 -0.983403  3.254711 3.25
1202 2.271367 -1.002024  3.273391 3.27
1203 2.271390 -1.019646  3.291037 3.29
1204 2.271381 -1.036434  3.307815 3.31
1205 2.271383 -1.052146  3.323529 3.32
1206 2.271434 -1.066729  3.338163 3.34
1207 2.271539 -1.080847  3.352386 3.35
1208 2.271674 -1.095950  3.367624 3.37
1209 2.271808 -1.113939  3.385747 3.39
1210 2.271914 -1.136698  3.408612 3.41
1211 2.271954 -1.165622  3.437577 3.44
1212 2.271886 -1.201035  3.472921 3.47
1213 2.271695 -1.241567  3.513262 3.51
1214 2.271425 -1.283985  3.555410 3.56
1215 2.271161 -1.323864  3.595026 3.60
1216 2.270967 -1.356807  3.627774 3.63
1217 2.270855 -1.379419  3.650274 3.65
1218 2.270809 -1.389606  3.660415 3.66
1219 2.270815 -1.386417  3.657232 3.66
1220 2.270890 -1.369924  3.640814 3.64
1221 2.271058 -1.341416  3.612474 3.61
1222 2.271326 -1.303711  3.575037 3.58
1223 2.271654 -1.261155  3.532809 3.53
1224 2.271965 -1.218975  3.490940 3.49
1225 2.272186 -1.182120  3.454306 3.45
1226 2.272291 -1.154179  3.426469 3.43
1227 2.272306 -1.136959  3.409265 3.41
1228 2.272272 -1.130805  3.403077 3.40
1229 2.272206 -1.135144  3.407350 3.41
1230 2.272100 -1.148749  3.420849 3.42
1231 2.271945 -1.169669  3.441614 3.44
1232 2.271761 -1.195188  3.466949 3.47
1233 2.271586 -1.222135  3.493721 3.49
1234 2.271457 -1.247475  3.518932 3.52
1235 2.271394 -1.268881  3.540275 3.54
1236 2.271398 -1.285050  3.556449 3.56
1237 2.271462 -1.295768  3.567230 3.57
1238 2.271572 -1.301790  3.573362 3.57
1239 2.271707 -1.304621  3.576328 3.58
1240 2.271838 -1.306183  3.578020 3.58
1241 2.271924 -1.308321  3.580245 3.58
1242 2.271932 -1.312221  3.584154 3.58
1243 2.271851 -1.317906  3.589757 3.59
1244 2.271700 -1.324081  3.595781 3.60
1245 2.271521 -1.328426  3.599947 3.60
1246 2.271358 -1.328224  3.599583 3.60
1247 2.271246 -1.321048  3.592294 3.59
1248 2.271201 -1.305278  3.576479 3.58
1249 2.271228 -1.280390  3.551618 3.55
1250 2.271324 -1.247042  3.518366 3.52
1251 2.271479 -1.207020  3.478499 3.48
1252 2.271674 -1.163063  3.434737 3.43
1253 2.271876 -1.118529  3.390405 3.39
1254 2.272044 -1.076877  3.348921 3.35
1255 2.272143 -1.041044  3.313187 3.31
1256 2.272161 -1.012907  3.285068 3.29
1257 2.272119 -0.993091  3.265209 3.27
1258 2.272061 -0.981262  3.253323 3.25
1259 2.272029 -0.976751  3.248780 3.25
1260 2.272032 -0.979123  3.251155 3.25
1261 2.272044 -0.988333  3.260377 3.26
1262 2.272017 -1.004353  3.276370 3.28
1263 2.271911 -1.026511  3.298422 3.30
1264 2.271718 -1.052959  3.324677 3.32
1265 2.271465 -1.080595  3.352060 3.35
1266 2.271198 -1.105473  3.376671 3.38
1267 2.270957 -1.123490  3.394447 3.39
1268 2.270773 -1.131055  3.401827 3.40
1269 2.270655 -1.125573  3.396228 3.40
1270 2.270607 -1.105677  3.376284 3.38
1271 2.270640 -1.071330  3.341970 3.34
1272 2.270799 -1.024052  3.294851 3.29
1273 2.271157 -0.967556  3.238713 3.24
1274 2.271742 -0.908634  3.180376 3.18
1275 2.272416 -0.857233  3.129649 3.13
1276 2.272858 -0.824108  3.096966 3.10
1277 2.272805 -0.816140  3.088945 3.09
1278 2.272323 -0.832658  3.104980 3.10
1279 2.271735 -0.866340  3.138075 3.14
1280 2.271311 -0.907756  3.179067 3.18
1281 2.271120 -0.949425  3.220545 3.22
1282 2.271099 -0.987156  3.258255 3.26
1283 2.271165 -1.019409  3.290574 3.29
1284 2.271260 -1.046162  3.317422 3.32
1285 2.271350 -1.068055  3.339405 3.34
1286 2.271414 -1.085852  3.357266 3.36
1287 2.271437 -1.100094  3.371531 3.37
1288 2.271416 -1.110892  3.382308 3.38
1289 2.271356 -1.117874  3.389230 3.39
1290 2.271280 -1.120313  3.391593 3.39
1291 2.271235 -1.117500  3.388735 3.39
1292 2.271299 -1.109476  3.380775 3.38
1293 2.271559 -1.098152  3.369711 3.37
1294 2.272019 -1.088373  3.360392 3.36
1295 2.272491 -1.087633  3.360124 3.36
1296 2.272656 -1.103120  3.375777 3.38
1297 2.272344 -1.137137  3.409481 3.41
1298 2.271730 -1.184757  3.456486 3.46
1299 2.271155 -1.236292  3.507447 3.51
1300 2.270830 -1.282191  3.553021 3.55
1301 2.270759 -1.316331  3.587090 3.59
1302 2.270853 -1.336460  3.607313 3.61
1303 2.271024 -1.343088  3.614112 3.61
1304 2.271224 -1.338251  3.609475 3.61
1305 2.271431 -1.324726  3.596157 3.60
1306 2.271636 -1.305637  3.577273 3.58
1307 2.271817 -1.284193  3.556010 3.56
1308 2.271943 -1.263298  3.535241 3.54
1309 2.271980 -1.245034  3.517014 3.52
1310 2.271911 -1.230147  3.502059 3.50
1311 2.271745 -1.217797  3.489542 3.49
1312 2.271511 -1.205674  3.477185 3.48
1313 2.271252 -1.190470  3.461722 3.46
1314 2.271015 -1.168545  3.439561 3.44
1315 2.270845 -1.136681  3.407526 3.41
1316 2.270773 -1.092763  3.363536 3.36
1317 2.270819 -1.036304  3.307123 3.31
1318 2.270978 -0.968714  3.239692 3.24
1319 2.271223 -0.893226  3.164450 3.16
1320 2.271506 -0.814437  3.085944 3.09
1321 2.271780 -0.737554  3.009334 3.01
1322 2.272016 -0.667630  2.939646 2.94
1323 2.272208 -0.609083  2.881291 2.88
1324 2.272336 -0.565455  2.837791 2.84
1325 2.272359 -0.539074  2.811433 2.81
1326 2.272235 -0.530439  2.802674 2.80
1327 2.271966 -0.537678  2.809644 2.81
1328 2.271612 -0.556644  2.828256 2.83
1329 2.271258 -0.581826  2.853084 2.85
1330 2.270983 -0.607667  2.878650 2.88
1331 2.270837 -0.629778  2.900615 2.90
1332 2.270844 -0.645762  2.916607 2.92
1333 2.270998 -0.655572  2.926571 2.93
1334 2.271258 -0.661396  2.932654 2.93
1335 2.271553 -0.667006  2.938559 2.94
1336 2.271794 -0.676646  2.948440 2.95
1337 2.271911 -0.693702  2.965614 2.97
1338 2.271882 -0.719638  2.991520 2.99
1339 2.271741 -0.753644  3.025384 3.03
1340 2.271555 -0.793139  3.064694 3.06
1341 2.271388 -0.834774  3.106162 3.11
1342 2.271274 -0.875390  3.146664 3.15
1343 2.271222 -0.912611  3.183832 3.18
1344 2.271222 -0.945018  3.216240 3.22
1345 2.271256 -0.972068  3.243324 3.24
1346 2.271298 -0.993816  3.265114 3.27
1347 2.271318 -1.010535  3.281853 3.28
1348 2.271294 -1.022283  3.293576 3.29
1349 2.271218 -1.028574  3.299792 3.30
1350 2.271109 -1.028305  3.299415 3.30
1351 2.271008 -1.020030  3.291038 3.29
1352 2.270967 -1.002571  3.273539 3.27
1353 2.271033 -0.975784  3.246817 3.25
1354 2.271221 -0.941209  3.212430 3.21
1355 2.271505 -0.902282  3.173787 3.17
1356 2.271806 -0.863855  3.135661 3.14
1357 2.272030 -0.831019  3.103049 3.10
1358 2.272117 -0.807706  3.079823 3.08
1359 2.272068 -0.795778  3.067846 3.07
1360 2.271921 -0.794981  3.066902 3.07
1361 2.271712 -0.803443  3.075156 3.08
1362 2.271474 -0.818237  3.089711 3.09
1363 2.271261 -0.835943  3.107204 3.11
1364 2.271139 -0.853481  3.124620 3.12
1365 2.271144 -0.869068  3.140212 3.14
1366 2.271239 -0.882699  3.153938 3.15
1367 2.271327 -0.895596  3.166924 3.17
1368 2.271333 -0.908874  3.180207 3.18
1369 2.271266 -0.922484  3.193750 3.19
1370 2.271209 -0.935345  3.206554 3.21
1371 2.271233 -0.946457  3.217690 3.22
1372 2.271336 -0.955896  3.227233 3.23
1373 2.271447 -0.964791  3.236238 3.24
1374 2.271489 -0.974351  3.245839 3.25
1375 2.271440 -0.984830  3.256270 3.26
1376 2.271341 -0.995221  3.266561 3.27
1377 2.271254 -1.003818  3.275072 3.28
1378 2.271220 -1.009123  3.280343 3.28
1379 2.271238 -1.010444  3.281682 3.28
1380 2.271272 -1.007911  3.279182 3.28
1381 2.271278 -1.001995  3.273273 3.27
1382 2.271233 -0.992917  3.264150 3.26
1383 2.271162 -0.980342  3.251504 3.25
1384 2.271134 -0.963727  3.234862 3.23
1385 2.271229 -0.943287  3.214516 3.21
1386 2.271460 -0.921001  3.192462 3.19
1387 2.271732 -0.900663  3.172396 3.17
1388 2.271894 -0.886420  3.158313 3.16
1389 2.271869 -0.880625  3.152494 3.15
1390 2.271720 -0.882780  3.154500 3.15
1391 2.271561 -0.890352  3.161912 3.16
1392 2.271463 -0.900447  3.171911 3.17
1393 2.271435 -0.910956  3.182391 3.18
1394 2.271459 -0.920800  3.192259 3.19
1395 2.271519 -0.929766  3.201285 3.20
1396 2.271600 -0.938289  3.209889 3.21
1397 2.271680 -0.947210  3.218890 3.22
1398 2.271723 -0.957405  3.229128 3.23
1399 2.271704 -0.969274  3.240978 3.24
1400 2.271614 -0.982334  3.253948 3.25
1401 2.271472 -0.995101  3.266574 3.27
1402 2.271312 -1.005360  3.276672 3.28
1403 2.271164 -1.010641  3.281804 3.28
1404 2.271049 -1.008695  3.279743 3.28
1405 2.270982 -0.997839  3.268821 3.27
1406 2.270976 -0.977204  3.248180 3.25
1407 2.271047 -0.946948  3.217995 3.22
1408 2.271205 -0.908466  3.179671 3.18
1409 2.271450 -0.864531  3.135981 3.14
1410 2.271762 -0.819241  3.091003 3.09
1411 2.272097 -0.777670  3.049766 3.05
1412 2.272391 -0.745163  3.017555 3.02
1413 2.272581 -0.726385  2.998966 3.00
1414 2.272621 -0.724338  2.996959 3.00
1415 2.272506 -0.739700  3.012206 3.01
1416 2.272273 -0.770735  3.043008 3.04
1417 2.271990 -0.813842  3.085832 3.09
1418 2.271729 -0.864561  3.136291 3.14
1419 2.271541 -0.918639  3.190180 3.19
1420 2.271442 -0.972806  3.244249 3.24
1421 2.271419 -1.025065  3.296484 3.30
1422 2.271440 -1.074528  3.345968 3.35
1423 2.271473 -1.121004  3.392477 3.39
1424 2.271496 -1.164551  3.436048 3.44
1425 2.271500 -1.205150  3.476650 3.48
1426 2.271486 -1.242564  3.514050 3.51
1427 2.271464 -1.276366  3.547830 3.55
1428 2.271446 -1.306077  3.577523 3.58
1429 2.271440 -1.331336  3.602776 3.60
1430 2.271449 -1.352023  3.623472 3.62
1431 2.271469 -1.368280  3.639749 3.64
1432 2.271495 -1.380461  3.651956 3.65
1433 2.271530 -1.389065  3.660595 3.66
1434 2.271576 -1.394731  3.666307 3.67
1435 2.271634 -1.398257  3.669891 3.67
1436 2.271691 -1.400569  3.672260 3.67
1437 2.271724 -1.402530  3.674254 3.67
1438 2.271708 -1.404599  3.676307 3.68
1439 2.271637 -1.406498  3.678136 3.68
1440 2.271530 -1.407139  3.678669 3.68
1441 2.271423 -1.404897  3.676320 3.68
1442 2.271359 -1.398181  3.669540 3.67
1443 2.271372 -1.386058  3.657430 3.66
1444 2.271475 -1.368735  3.640209 3.64
1445 2.271663 -1.347774  3.619437 3.62
1446 2.271902 -1.325982  3.597885 3.60
1447 2.272127 -1.306869  3.578996 3.58
1448 2.272256 -1.293669  3.565926 3.57
1449 2.272233 -1.288181  3.560413 3.56
1450 2.272057 -1.289946  3.562003 3.56
1451 2.271792 -1.296278  3.568070 3.57
1452 2.271526 -1.303145  3.574671 3.57
1453 2.271331 -1.306453  3.577784 3.58
1454 2.271240 -1.303104  3.574344 3.57
1455 2.271250 -1.291536  3.562786 3.56
1456 2.271331 -1.271718  3.543049 3.54
1457 2.271443 -1.244757  3.516201 3.52
1458 2.271548 -1.212318  3.483866 3.48
1459 2.271623 -1.176070  3.447693 3.45
1460 2.271677 -1.137390  3.409067 3.41
1461 2.271744 -1.097467  3.369211 3.37
1462 2.271859 -1.057736  3.329596 3.33
1463 2.272035 -1.020356  3.292391 3.29
1464 2.272235 -0.988294  3.260529 3.26
1465 2.272389 -0.964770  3.237160 3.24
1466 2.272434 -0.952203  3.224638 3.22
1467 2.272363 -0.951317  3.223680 3.22
1468 2.272228 -0.961029  3.233256 3.23
1469 2.272094 -0.979175  3.251270 3.25
1470 2.272004 -1.003493  3.275497 3.28
1471 2.271955 -1.032242  3.304196 3.30
1472 2.271922 -1.064264  3.336186 3.34
1473 2.271879 -1.098680  3.370559 3.37
1474 2.271809 -1.134526  3.406335 3.41
1475 2.271715 -1.170541  3.442256 3.44
1476 2.271609 -1.205194  3.476803 3.48
1477 2.271513 -1.236888  3.508402 3.51
1478 2.271450 -1.264281  3.535731 3.54
1479 2.271437 -1.286599  3.558036 3.56
1480 2.271482 -1.303889  3.575371 3.58
1481 2.271583 -1.317129  3.588712 3.59
1482 2.271720 -1.328149  3.599869 3.60
1483 2.271849 -1.339277  3.611126 3.61
1484 2.271910 -1.352662  3.624572 3.62
1485 2.271854 -1.369376  3.641230 3.64
1486 2.271678 -1.388704  3.660382 3.66
1487 2.271434 -1.408116  3.679550 3.68
1488 2.271205 -1.424042  3.695247 3.70
1489 2.271057 -1.433067  3.704123 3.70
1490 2.271025 -1.432951  3.703975 3.70
1491 2.271108 -1.423173  3.694282 3.69
1492 2.271288 -1.404975  3.676263 3.68
1493 2.271525 -1.381054  3.652579 3.65
1494 2.271769 -1.354985  3.626754 3.63
1495 2.271961 -1.330431  3.602392 3.60
1496 2.272052 -1.310259  3.582312 3.58
1497 2.272023 -1.295817  3.567840 3.57
1498 2.271890 -1.286635  3.558525 3.56
1499 2.271699 -1.280670  3.552369 3.55
1500 2.271505 -1.274983  3.546489 3.55
1501 2.271358 -1.266581  3.537940 3.54
1502 2.271291 -1.253171  3.524462 3.52
1503 2.271313 -1.233659  3.504973 3.50
1504 2.271414 -1.208326  3.479739 3.48
1505 2.271563 -1.178651  3.450214 3.45
1506 2.271720 -1.146869  3.418589 3.42
1507 2.271852 -1.115372  3.387224 3.39
1508 2.271945 -1.086205  3.358150 3.36
1509 2.272000 -1.060813  3.332812 3.33
1510 2.272028 -1.040050  3.312078 3.31
1511 2.272034 -1.024308  3.296342 3.30
1512 2.272016 -1.013584  3.285600 3.29
1513 2.271971 -1.007465  3.279436 3.28
1514 2.271903 -1.005114  3.277017 3.28
1515 2.271824 -1.005334  3.277157 3.28
1516 2.271748 -1.006753  3.278501 3.28
1517 2.271692 -1.008068  3.279759 3.28
1518 2.271662 -1.008274  3.279936 3.28
1519 2.271660 -1.006803  3.278463 3.28
1520 2.271676 -1.003530  3.275206 3.28
1521 2.271695 -0.998651  3.270346 3.27
1522 2.271704 -0.992482  3.264186 3.26
1523 2.271696 -0.985258  3.256954 3.26
1524 2.271677 -0.977039  3.248716 3.25
1525 2.271662 -0.967782  3.239444 3.24
1526 2.271673 -0.957560  3.229233 3.23
1527 2.271723 -0.946845  3.218568 3.22
1528 2.271807 -0.936665  3.208472 3.21
1529 2.271900 -0.928496  3.200396 3.20
1530 2.271966 -0.923867  3.195833 3.20
1531 2.271982 -0.923850  3.195832 3.20
1532 2.271946 -0.928711  3.200657 3.20
1533 2.271876 -0.937889  3.209765 3.21
1534 2.271796 -0.950252  3.222047 3.22
1535 2.271724 -0.964456  3.236180 3.24
1536 2.271670 -0.979246  3.250916 3.25
1537 2.271635 -0.993615  3.265250 3.27
1538 2.271617 -1.006862  3.278479 3.28
1539 2.271613 -1.018559  3.290171 3.29
1540 2.271618 -1.028501  3.300118 3.30
1541 2.271631 -1.036657  3.308288 3.31
1542 2.271650 -1.043143  3.314792 3.31
1543 2.271672 -1.048185  3.319856 3.32
1544 2.271693 -1.052079  3.323771 3.32
1545 2.271711 -1.055133  3.326843 3.33
1546 2.271730 -1.057648  3.329378 3.33
1547 2.271757 -1.059973  3.331730 3.33
1548 2.271796 -1.062586  3.334382 3.33
1549 2.271837 -1.066128  3.337964 3.34
1550 2.271861 -1.071255  3.343116 3.34
1551 2.271843 -1.078345  3.350188 3.35
1552 2.271772 -1.087151  3.358922 3.36
1553 2.271654 -1.096634  3.368288 3.37
1554 2.271515 -1.105084  3.376600 3.38
1555 2.271392 -1.110519  3.381911 3.38
1556 2.271315 -1.111215  3.382531 3.38
1557 2.271303 -1.106186  3.377490 3.38
1558 2.271359 -1.095475  3.366834 3.37
1559 2.271469 -1.080196  3.351665 3.35
1560 2.271606 -1.062332  3.333938 3.33
1561 2.271742 -1.044328  3.316070 3.32
1562 2.271854 -1.028641  3.300495 3.30
1563 2.271936 -1.017394  3.289329 3.29
1564 2.271987 -1.012211  3.284198 3.28
1565 2.272019 -1.014202  3.286221 3.29
1566 2.272052 -1.024094  3.296145 3.30
1567 2.272104 -1.042488  3.314593 3.31
1568 2.272160 -1.070070  3.342230 3.34
1569 2.272159 -1.107323  3.379482 3.38
1570 2.272043 -1.153704  3.425747 3.43
1571 2.271815 -1.206865  3.478680 3.48
1572 2.271547 -1.262760  3.534308 3.53
1573 2.271323 -1.316688  3.588010 3.59
1574 2.271184 -1.364526  3.635710 3.64
1575 2.271124 -1.403438  3.674562 3.67
1576 2.271111 -1.431868  3.702979 3.70
1577 2.271107 -1.449122  3.720230 3.72
1578 2.271084 -1.454868  3.725953 3.73
1579 2.271025 -1.448734  3.719759 3.72
1580 2.270921 -1.430060  3.700981 3.70
1581 2.270777 -1.397812  3.668589 3.67
1582 2.270621 -1.350695  3.621316 3.62
1583 2.270516 -1.287621  3.558137 3.56
1584 2.270571 -1.208693  3.479264 3.48
1585 2.270905 -1.116743  3.387648 3.39
1586 2.271552 -1.018876  3.290427 3.29
1587 2.272326 -0.926541  3.198868 3.20
1588 2.272866 -0.852558  3.125424 3.13
1589 2.272919 -0.805834  3.078753 3.08
1590 2.272573 -0.787781  3.060354 3.06
1591 2.272101 -0.793415  3.065515 3.07
1592 2.271679 -0.815182  3.086861 3.09
1593 2.271344 -0.845781  3.117126 3.12
1594 2.271098 -0.879070  3.150168 3.15
1595 2.270967 -0.910329  3.181296 3.18
1596 2.270972 -0.936694  3.207666 3.21
1597 2.271092 -0.957458  3.228550 3.23
1598 2.271264 -0.973756  3.245020 3.25
1599 2.271406 -0.987602  3.259007 3.26
1600 2.271468 -1.000712  3.272180 3.27
1601 2.271456 -1.013751  3.285207 3.29
1602 2.271412 -1.026336  3.297748 3.30
1603 2.271385 -1.037627  3.309012 3.31
1604 2.271399 -1.047007  3.318406 3.32
1605 2.271448 -1.054429  3.325876 3.33
1606 2.271509 -1.060358  3.331867 3.33
1607 2.271556 -1.065462  3.337019 3.34
1608 2.271566 -1.070221  3.341787 3.34
1609 2.271524 -1.074586  3.346110 3.35
1610 2.271437 -1.077798  3.349235 3.35
1611 2.271322 -1.078459  3.349781 3.35
1612 2.271211 -1.074822  3.346033 3.35
1613 2.271132 -1.065244  3.336376 3.34
1614 2.271109 -1.048622  3.319731 3.32
1615 2.271150 -1.024743  3.295893 3.30
1616 2.271253 -0.994432  3.265684 3.27
1617 2.271398 -0.959491  3.230889 3.23
1618 2.271558 -0.922425  3.193982 3.19
1619 2.271701 -0.886012  3.157713 3.16
1620 2.271800 -0.852834  3.124634 3.12
1621 2.271838 -0.824855  3.096693 3.10
1622 2.271826 -0.803197  3.075024 3.08
1623 2.271817 -0.788310  3.060128 3.06
1624 2.271894 -0.780720  3.052614 3.05
1625 2.272094 -0.782101  3.054195 3.05
1626 2.272329 -0.795643  3.067972 3.07
1627 2.272394 -0.824613  3.097007 3.10
1628 2.272150 -0.869488  3.141638 3.14
1629 2.271670 -0.926074  3.197744 3.20
1630 2.271168 -0.986567  3.257734 3.26
1631 2.270808 -1.042600  3.313408 3.31
1632 2.270630 -1.087776  3.358406 3.36
1633 2.270594 -1.118458  3.389052 3.39
1634 2.270644 -1.133344  3.403988 3.40
1635 2.270746 -1.132736  3.403482 3.40
1636 2.270886 -1.118014  3.388900 3.39
1637 2.271062 -1.091387  3.362449 3.36
1638 2.271270 -1.055792  3.327062 3.33
1639 2.271496 -1.014776  3.286272 3.29
1640 2.271715 -0.972223  3.243938 3.24
1641 2.271898 -0.931913  3.203811 3.20
1642 2.272030 -0.897077  3.169107 3.17
1643 2.272113 -0.870134  3.142246 3.14
1644 2.272148 -0.852655  3.124802 3.12
1645 2.272124 -0.845351  3.117476 3.12
1646 2.272029 -0.847933  3.119963 3.12
1647 2.271876 -0.858976  3.130852 3.13
1648 2.271715 -0.876149  3.147864 3.15
1649 2.271612 -0.896953  3.168565 3.17
1650 2.271609 -0.919670  3.191279 3.19
1651 2.271692 -0.943943  3.215635 3.22
1652 2.271795 -0.970570  3.242366 3.24
1653 2.271841 -1.000579  3.272419 3.27
1654 2.271791 -1.034143  3.305933 3.31
1655 2.271664 -1.070051  3.341715 3.34
1656 2.271517 -1.105976  3.377493 3.38
1657 2.271400 -1.139271  3.410671 3.41
1658 2.271341 -1.167745  3.439086 3.44
1659 2.271337 -1.190092  3.461429 3.46
1660 2.271365 -1.205892  3.477257 3.48
1661 2.271396 -1.215329  3.486725 3.49
1662 2.271402 -1.218773  3.490175 3.49
1663 2.271374 -1.216416  3.487790 3.49
1664 2.271332 -1.208165  3.479496 3.48
1665 2.271331 -1.193957  3.465288 3.47
1666 2.271439 -1.174534  3.445973 3.45
1667 2.271681 -1.152310  3.423991 3.42
1668 2.271975 -1.131540  3.403515 3.40
1669 2.272144 -1.116958  3.389102 3.39
1670 2.272060 -1.111230  3.383290 3.38
1671 2.271779 -1.113188  3.384967 3.38
1672 2.271501 -1.118681  3.390182 3.39
1673 2.271398 -1.123473  3.394870 3.39
1674 2.271495 -1.125784  3.397280 3.40
1675 2.271691 -1.126809  3.398500 3.40
1676 2.271837 -1.129271  3.401108 3.40
1677 2.271838 -1.135290  3.407128 3.41
1678 2.271702 -1.144956  3.416658 3.42
1679 2.271509 -1.156363  3.427871 3.43
1680 2.271331 -1.166659  3.437990 3.44
1681 2.271199 -1.173123  3.444322 3.44
1682 2.271113 -1.173667  3.444779 3.44
1683 2.271078 -1.166944  3.438023 3.44
1684 2.271118 -1.152484  3.423602 3.42
1685 2.271258 -1.131013  3.402271 3.40
1686 2.271505 -1.104817  3.376322 3.38
1687 2.271829 -1.077788  3.349617 3.35
1688 2.272152 -1.054898  3.327050 3.33
1689 2.272370 -1.040995  3.313365 3.31
1690 2.272403 -1.039253  3.311656 3.31
1691 2.272250 -1.050023  3.322273 3.32
1692 2.271986 -1.070806  3.342792 3.34
1693 2.271712 -1.097331  3.369043 3.37
1694 2.271493 -1.125030  3.396523 3.40
1695 2.271345 -1.150079  3.421424 3.42
1696 2.271252 -1.169733  3.440985 3.44
1697 2.271191 -1.182175  3.453366 3.45
1698 2.271147 -1.186222  3.457369 3.46
1699 2.271122 -1.181147  3.452269 3.45
1700 2.271132 -1.166705  3.437837 3.44
1701 2.271197 -1.143337  3.414534 3.41
1702 2.271330 -1.112433  3.383763 3.38
1703 2.271524 -1.076465  3.347988 3.35
1704 2.271738 -1.038792  3.310530 3.31
1705 2.271911 -1.003024  3.274935 3.27
1706 2.271992 -0.972112  3.244104 3.24
1707 2.271971 -0.947611  3.219581 3.22
1708 2.271896 -0.929586  3.201482 3.20
1709 2.271865 -0.917397  3.189262 3.19
1710 2.271958 -0.911087  3.183045 3.18
1711 2.272149 -0.912454  3.184603 3.18
1712 2.272268 -0.924528  3.196796 3.20
1713 2.272131 -0.949112  3.221243 3.22
1714 2.271729 -0.984232  3.255961 3.26
1715 2.271247 -1.024057  3.295305 3.30
1716 2.270885 -1.061510  3.332395 3.33
1717 2.270725 -1.091215  3.361940 3.36
1718 2.270748 -1.110879  3.381627 3.38
1719 2.270915 -1.121175  3.392090 3.39
1720 2.271217 -1.125196  3.396413 3.40
1721 2.271626 -1.128128  3.399755 3.40
1722 2.272001 -1.136540  3.408541 3.41
1723 2.272080 -1.156039  3.428120 3.43
1724 2.271708 -1.187527  3.459236 3.46
1725 2.271046 -1.225139  3.496186 3.50
1726 2.270442 -1.258548  3.528990 3.53
1727 2.270140 -1.277943  3.548083 3.55
1728 2.270176 -1.277769  3.547945 3.55
1729 2.270452 -1.257535  3.527988 3.53
1730 2.270841 -1.220613  3.491454 3.49
1731 2.271230 -1.172398  3.443628 3.44
1732 2.271535 -1.118601  3.390136 3.39
1733 2.271718 -1.063984  3.335702 3.34
1734 2.271795 -1.011754  3.283550 3.28
1735 2.271825 -0.963729  3.235554 3.24
1736 2.271884 -0.921132  3.193016 3.19
1737 2.272015 -0.885593  3.157608 3.16
1738 2.272188 -0.859669  3.131856 3.13
1739 2.272293 -0.846276  3.118569 3.12
1740 2.272227 -0.847113  3.119340 3.12
1741 2.271987 -0.861198  3.133185 3.13
1742 2.271682 -0.884859  3.156542 3.16
1743 2.271435 -0.913274  3.184710 3.18
1744 2.271297 -0.942269  3.213566 3.21
1745 2.271240 -0.969152  3.240392 3.24
1746 2.271215 -0.992465  3.263680 3.26
1747 2.271203 -1.011371  3.282574 3.28
1748 2.271216 -1.025382  3.296599 3.30
1749 2.271268 -1.034494  3.305762 3.31
1750 2.271341 -1.039324  3.310664 3.31
1751 2.271394 -1.040853  3.312247 3.31
1752 2.271400 -1.039858  3.311258 3.31
1753 2.271379 -1.036547  3.307926 3.31
1754 2.271385 -1.030814  3.302198 3.30
1755 2.271465 -1.022979  3.294444 3.29
1756 2.271617 -1.014415  3.286032 3.29
1757 2.271785 -1.007483  3.279268 3.28
1758 2.271896 -1.004728  3.276624 3.28
1759 2.271909 -1.007821  3.279730 3.28
1760 2.271843 -1.016970  3.288813 3.29
1761 2.271755 -1.031168  3.302923 3.30
1762 2.271694 -1.048988  3.320682 3.32
1763 2.271672 -1.069299  3.340971 3.34
1764 2.271672 -1.091473  3.363145 3.36
1765 2.271667 -1.115179  3.386846 3.39
1766 2.271644 -1.140047  3.411691 3.41
1767 2.271602 -1.165483  3.437085 3.44
1768 2.271536 -1.190622  3.462158 3.46
1769 2.271436 -1.214287  3.485723 3.49
1770 2.271286 -1.234861  3.506147 3.51
1771 2.271077 -1.250115  3.521192 3.52
1772 2.270819 -1.257164  3.527984 3.53
1773 2.270552 -1.252714  3.523266 3.52
1774 2.270345 -1.233718  3.504063 3.50
1775 2.270308 -1.198505  3.468812 3.47
1776 2.270575 -1.148396  3.418972 3.42
1777 2.271229 -1.089536  3.360765 3.36
1778 2.272099 -1.033585  3.305684 3.31
1779 2.272671 -0.994664  3.267336 3.27
1780 2.272494 -0.981850  3.254344 3.25
1781 2.271743 -0.992979  3.264722 3.26
1782 2.271032 -1.017010  3.288043 3.29
1783 2.270727 -1.042474  3.313201 3.31
1784 2.270753 -1.063039  3.333791 3.33
1785 2.270898 -1.077157  3.348055 3.35
1786 2.271062 -1.085431  3.356493 3.36
1787 2.271257 -1.089152  3.360409 3.36
1788 2.271508 -1.090338  3.361846 3.36
1789 2.271777 -1.091940  3.363717 3.36
1790 2.271973 -1.097232  3.369205 3.37
1791 2.272012 -1.108473  3.380485 3.38
1792 2.271881 -1.125701  3.397583 3.40
1793 2.271647 -1.146529  3.418176 3.42
1794 2.271404 -1.167076  3.438480 3.44
1795 2.271225 -1.183361  3.454586 3.45
1796 2.271129 -1.192376  3.463505 3.46
1797 2.271101 -1.192454  3.463555 3.46
1798 2.271110 -1.183093  3.454203 3.45
1799 2.271129 -1.164535  3.435664 3.44
1800 2.271148 -1.137389  3.408537 3.41
1801 2.271173 -1.102463  3.373636 3.37
1802 2.271224 -1.060835  3.332060 3.33
1803 2.271323 -1.014100  3.285423 3.29
1804 2.271477 -0.964615  3.236093 3.24
1805 2.271672 -0.915560  3.187232 3.19
1806 2.271871 -0.870650  3.142522 3.14
1807 2.272030 -0.833550  3.105579 3.11
1808 2.272113 -0.807176  3.079289 3.08
1809 2.272108 -0.793166  3.065274 3.07
1810 2.272024 -0.791654  3.063678 3.06
1811 2.271882 -0.801393  3.073275 3.07
1812 2.271705 -0.820076  3.091781 3.09
1813 2.271511 -0.844707  3.116218 3.12
1814 2.271319 -0.871926  3.143245 3.14
1815 2.271154 -0.898341  3.169495 3.17
1816 2.271043 -0.920957  3.192000 3.19
1817 2.271007 -0.937625  3.208632 3.21
1818 2.271049 -0.947365  3.218415 3.22
1819 2.271164 -0.950462  3.221626 3.22
1820 2.271338 -0.948369  3.219707 3.22
1821 2.271552 -0.943498  3.215050 3.22
1822 2.271783 -0.938905  3.210688 3.21
1823 2.271994 -0.937875  3.209870 3.21
1824 2.272147 -0.943369  3.215516 3.22
1825 2.272211 -0.957414  3.229625 3.23
1826 2.272180 -0.980664  3.252844 3.25
1827 2.272081 -1.012326  3.284407 3.28
1828 2.271955 -1.050532  3.322488 3.32
1829 2.271840 -1.092953  3.364793 3.36
1830 2.271754 -1.137366  3.409120 3.41
1831 2.271698 -1.181971  3.453670 3.45
1832 2.271660 -1.225426  3.497086 3.50
1833 2.271622 -1.266687  3.538309 3.54
1834 2.271573 -1.304798  3.576371 3.58
1835 2.271509 -1.338714  3.610223 3.61
1836 2.271432 -1.367248  3.638680 3.64
1837 2.271354 -1.389122  3.660476 3.66
1838 2.271288 -1.403131  3.674419 3.67
1839 2.271246 -1.408337  3.679583 3.68
1840 2.271231 -1.404243  3.675474 3.68
1841 2.271242 -1.390866  3.662108 3.66
1842 2.271264 -1.368690  3.639953 3.64
1843 2.271278 -1.338470  3.609748 3.61
1844 2.271269 -1.300972  3.572242 3.57
1845 2.271234 -1.256740  3.527973 3.53
1846 2.271192 -1.206052  3.477243 3.48
1847 2.271186 -1.149208  3.420394 3.42
1848 2.271268 -1.087125  3.358393 3.36
1849 2.271473 -1.022034  3.293507 3.29
1850 2.271786 -0.957892  3.229678 3.23
1851 2.272139 -0.900108  3.172247 3.17
1852 2.272430 -0.854493  3.126923 3.13
1853 2.272571 -0.825754  3.098325 3.10
1854 2.272530 -0.816215  3.088745 3.09
1855 2.272340 -0.825340  3.097680 3.10
1856 2.272075 -0.850208  3.122283 3.12
1857 2.271815 -0.886612  3.158428 3.16
1858 2.271617 -0.930256  3.201873 3.20
1859 2.271504 -0.977630  3.249134 3.25
1860 2.271474 -1.026432  3.297905 3.30
1861 2.271509 -1.075577  3.347086 3.35
1862 2.271583 -1.124961  3.396543 3.40
1863 2.271663 -1.175060  3.446723 3.45
1864 2.271720 -1.226463  3.498182 3.50
1865 2.271729 -1.279412  3.551141 3.55
1866 2.271682 -1.333455  3.605136 3.61
1867 2.271579 -1.387279  3.658858 3.66
1868 2.271437 -1.438764  3.710201 3.71
1869 2.271281 -1.485219  3.756499 3.76
1870 2.271137 -1.523767  3.794903 3.79
1871 2.271026 -1.551770  3.822796 3.82
1872 2.270960 -1.567176  3.838136 3.84
1873 2.270939 -1.568710  3.839649 3.84
1874 2.270957 -1.555918  3.826875 3.83
1875 2.271011 -1.529114  3.800125 3.80
1876 2.271101 -1.489330  3.760431 3.76
1877 2.271230 -1.438301  3.709531 3.71
1878 2.271402 -1.378496  3.649897 3.65
1879 2.271617 -1.313134  3.584751 3.58
1880 2.271864 -1.246131  3.517995 3.52
1881 2.272120 -1.181876  3.453996 3.45
1882 2.272351 -1.124839  3.397190 3.40
1883 2.272516 -1.079012  3.351528 3.35
1884 2.272581 -1.047294  3.319875 3.32
1885 2.272529 -1.030963  3.303492 3.30
1886 2.272369 -1.029424  3.301793 3.30
1887 2.272137 -1.040345  3.312482 3.31
1888 2.271886 -1.060209  3.332095 3.33
1889 2.271667 -1.085111  3.356778 3.36
1890 2.271511 -1.111533  3.383044 3.38
1891 2.271424 -1.136849  3.408273 3.41
1892 2.271394 -1.159466  3.430860 3.43
1893 2.271407 -1.178701  3.450108 3.45
1894 2.271454 -1.194588  3.466042 3.47
1895 2.271532 -1.207750  3.479282 3.48
1896 2.271619 -1.219272  3.490890 3.49
1897 2.271670 -1.230334  3.502004 3.50
1898 2.271631 -1.241518  3.513149 3.51
1899 2.271491 -1.252056  3.523547 3.52
1900 2.271298 -1.259667  3.530965 3.53
1901 2.271137 -1.261279  3.532416 3.53
1902 2.271071 -1.254256  3.525326 3.53
1903 2.271112 -1.237355  3.508467 3.51
1904 2.271233 -1.210979  3.482212 3.48
1905 2.271393 -1.176818  3.448212 3.45
1906 2.271569 -1.137303  3.408873 3.41
1907 2.271755 -1.095222  3.366976 3.37
1908 2.271950 -1.053579  3.325529 3.33
1909 2.272144 -1.015533  3.287678 3.29
1910 2.272315 -0.984187  3.256501 3.26
1911 2.272433 -0.962202  3.234635 3.23
1912 2.272484 -0.951380  3.223863 3.22
1913 2.272465 -0.952392  3.224856 3.22
1914 2.272387 -0.964751  3.237138 3.24
1915 2.272268 -0.986988  3.259256 3.26
1916 2.272123 -1.016922  3.289045 3.29
1917 2.271964 -1.051928  3.323892 3.32
1918 2.271801 -1.089158  3.360959 3.36
1919 2.271645 -1.125736  3.397381 3.40
1920 2.271507 -1.158946  3.430453 3.43
1921 2.271400 -1.186436  3.457835 3.46
1922 2.271331 -1.206405  3.477736 3.48
1923 2.271306 -1.217750  3.489057 3.49
1924 2.271323 -1.220138  3.491461 3.49
1925 2.271376 -1.213975  3.485351 3.49
1926 2.271453 -1.200301  3.471754 3.47
1927 2.271547 -1.180625  3.452173 3.45
1928 2.271656 -1.156787  3.428442 3.43
1929 2.271779 -1.130877  3.402656 3.40
1930 2.271915 -1.105207  3.377122 3.38
1931 2.272045 -1.082210  3.354255 3.35
1932 2.272141 -1.064151  3.336292 3.34
1933 2.272172 -1.052685  3.324856 3.32
1934 2.272124 -1.048411  3.320535 3.32
1935 2.272008 -1.050683  3.322691 3.32
1936 2.271857 -1.057776  3.329633 3.33
1937 2.271711 -1.067373  3.339085 3.34
1938 2.271611 -1.077187  3.348799 3.35
1939 2.271583 -1.085560  3.357143 3.36
1940 2.271633 -1.091857  3.363491 3.36
1941 2.271743 -1.096571  3.368314 3.37
1942 2.271876 -1.101056  3.372931 3.37
1943 2.271984 -1.106982  3.378966 3.38
1944 2.272028 -1.115662  3.387690 3.39
1945 2.271991 -1.127484  3.399475 3.40
1946 2.271885 -1.141673  3.413558 3.41
1947 2.271745 -1.156470  3.428215 3.43
1948 2.271615 -1.169640  3.441255 3.44
1949 2.271537 -1.179146  3.450683 3.45
1950 2.271538 -1.183759  3.455297 3.46
1951 2.271626 -1.183467  3.455093 3.46
1952 2.271786 -1.179575  3.451361 3.45
1953 2.271982 -1.174475  3.446456 3.45
1954 2.272161 -1.171088  3.443249 3.44
1955 2.272271 -1.172095  3.444367 3.44
1956 2.272276 -1.179154  3.451431 3.45
1957 2.272174 -1.192376  3.464550 3.46
1958 2.271994 -1.210281  3.482275 3.48
1959 2.271790 -1.230250  3.502040 3.50
1960 2.271612 -1.249281  3.520894 3.52
1961 2.271495 -1.264752  3.536247 3.54
1962 2.271443 -1.274912  3.546355 3.55
1963 2.271439 -1.278993  3.550432 3.55
1964 2.271455 -1.276968  3.548422 3.55
1965 2.271466 -1.269146  3.540612 3.54
1966 2.271466 -1.255841  3.527308 3.53
1967 2.271467 -1.237278  3.508746 3.51
1968 2.271486 -1.213738  3.485223 3.49
1969 2.271534 -1.185789  3.457323 3.46
1970 2.271617 -1.154462  3.426079 3.43
1971 2.271734 -1.121310  3.393044 3.39
1972 2.271881 -1.088390  3.360271 3.36
1973 2.272046 -1.058182  3.330227 3.33
1974 2.272200 -1.033369  3.305569 3.31
1975 2.272300 -1.016400  3.288700 3.29
1976 2.272300 -1.008844  3.281144 3.28
1977 2.272176 -1.010743  3.282919 3.28
1978 2.271943 -1.020295  3.292237 3.29
1979 2.271650 -1.034081  3.305731 3.31
1980 2.271365 -1.047823  3.319188 3.32
1981 2.271146 -1.057368  3.328514 3.33
1982 2.271030 -1.059585  3.330615 3.33
1983 2.271030 -1.052939  3.323969 3.32
1984 2.271137 -1.037684  3.308821 3.31
1985 2.271329 -1.015733  3.287062 3.29
1986 2.271570 -0.990282  3.261852 3.26
1987 2.271806 -0.965212  3.237019 3.24
1988 2.271976 -0.944252  3.216228 3.22
1989 2.272036 -0.930034  3.202070 3.20
1990 2.271995 -0.923476  3.195471 3.20
1991 2.271911 -0.923907  3.195818 3.20
1992 2.271847 -0.929903  3.201750 3.20
1993 2.271834 -0.940220  3.212054 3.21
1994 2.271859 -0.954278  3.226137 3.23
1995 2.271891 -0.972051  3.243942 3.24
1996 2.271895 -0.993626  3.265521 3.27
1997 2.271856 -1.018744  3.290600 3.29
1998 2.271776 -1.046559  3.318335 3.32
1999 2.271674 -1.075678  3.347352 3.35
