#Step   Etot   PotE Ktot  T
0 0.850030 -2.635537  3.485567 3.49
1 0.857935 -2.627632  3.485567 3.49
2 0.871590 -2.613977  3.485567 3.49
3 0.891588 -2.593978  3.485567 3.49
4 0.918724 -2.566842  3.485567 3.49
5 0.954014 -2.531552  3.485567 3.49
6 0.998718 -2.486848  3.485567 3.49
7 1.054336 -2.431231  3.485567 3.49
8 1.122564 -2.363002  3.485567 3.49
9 1.205167 -2.280399  3.485567 3.49
10 1.303698 -2.181868  3.485567 3.49
11 1.419018 -2.066548  3.485567 3.49
12 1.550604 -1.934962  3.485567 3.49
13 1.695839 -1.789727  3.485567 3.49
14 1.849741 -1.635826  3.485567 3.49
15 2.005668 -1.479899  3.485567 3.49
16 2.157020 -1.328547  3.485567 3.49
17 2.298872 -1.186694  3.485567 3.49
18 2.428225 -1.057342  3.485567 3.49
19 2.542816 -0.942751  3.485567 3.49
20 2.639879 -0.845687  3.485567 3.49
21 2.716057 -0.769510  3.485567 3.49
22 2.768382 -0.717185  3.485567 3.49
23 2.795466 -0.690100  3.485567 3.49
24 2.798158 -0.687408  3.485567 3.49
25 2.779467 -0.706100  3.485567 3.49
26 2.743984 -0.741583  3.485567 3.49
27 2.697158 -0.788409  3.485567 3.49
28 2.644657 -0.840909  3.485567 3.49
29 2.591920 -0.893646  3.485567 3.49
30 2.543844 -0.941723  3.485567 3.49
31 2.504535 -0.981032  3.485567 3.49
32 2.477061 -1.008506  3.485567 3.49
33 2.463203 -1.022363  3.485567 3.49
34 2.463290 -1.022277  3.485567 3.49
35 2.476276 -1.009291  3.485567 3.49
36 2.500210 -0.985357  3.485567 3.49
37 2.533066 -0.952501  3.485567 3.49
38 2.573714 -0.911853  3.485567 3.49
39 2.622619 -0.862947  3.485567 3.49
40 2.681862 -0.803705  3.485567 3.49
41 2.754269 -0.731297  3.485567 3.49
42 2.841729 -0.643837  3.485567 3.49
43 2.942926 -0.542641  3.485567 3.49
44 3.050750 -0.434816  3.485567 3.49
45 3.150082 -0.335484  3.485567 3.49
46 3.218139 -0.267427  3.485567 3.49
47 3.230980 -0.254586  3.485567 3.49
48 3.176245 -0.309321  3.485567 3.49
49 3.062686 -0.422881  3.485567 3.49
50 2.915410 -0.570157  3.485567 3.49
51 2.761240 -0.724326  3.485567 3.49
52 2.618463 -0.867103  3.485567 3.49
53 2.495845 -0.989722  3.485567 3.49
54 2.396182 -1.089385  3.485567 3.49
55 2.319670 -1.165897  3.485567 3.49
56 2.265609 -1.219957  3.485567 3.49
57 2.232756 -1.252811  3.485567 3.49
58 2.219051 -1.266515  3.485567 3.49
59 2.221358 -1.264208  3.485567 3.49
60 2.235568 -1.249998  3.485567 3.49
61 2.257127 -1.228440  3.485567 3.49
62 2.281696 -1.203870  3.485567 3.49
63 2.305599 -1.179967  3.485567 3.49
64 2.325918 -1.159648  3.485567 3.49
65 2.340442 -1.145125  3.485567 3.49
66 2.347735 -1.137831  3.485567 3.49
67 2.347417 -1.138149  3.485567 3.49
68 2.340466 -1.145101  3.485567 3.49
69 2.329291 -1.156275  3.485567 3.49
70 2.317444 -1.168122  3.485567 3.49
71 2.309033 -1.176533  3.485567 3.49
72 2.308047 -1.177519  3.485567 3.49
73 2.317727 -1.167839  3.485567 3.49
74 2.340020 -1.145546  3.485567 3.49
75 2.375148 -1.110419  3.485567 3.49
76 2.421398 -1.064168  3.485567 3.49
77 2.475334 -1.010232  3.485567 3.49
78 2.532480 -0.953087  3.485567 3.49
79 2.588201 -0.897365  3.485567 3.49
80 2.638279 -0.847287  3.485567 3.49
81 2.679031 -0.806536  3.485567 3.49
82 2.707539 -0.778028  3.485567 3.49
83 2.722614 -0.762952  3.485567 3.49
84 2.726018 -0.759548  3.485567 3.49
85 2.722522 -0.763044  3.485567 3.49
86 2.718113 -0.767453  3.485567 3.49
87 2.717378 -0.768188  3.485567 3.49
88 2.721689 -0.763878  3.485567 3.49
89 2.728981 -0.756586  3.485567 3.49
90 2.734996 -0.750570  3.485567 3.49
91 2.735385 -0.750181  3.485567 3.49
92 2.727738 -0.757829  3.485567 3.49
93 2.712514 -0.773052  3.485567 3.49
94 2.692477 -0.793089  3.485567 3.49
95 2.671211 -0.814356  3.485567 3.49
96 2.651713 -0.833854  3.485567 3.49
97 2.635652 -0.849915  3.485567 3.49
98 2.623249 -0.862317  3.485567 3.49
99 2.613497 -0.872069  3.485567 3.49
100 2.604449 -0.881118  3.485567 3.49
101 2.593515 -0.892051  3.485567 3.49
102 2.577866 -0.907700  3.485567 3.49
103 2.555040 -0.930527  3.485567 3.49
104 2.523690 -0.961877  3.485567 3.49
105 2.484138 -1.001428  3.485567 3.49
106 2.438397 -1.047170  3.485567 3.49
107 2.389626 -1.095941  3.485567 3.49
108 2.341328 -1.144238  3.485567 3.49
109 2.296652 -1.188915  3.485567 3.49
110 2.257957 -1.227609  3.485567 3.49
111 2.226605 -1.258961  3.485567 3.49
112 2.202844 -1.282723  3.485567 3.49
113 2.185745 -1.299822  3.485567 3.49
114 2.173247 -1.312320  3.485567 3.49
115 2.162456 -1.323111  3.485567 3.49
116 2.150386 -1.335180  3.485567 3.49
117 2.135095 -1.350471  3.485567 3.49
118 2.116750 -1.368816  3.485567 3.49
119 2.097886 -1.387681  3.485567 3.49
120 2.082561 -1.403006  3.485567 3.49
121 2.074957 -1.410610  3.485567 3.49
122 2.078270 -1.407297  3.485567 3.49
123 2.094308 -1.391258  3.485567 3.49
124 2.123624 -1.361943  3.485567 3.49
125 2.165786 -1.319780  3.485567 3.49
126 2.219492 -1.266075  3.485567 3.49
127 2.282442 -1.203125  3.485567 3.49
128 2.351140 -1.134427  3.485567 3.49
129 2.420992 -1.064575  3.485567 3.49
130 2.487107 -0.998459  3.485567 3.49
131 2.545796 -0.939770  3.485567 3.49
132 2.596001 -0.889565  3.485567 3.49
133 2.639542 -0.846024  3.485567 3.49
134 2.679787 -0.805779  3.485567 3.49
135 2.719653 -0.765914  3.485567 3.49
136 2.760265 -0.725302  3.485567 3.49
137 2.800886 -0.684680  3.485567 3.49
138 2.839690 -0.645876  3.485567 3.49
139 2.874514 -0.611052  3.485567 3.49
140 2.903014 -0.582553  3.485567 3.49
141 2.922437 -0.563129  3.485567 3.49
142 2.929868 -0.555698  3.485567 3.49
143 2.923567 -0.562000  3.485567 3.49
144 2.904707 -0.580859  3.485567 3.49
145 2.877746 -0.607821  3.485567 3.49
146 2.848606 -0.636960  3.485567 3.49
147 2.821935 -0.663632  3.485567 3.49
148 2.799307 -0.686260  3.485567 3.49
149 2.779215 -0.706351  3.485567 3.49
150 2.758599 -0.726968  3.485567 3.49
151 2.735149 -0.750417  3.485567 3.49
152 2.709201 -0.776366  3.485567 3.49
153 2.684037 -0.801530  3.485567 3.49
154 2.664490 -0.821076  3.485567 3.49
155 2.654865 -0.830702  3.485567 3.49
156 2.657282 -0.828285  3.485567 3.49
157 2.670813 -0.814754  3.485567 3.49
158 2.691306 -0.794261  3.485567 3.49
159 2.711915 -0.773652  3.485567 3.49
160 2.724591 -0.760976  3.485567 3.49
161 2.722504 -0.763063  3.485567 3.49
162 2.702530 -0.783036  3.485567 3.49
163 2.666390 -0.819176  3.485567 3.49
164 2.619673 -0.865894  3.485567 3.49
165 2.569428 -0.916138  3.485567 3.49
166 2.521780 -0.963787  3.485567 3.49
167 2.480563 -1.005004  3.485567 3.49
168 2.447113 -1.038453  3.485567 3.49
169 2.420793 -1.064774  3.485567 3.49
170 2.399784 -1.085782  3.485567 3.49
171 2.381859 -1.103707  3.485567 3.49
172 2.364967 -1.120600  3.485567 3.49
173 2.347588 -1.137978  3.485567 3.49
174 2.328849 -1.156717  3.485567 3.49
175 2.308433 -1.177133  3.485567 3.49
176 2.286343 -1.199223  3.485567 3.49
177 2.262619 -1.222947  3.485567 3.49
178 2.237141 -1.248426  3.485567 3.49
179 2.209657 -1.275909  3.485567 3.49
180 2.180054 -1.305512  3.485567 3.49
181 2.148688 -1.336878  3.485567 3.49
182 2.116487 -1.369080  3.485567 3.49
183 2.084689 -1.400878  3.485567 3.49
184 2.054405 -1.431161  3.485567 3.49
185 2.026340 -1.459226  3.485567 3.49
186 2.000867 -1.484700  3.485567 3.49
187 1.978368 -1.507199  3.485567 3.49
188 1.959584 -1.525982  3.485567 3.49
189 1.945738 -1.539828  3.485567 3.49
190 1.938387 -1.547179  3.485567 3.49
191 1.939112 -1.546455  3.485567 3.49
192 1.949189 -1.536377  3.485567 3.49
193 1.969359 -1.516208  3.485567 3.49
194 1.999703 -1.485863  3.485567 3.49
195 2.039633 -1.445933  3.485567 3.49
196 2.087928 -1.397638  3.485567 3.49
197 2.142808 -1.342758  3.485567 3.49
198 2.201996 -1.283571  3.485567 3.49
199 2.262753 -1.222814  3.485567 3.49
200 2.321899 -1.163667  3.485567 3.49
201 2.375888 -1.109678  3.485567 3.49
202 2.421035 -1.064531  3.485567 3.49
203 2.454008 -1.031559  3.485567 3.49
204 2.472560 -1.013006  3.485567 3.49
205 2.476283 -1.009284  3.485567 3.49
206 2.466981 -1.018586  3.485567 3.49
207 2.448357 -1.037209  3.485567 3.49
208 2.425034 -1.060532  3.485567 3.49
209 2.401311 -1.084255  3.485567 3.49
210 2.380111 -1.105456  3.485567 3.49
211 2.362362 -1.123205  3.485567 3.49
212 2.346884 -1.138683  3.485567 3.49
213 2.330858 -1.154709  3.485567 3.49
214 2.311005 -1.174562  3.485567 3.49
215 2.285265 -1.200302  3.485567 3.49
216 2.254159 -1.231407  3.485567 3.49
217 2.220875 -1.264692  3.485567 3.49
218 2.189958 -1.295608  3.485567 3.49
219 2.165547 -1.320020  3.485567 3.49
220 2.150113 -1.335454  3.485567 3.49
221 2.144003 -1.341564  3.485567 3.49
222 2.145522 -1.340045  3.485567 3.49
223 2.151377 -1.334189  3.485567 3.49
224 2.157502 -1.328065  3.485567 3.49
225 2.160269 -1.325298  3.485567 3.49
226 2.157721 -1.327846  3.485567 3.49
227 2.150118 -1.335448  3.485567 3.49
228 2.139422 -1.346145  3.485567 3.49
229 2.128110 -1.357456  3.485567 3.49
230 2.118131 -1.367436  3.485567 3.49
231 2.110483 -1.375084  3.485567 3.49
232 2.105391 -1.380175  3.485567 3.49
233 2.102737 -1.382829  3.485567 3.49
234 2.102429 -1.383138  3.485567 3.49
235 2.104588 -1.380978  3.485567 3.49
236 2.109566 -1.376001  3.485567 3.49
237 2.117830 -1.367736  3.485567 3.49
238 2.129808 -1.355759  3.485567 3.49
239 2.145686 -1.339881  3.485567 3.49
240 2.165236 -1.320331  3.485567 3.49
241 2.187695 -1.297872  3.485567 3.49
242 2.211789 -1.273778  3.485567 3.49
243 2.235950 -1.249616  3.485567 3.49
244 2.258727 -1.226839  3.485567 3.49
245 2.279285 -1.206281  3.485567 3.49
246 2.297805 -1.187762  3.485567 3.49
247 2.315546 -1.170020  3.485567 3.49
248 2.334477 -1.151089  3.485567 3.49
249 2.356551 -1.129016  3.485567 3.49
250 2.382882 -1.102684  3.485567 3.49
251 2.413053 -1.072513  3.485567 3.49
252 2.444758 -1.040808  3.485567 3.49
253 2.474103 -1.011464  3.485567 3.49
254 2.496744 -0.988823  3.485567 3.49
255 2.509485 -0.976081  3.485567 3.49
256 2.511304 -0.974263  3.485567 3.49
257 2.503049 -0.982517  3.485567 3.49
258 2.486281 -0.999286  3.485567 3.49
259 2.462356 -1.023210  3.485567 3.49
260 2.432324 -1.053243  3.485567 3.49
261 2.397272 -1.088295  3.485567 3.49
262 2.358570 -1.126997  3.485567 3.49
263 2.317807 -1.167760  3.485567 3.49
264 2.276578 -1.208989  3.485567 3.49
265 2.236339 -1.249227  3.485567 3.49
266 2.198414 -1.287153  3.485567 3.49
267 2.164085 -1.321482  3.485567 3.49
268 2.134696 -1.350870  3.485567 3.49
269 2.111678 -1.373889  3.485567 3.49
270 2.096466 -1.389101  3.485567 3.49
271 2.090322 -1.395244  3.485567 3.49
272 2.094079 -1.391487  3.485567 3.49
273 2.107896 -1.377671  3.485567 3.49
274 2.131137 -1.354429  3.485567 3.49
275 2.162473 -1.323093  3.485567 3.49
276 2.200127 -1.285439  3.485567 3.49
277 2.242046 -1.243520  3.485567 3.49
278 2.285730 -1.199837  3.485567 3.49
279 2.327796 -1.157771  3.485567 3.49
280 2.363797 -1.121770  3.485567 3.49
281 2.388854 -1.096712  3.485567 3.49
282 2.399129 -1.086437  3.485567 3.49
283 2.393416 -1.092151  3.485567 3.49
284 2.373849 -1.111717  3.485567 3.49
285 2.345260 -1.140307  3.485567 3.49
286 2.313548 -1.172019  3.485567 3.49
287 2.283923 -1.201644  3.485567 3.49
288 2.259714 -1.225852  3.485567 3.49
289 2.242028 -1.243539  3.485567 3.49
290 2.230203 -1.255364  3.485567 3.49
291 2.222782 -1.262785  3.485567 3.49
292 2.218591 -1.266975  3.485567 3.49
293 2.217443 -1.268123  3.485567 3.49
294 2.220145 -1.265421  3.485567 3.49
295 2.227849 -1.257718  3.485567 3.49
296 2.241115 -1.244451  3.485567 3.49
297 2.259155 -1.226411  3.485567 3.49
298 2.279594 -1.205972  3.485567 3.49
299 2.298883 -1.186684  3.485567 3.49
300 2.313281 -1.172286  3.485567 3.49
301 2.320119 -1.165448  3.485567 3.49
302 2.318884 -1.166683  3.485567 3.49
303 2.311655 -1.173911  3.485567 3.49
304 2.302623 -1.182944  3.485567 3.49
305 2.296831 -1.188735  3.485567 3.49
306 2.298723 -1.186843  3.485567 3.49
307 2.311075 -1.174491  3.485567 3.49
308 2.334571 -1.150996  3.485567 3.49
309 2.367855 -1.117712  3.485567 3.49
310 2.407761 -1.077806  3.485567 3.49
311 2.449538 -1.036029  3.485567 3.49
312 2.487222 -0.998345  3.485567 3.49
313 2.514538 -0.971029  3.485567 3.49
314 2.526566 -0.959000  3.485567 3.49
315 2.521664 -0.963903  3.485567 3.49
316 2.502418 -0.983149  3.485567 3.49
317 2.474791 -1.010775  3.485567 3.49
318 2.445992 -1.039574  3.485567 3.49
319 2.422388 -1.063179  3.485567 3.49
320 2.408325 -1.077242  3.485567 3.49
321 2.405847 -1.079720  3.485567 3.49
322 2.414933 -1.070633  3.485567 3.49
323 2.433929 -1.051638  3.485567 3.49
324 2.459999 -1.025568  3.485567 3.49
325 2.489547 -0.996020  3.485567 3.49
326 2.518613 -0.966954  3.485567 3.49
327 2.543323 -0.942244  3.485567 3.49
328 2.560389 -0.925178  3.485567 3.49
329 2.567517 -0.918050  3.485567 3.49
330 2.563500 -0.922067  3.485567 3.49
331 2.548030 -0.937537  3.485567 3.49
332 2.521446 -0.964121  3.485567 3.49
333 2.484663 -1.000904  3.485567 3.49
334 2.439319 -1.046248  3.485567 3.49
335 2.388085 -1.097482  3.485567 3.49
336 2.334784 -1.150783  3.485567 3.49
337 2.283888 -1.201679  3.485567 3.49
338 2.239346 -1.246221  3.485567 3.49
339 2.203396 -1.282170  3.485567 3.49
340 2.176147 -1.309419  3.485567 3.49
341 2.156198 -1.329369  3.485567 3.49
342 2.141905 -1.343661  3.485567 3.49
343 2.132518 -1.353048  3.485567 3.49
344 2.128553 -1.357013  3.485567 3.49
345 2.131362 -1.354204  3.485567 3.49
346 2.142377 -1.343189  3.485567 3.49
347 2.162519 -1.323047  3.485567 3.49
348 2.191918 -1.293648  3.485567 3.49
349 2.229784 -1.255782  3.485567 3.49
350 2.274261 -1.211306  3.485567 3.49
351 2.322268 -1.163298  3.485567 3.49
352 2.369590 -1.115977  3.485567 3.49
353 2.411488 -1.074078  3.485567 3.49
354 2.443853 -1.041714  3.485567 3.49
355 2.464358 -1.021208  3.485567 3.49
356 2.472996 -1.012570  3.485567 3.49
357 2.471763 -1.013803  3.485567 3.49
358 2.463879 -1.021688  3.485567 3.49
359 2.452937 -1.032630  3.485567 3.49
360 2.442161 -1.043406  3.485567 3.49
361 2.433829 -1.051738  3.485567 3.49
362 2.428982 -1.056584  3.485567 3.49
363 2.427525 -1.058042  3.485567 3.49
364 2.428672 -1.056895  3.485567 3.49
365 2.431536 -1.054031  3.485567 3.49
366 2.435565 -1.050001  3.485567 3.49
367 2.440703 -1.044864  3.485567 3.49
368 2.447279 -1.038288  3.485567 3.49
369 2.455798 -1.029768  3.485567 3.49
370 2.466685 -1.018882  3.485567 3.49
371 2.479940 -1.005627  3.485567 3.49
372 2.494737 -0.990829  3.485567 3.49
373 2.509137 -0.976429  3.485567 3.49
374 2.520234 -0.965332  3.485567 3.49
375 2.524959 -0.960608  3.485567 3.49
376 2.521362 -0.964205  3.485567 3.49
377 2.509713 -0.975854  3.485567 3.49
378 2.492656 -0.992911  3.485567 3.49
379 2.474228 -1.011339  3.485567 3.49
380 2.458362 -1.027205  3.485567 3.49
381 2.447802 -1.037764  3.485567 3.49
382 2.443876 -1.041690  3.485567 3.49
383 2.446855 -1.038712  3.485567 3.49
384 2.456303 -1.029263  3.485567 3.49
385 2.471110 -1.014457  3.485567 3.49
386 2.489414 -0.996152  3.485567 3.49
387 2.508822 -0.976744  3.485567 3.49
388 2.526999 -0.958568  3.485567 3.49
389 2.542333 -0.943234  3.485567 3.49
390 2.554284 -0.931283  3.485567 3.49
391 2.563300 -0.922266  3.485567 3.49
392 2.570462 -0.915104  3.485567 3.49
393 2.577076 -0.908491  3.485567 3.49
394 2.584375 -0.901192  3.485567 3.49
395 2.593356 -0.892211  3.485567 3.49
396 2.604693 -0.880874  3.485567 3.49
397 2.618654 -0.866912  3.485567 3.49
398 2.634954 -0.850613  3.485567 3.49
399 2.652562 -0.833004  3.485567 3.49
400 2.669586 -0.815981  3.485567 3.49
401 2.683343 -0.802224  3.485567 3.49
402 2.690733 -0.794834  3.485567 3.49
403 2.688901 -0.796666  3.485567 3.49
404 2.676076 -0.809491  3.485567 3.49
405 2.652290 -0.833277  3.485567 3.49
406 2.619628 -0.865939  3.485567 3.49
407 2.581796 -0.903771  3.485567 3.49
408 2.543170 -0.942397  3.485567 3.49
409 2.507739 -0.977828  3.485567 3.49
410 2.478305 -1.007262  3.485567 3.49
411 2.456109 -1.029457  3.485567 3.49
412 2.440856 -1.044710  3.485567 3.49
413 2.431033 -1.054533  3.485567 3.49
414 2.424435 -1.061131  3.485567 3.49
415 2.418743 -1.066824  3.485567 3.49
416 2.412002 -1.073564  3.485567 3.49
417 2.402911 -1.082656  3.485567 3.49
418 2.390919 -1.094648  3.485567 3.49
419 2.376236 -1.109331  3.485567 3.49
420 2.359842 -1.125725  3.485567 3.49
421 2.343432 -1.142135  3.485567 3.49
422 2.329126 -1.156440  3.485567 3.49
423 2.318794 -1.166772  3.485567 3.49
424 2.313143 -1.172424  3.485567 3.49
425 2.311036 -1.174531  3.485567 3.49
426 2.309626 -1.175940  3.485567 3.49
427 2.305545 -1.180021  3.485567 3.49
428 2.296661 -1.188906  3.485567 3.49
429 2.283277 -1.202289  3.485567 3.49
430 2.267988 -1.217579  3.485567 3.49
431 2.254509 -1.231057  3.485567 3.49
432 2.246481 -1.239085  3.485567 3.49
433 2.246839 -1.238728  3.485567 3.49
434 2.257687 -1.227880  3.485567 3.49
435 2.280327 -1.205240  3.485567 3.49
436 2.315243 -1.170323  3.485567 3.49
437 2.362017 -1.123550  3.485567 3.49
438 2.419238 -1.066328  3.485567 3.49
439 2.484495 -1.001071  3.485567 3.49
440 2.554466 -0.931101  3.485567 3.49
441 2.625124 -0.860443  3.485567 3.49
442 2.692011 -0.793555  3.485567 3.49
443 2.750560 -0.735006  3.485567 3.49
444 2.796523 -0.689044  3.485567 3.49
445 2.826683 -0.658884  3.485567 3.49
446 2.839843 -0.645723  3.485567 3.49
447 2.837709 -0.647858  3.485567 3.49
448 2.824881 -0.660686  3.485567 3.49
449 2.807393 -0.678174  3.485567 3.49
450 2.789910 -0.695657  3.485567 3.49
451 2.772696 -0.712871  3.485567 3.49
452 2.750494 -0.735073  3.485567 3.49
453 2.715498 -0.770069  3.485567 3.49
454 2.663616 -0.821950  3.485567 3.49
455 2.598697 -0.886869  3.485567 3.49
456 2.530490 -0.955076  3.485567 3.49
457 2.469059 -1.016508  3.485567 3.49
458 2.420997 -1.064570  3.485567 3.49
459 2.388955 -1.096612  3.485567 3.49
460 2.372795 -1.112771  3.485567 3.49
461 2.370800 -1.114767  3.485567 3.49
462 2.380423 -1.105143  3.485567 3.49
463 2.398690 -1.086876  3.485567 3.49
464 2.422437 -1.063130  3.485567 3.49
465 2.448477 -1.037089  3.485567 3.49
466 2.473693 -1.011873  3.485567 3.49
467 2.495114 -0.990453  3.485567 3.49
468 2.510236 -0.975331  3.485567 3.49
469 2.517791 -0.967776  3.485567 3.49
470 2.518553 -0.967014  3.485567 3.49
471 2.515344 -0.970223  3.485567 3.49
472 2.511939 -0.973627  3.485567 3.49
473 2.511698 -0.973869  3.485567 3.49
474 2.516871 -0.968696  3.485567 3.49
475 2.528707 -0.956859  3.485567 3.49
476 2.547752 -0.937815  3.485567 3.49
477 2.573868 -0.911698  3.485567 3.49
478 2.606001 -0.879566  3.485567 3.49
479 2.642027 -0.843539  3.485567 3.49
480 2.679001 -0.806566  3.485567 3.49
481 2.713791 -0.771776  3.485567 3.49
482 2.743842 -0.741724  3.485567 3.49
483 2.767579 -0.717987  3.485567 3.49
484 2.784183 -0.701383  3.485567 3.49
485 2.792961 -0.692606  3.485567 3.49
486 2.792917 -0.692650  3.485567 3.49
487 2.782987 -0.702580  3.485567 3.49
488 2.762770 -0.722796  3.485567 3.49
489 2.733143 -0.752424  3.485567 3.49
490 2.696275 -0.789292  3.485567 3.49
491 2.655148 -0.830419  3.485567 3.49
492 2.612996 -0.872571  3.485567 3.49
493 2.572952 -0.912614  3.485567 3.49
494 2.537869 -0.947698  3.485567 3.49
495 2.510142 -0.975425  3.485567 3.49
496 2.491474 -0.994093  3.485567 3.49
497 2.482631 -1.002935  3.485567 3.49
498 2.483311 -1.002256  3.485567 3.49
499 2.492191 -0.993376  3.485567 3.49
500 2.507143 -0.978424  3.485567 3.49
501 2.525541 -0.960025  3.485567 3.49
502 2.544630 -0.940937  3.485567 3.49
503 2.561974 -0.923593  3.485567 3.49
504 2.575942 -0.909625  3.485567 3.49
505 2.586029 -0.899537  3.485567 3.49
506 2.592818 -0.892749  3.485567 3.49
507 2.597631 -0.887935  3.485567 3.49
508 2.602027 -0.883540  3.485567 3.49
509 2.607039 -0.878528  3.485567 3.49
510 2.611993 -0.873574  3.485567 3.49
511 2.613334 -0.872233  3.485567 3.49
512 2.604854 -0.880713  3.485567 3.49
513 2.580322 -0.905245  3.485567 3.49
514 2.537322 -0.948244  3.485567 3.49
515 2.479407 -1.006159  3.485567 3.49
516 2.414933 -1.070634  3.485567 3.49
517 2.353833 -1.131733  3.485567 3.49
518 2.304670 -1.180896  3.485567 3.49
519 2.273163 -1.212403  3.485567 3.49
520 2.262047 -1.223519  3.485567 3.49
521 2.271492 -1.214075  3.485567 3.49
522 2.299458 -1.186109  3.485567 3.49
523 2.341771 -1.143795  3.485567 3.49
524 2.392143 -1.093424  3.485567 3.49
525 2.442706 -1.042861  3.485567 3.49
526 2.485577 -0.999990  3.485567 3.49
527 2.515274 -0.970293  3.485567 3.49
528 2.530787 -0.954780  3.485567 3.49
529 2.535841 -0.949726  3.485567 3.49
530 2.537080 -0.948487  3.485567 3.49
531 2.541394 -0.944173  3.485567 3.49
532 2.553822 -0.931745  3.485567 3.49
533 2.576558 -0.909008  3.485567 3.49
534 2.608796 -0.876771  3.485567 3.49
535 2.647107 -0.838460  3.485567 3.49
536 2.686382 -0.799184  3.485567 3.49
537 2.721426 -0.764141  3.485567 3.49
538 2.748775 -0.736792  3.485567 3.49
539 2.767760 -0.717806  3.485567 3.49
540 2.780034 -0.705533  3.485567 3.49
541 2.787928 -0.697639  3.485567 3.49
542 2.792913 -0.692654  3.485567 3.49
543 2.795092 -0.690474  3.485567 3.49
544 2.793711 -0.691856  3.485567 3.49
545 2.788022 -0.697544  3.485567 3.49
546 2.777885 -0.707681  3.485567 3.49
547 2.763873 -0.721694  3.485567 3.49
548 2.747010 -0.738556  3.485567 3.49
549 2.728371 -0.757196  3.485567 3.49
550 2.708713 -0.776853  3.485567 3.49
551 2.688242 -0.797324  3.485567 3.49
552 2.666556 -0.819011  3.485567 3.49
553 2.642810 -0.842757  3.485567 3.49
554 2.616113 -0.869454  3.485567 3.49
555 2.586091 -0.899476  3.485567 3.49
556 2.553420 -0.932146  3.485567 3.49
557 2.520068 -0.965499  3.485567 3.49
558 2.489011 -0.996556  3.485567 3.49
559 2.463461 -1.022106  3.485567 3.49
560 2.445869 -1.039698  3.485567 3.49
561 2.437158 -1.048408  3.485567 3.49
562 2.436535 -1.049031  3.485567 3.49
563 2.441931 -1.043636  3.485567 3.49
564 2.450775 -1.034791  3.485567 3.49
565 2.460604 -1.024962  3.485567 3.49
566 2.469222 -1.016345  3.485567 3.49
567 2.474585 -1.010981  3.485567 3.49
568 2.474790 -1.010777  3.485567 3.49
569 2.468304 -1.017263  3.485567 3.49
570 2.454281 -1.031285  3.485567 3.49
571 2.432728 -1.052839  3.485567 3.49
572 2.404493 -1.081073  3.485567 3.49
573 2.371186 -1.114381  3.485567 3.49
574 2.335032 -1.150534  3.485567 3.49
575 2.298636 -1.186931  3.485567 3.49
576 2.264607 -1.220960  3.485567 3.49
577 2.235181 -1.250386  3.485567 3.49
578 2.211961 -1.273606  3.485567 3.49
579 2.195844 -1.289722  3.485567 3.49
580 2.187098 -1.298468  3.485567 3.49
581 2.185499 -1.300067  3.485567 3.49
582 2.190469 -1.295097  3.485567 3.49
583 2.201195 -1.284371  3.485567 3.49
584 2.216728 -1.268839  3.485567 3.49
585 2.236078 -1.249488  3.485567 3.49
586 2.258316 -1.227251  3.485567 3.49
587 2.282633 -1.202933  3.485567 3.49
588 2.308359 -1.177207  3.485567 3.49
589 2.334884 -1.150683  3.485567 3.49
590 2.361552 -1.124015  3.485567 3.49
591 2.387626 -1.097940  3.485567 3.49
592 2.412451 -1.073116  3.485567 3.49
593 2.435831 -1.049736  3.485567 3.49
594 2.458428 -1.027139  3.485567 3.49
595 2.481850 -1.003716  3.485567 3.49
596 2.508239 -0.977327  3.485567 3.49
597 2.539480 -0.946087  3.485567 3.49
598 2.576398 -0.909168  3.485567 3.49
599 2.618279 -0.867287  3.485567 3.49
600 2.662883 -0.822684  3.485567 3.49
601 2.706944 -0.778622  3.485567 3.49
602 2.746998 -0.738568  3.485567 3.49
603 2.780226 -0.705340  3.485567 3.49
604 2.805002 -0.680565  3.485567 3.49
605 2.820936 -0.664631  3.485567 3.49
606 2.828539 -0.657028  3.485567 3.49
607 2.828819 -0.656747  3.485567 3.49
608 2.823068 -0.662498  3.485567 3.49
609 2.812822 -0.672745  3.485567 3.49
610 2.799854 -0.685712  3.485567 3.49
611 2.786097 -0.699470  3.485567 3.49
612 2.773505 -0.712061  3.485567 3.49
613 2.763937 -0.721629  3.485567 3.49
614 2.759074 -0.726493  3.485567 3.49
615 2.760317 -0.725250  3.485567 3.49
616 2.768567 -0.717000  3.485567 3.49
617 2.783832 -0.701735  3.485567 3.49
618 2.804802 -0.680765  3.485567 3.49
619 2.828653 -0.656913  3.485567 3.49
620 2.851309 -0.634257  3.485567 3.49
621 2.868188 -0.617379  3.485567 3.49
622 2.875122 -0.610445  3.485567 3.49
623 2.868979 -0.616587  3.485567 3.49
624 2.847802 -0.637765  3.485567 3.49
625 2.810774 -0.674792  3.485567 3.49
626 2.758528 -0.727039  3.485567 3.49
627 2.693717 -0.791850  3.485567 3.49
628 2.621247 -0.864319  3.485567 3.49
629 2.547634 -0.937933  3.485567 3.49
630 2.479673 -1.005893  3.485567 3.49
631 2.423099 -1.062468  3.485567 3.49
632 2.381749 -1.103817  3.485567 3.49
633 2.357339 -1.128227  3.485567 3.49
634 2.349655 -1.135912  3.485567 3.49
635 2.356960 -1.128607  3.485567 3.49
636 2.376513 -1.109053  3.485567 3.49
637 2.405158 -1.080409  3.485567 3.49
638 2.439944 -1.045623  3.485567 3.49
639 2.478653 -1.006913  3.485567 3.49
640 2.520015 -0.965552  3.485567 3.49
641 2.563427 -0.922139  3.485567 3.49
642 2.608208 -0.877359  3.485567 3.49
643 2.652614 -0.832953  3.485567 3.49
644 2.693066 -0.792501  3.485567 3.49
645 2.724045 -0.761522  3.485567 3.49
646 2.739066 -0.746500  3.485567 3.49
647 2.732856 -0.752710  3.485567 3.49
648 2.704030 -0.781537  3.485567 3.49
649 2.656601 -0.828966  3.485567 3.49
650 2.598921 -0.886646  3.485567 3.49
651 2.540556 -0.945010  3.485567 3.49
652 2.489150 -0.996416  3.485567 3.49
653 2.448734 -1.036833  3.485567 3.49
654 2.419517 -1.066050  3.485567 3.49
655 2.398485 -1.087082  3.485567 3.49
656 2.380381 -1.105185  3.485567 3.49
657 2.359118 -1.126448  3.485567 3.49
658 2.329867 -1.155700  3.485567 3.49
659 2.291367 -1.194200  3.485567 3.49
660 2.246954 -1.238613  3.485567 3.49
661 2.203131 -1.282436  3.485567 3.49
662 2.166634 -1.318933  3.485567 3.49
663 2.142114 -1.343452  3.485567 3.49
664 2.131468 -1.354099  3.485567 3.49
665 2.134358 -1.351209  3.485567 3.49
666 2.149036 -1.336530  3.485567 3.49
667 2.172999 -1.312568  3.485567 3.49
668 2.203417 -1.282150  3.485567 3.49
669 2.237493 -1.248074  3.485567 3.49
670 2.272847 -1.212720  3.485567 3.49
671 2.307894 -1.177673  3.485567 3.49
672 2.342049 -1.143518  3.485567 3.49
673 2.375613 -1.109954  3.485567 3.49
674 2.409363 -1.076203  3.485567 3.49
675 2.444062 -1.041505  3.485567 3.49
676 2.480100 -1.005466  3.485567 3.49
677 2.517391 -0.968176  3.485567 3.49
678 2.555398 -0.930169  3.485567 3.49
679 2.593158 -0.892409  3.485567 3.49
680 2.629207 -0.856360  3.485567 3.49
681 2.661483 -0.824084  3.485567 3.49
682 2.687398 -0.798169  3.485567 3.49
683 2.704242 -0.781324  3.485567 3.49
684 2.709881 -0.775686  3.485567 3.49
685 2.703478 -0.782088  3.485567 3.49
686 2.685940 -0.799626  3.485567 3.49
687 2.659888 -0.825679  3.485567 3.49
688 2.629157 -0.856410  3.485567 3.49
689 2.597933 -0.887633  3.485567 3.49
690 2.569746 -0.915821  3.485567 3.49
691 2.546649 -0.938918  3.485567 3.49
692 2.528907 -0.956659  3.485567 3.49
693 2.515305 -0.970262  3.485567 3.49
694 2.503947 -0.981619  3.485567 3.49
695 2.493216 -0.992351  3.485567 3.49
696 2.482481 -1.003086  3.485567 3.49
697 2.472352 -1.013215  3.485567 3.49
698 2.464518 -1.021049  3.485567 3.49
699 2.461405 -1.024161  3.485567 3.49
700 2.465799 -1.019768  3.485567 3.49
701 2.480402 -1.005165  3.485567 3.49
702 2.507171 -0.978396  3.485567 3.49
703 2.546321 -0.939245  3.485567 3.49
704 2.595133 -0.890434  3.485567 3.49
705 2.647114 -0.838453  3.485567 3.49
706 2.692503 -0.793063  3.485567 3.49
707 2.720973 -0.764593  3.485567 3.49
708 2.725905 -0.759661  3.485567 3.49
709 2.707538 -0.778028  3.485567 3.49
710 2.672345 -0.813222  3.485567 3.49
711 2.629190 -0.856377  3.485567 3.49
712 2.585429 -0.900137  3.485567 3.49
713 2.545240 -0.940326  3.485567 3.49
714 2.510106 -0.975460  3.485567 3.49
715 2.480237 -1.005329  3.485567 3.49
716 2.455797 -1.029769  3.485567 3.49
717 2.437404 -1.048162  3.485567 3.49
718 2.425895 -1.059672  3.485567 3.49
719 2.421723 -1.063844  3.485567 3.49
720 2.424449 -1.061118  3.485567 3.49
721 2.432616 -1.052951  3.485567 3.49
722 2.444052 -1.041515  3.485567 3.49
723 2.456405 -1.029162  3.485567 3.49
724 2.467670 -1.017897  3.485567 3.49
725 2.476521 -1.009046  3.485567 3.49
726 2.482364 -1.003202  3.485567 3.49
727 2.485154 -1.000413  3.485567 3.49
728 2.485061 -1.000506  3.485567 3.49
729 2.482151 -1.003416  3.485567 3.49
730 2.476212 -1.009354  3.485567 3.49
731 2.466815 -1.018752  3.485567 3.49
732 2.453574 -1.031992  3.485567 3.49
733 2.436473 -1.049094  3.485567 3.49
734 2.416043 -1.069524  3.485567 3.49
735 2.393310 -1.092256  3.485567 3.49
736 2.369544 -1.116023  3.485567 3.49
737 2.345968 -1.139598  3.485567 3.49
738 2.323572 -1.161995  3.485567 3.49
739 2.303074 -1.182492  3.485567 3.49
740 2.285015 -1.200552  3.485567 3.49
741 2.269883 -1.215684  3.485567 3.49
742 2.258211 -1.227356  3.485567 3.49
743 2.250564 -1.235002  3.485567 3.49
744 2.247446 -1.238121  3.485567 3.49
745 2.249158 -1.236408  3.485567 3.49
746 2.255712 -1.229855  3.485567 3.49
747 2.266819 -1.218747  3.485567 3.49
748 2.281973 -1.203593  3.485567 3.49
749 2.300570 -1.184996  3.485567 3.49
750 2.322027 -1.163539  3.485567 3.49
751 2.345869 -1.139698  3.485567 3.49
752 2.371775 -1.113792  3.485567 3.49
753 2.399561 -1.086006  3.485567 3.49
754 2.429072 -1.056494  3.485567 3.49
755 2.459993 -1.025574  3.485567 3.49
756 2.491605 -0.993962  3.485567 3.49
757 2.522597 -0.962969  3.485567 3.49
758 2.551039 -0.934528  3.485567 3.49
759 2.574649 -0.910917  3.485567 3.49
760 2.591393 -0.894174  3.485567 3.49
761 2.600212 -0.885355  3.485567 3.49
762 2.601526 -0.884041  3.485567 3.49
763 2.597232 -0.888335  3.485567 3.49
764 2.590263 -0.895304  3.485567 3.49
765 2.584042 -0.901525  3.485567 3.49
766 2.582097 -0.903469  3.485567 3.49
767 2.587789 -0.897777  3.485567 3.49
768 2.603845 -0.881722  3.485567 3.49
769 2.631408 -0.854159  3.485567 3.49
770 2.668721 -0.816846  3.485567 3.49
771 2.710114 -0.775452  3.485567 3.49
772 2.746471 -0.739095  3.485567 3.49
773 2.767990 -0.717577  3.485567 3.49
774 2.768418 -0.717149  3.485567 3.49
775 2.748068 -0.737499  3.485567 3.49
776 2.713379 -0.772188  3.485567 3.49
777 2.673687 -0.811880  3.485567 3.49
778 2.637811 -0.847756  3.485567 3.49
779 2.612279 -0.873288  3.485567 3.49
780 2.601128 -0.884439  3.485567 3.49
781 2.606096 -0.879471  3.485567 3.49
782 2.626279 -0.859287  3.485567 3.49
783 2.657318 -0.828248  3.485567 3.49
784 2.691396 -0.794170  3.485567 3.49
785 2.719525 -0.766042  3.485567 3.49
786 2.735637 -0.749929  3.485567 3.49
787 2.739267 -0.746300  3.485567 3.49
788 2.734320 -0.751247  3.485567 3.49
789 2.725611 -0.759955  3.485567 3.49
790 2.716516 -0.769051  3.485567 3.49
791 2.708753 -0.776814  3.485567 3.49
792 2.703101 -0.782466  3.485567 3.49
793 2.699836 -0.785731  3.485567 3.49
794 2.698618 -0.786948  3.485567 3.49
795 2.698205 -0.787362  3.485567 3.49
796 2.696435 -0.789132  3.485567 3.49
797 2.690740 -0.794827  3.485567 3.49
798 2.679062 -0.806505  3.485567 3.49
799 2.660745 -0.824821  3.485567 3.49
800 2.636838 -0.848729  3.485567 3.49
801 2.609555 -0.876011  3.485567 3.49
802 2.581217 -0.904350  3.485567 3.49
803 2.553370 -0.932196  3.485567 3.49
804 2.526659 -0.958907  3.485567 3.49
805 2.501419 -0.984148  3.485567 3.49
806 2.478434 -1.007133  3.485567 3.49
807 2.459244 -1.026322  3.485567 3.49
808 2.445836 -1.039730  3.485567 3.49
809 2.440043 -1.045524  3.485567 3.49
810 2.443068 -1.042499  3.485567 3.49
811 2.455293 -1.030274  3.485567 3.49
812 2.476267 -1.009299  3.485567 3.49
813 2.504754 -0.980813  3.485567 3.49
814 2.538767 -0.946799  3.485567 3.49
815 2.575683 -0.909883  3.485567 3.49
816 2.612491 -0.873076  3.485567 3.49
817 2.646243 -0.839323  3.485567 3.49
818 2.674625 -0.810942  3.485567 3.49
819 2.696469 -0.789097  3.485567 3.49
820 2.712019 -0.773547  3.485567 3.49
821 2.722807 -0.762760  3.485567 3.49
822 2.731184 -0.754383  3.485567 3.49
823 2.739691 -0.745876  3.485567 3.49
824 2.750476 -0.735091  3.485567 3.49
825 2.764919 -0.720648  3.485567 3.49
826 2.783464 -0.702103  3.485567 3.49
827 2.805571 -0.679996  3.485567 3.49
828 2.829678 -0.655888  3.485567 3.49
829 2.853164 -0.632403  3.485567 3.49
830 2.872428 -0.613139  3.485567 3.49
831 2.883332 -0.602235  3.485567 3.49
832 2.882125 -0.603442  3.485567 3.49
833 2.866641 -0.618926  3.485567 3.49
834 2.837179 -0.648387  3.485567 3.49
835 2.796510 -0.689057  3.485567 3.49
836 2.748971 -0.736595  3.485567 3.49
837 2.699182 -0.786385  3.485567 3.49
838 2.650973 -0.834594  3.485567 3.49
839 2.606851 -0.878716  3.485567 3.49
840 2.567954 -0.917612  3.485567 3.49
841 2.534326 -0.951241  3.485567 3.49
842 2.505302 -0.980265  3.485567 3.49
843 2.479912 -1.005654  3.485567 3.49
844 2.457210 -1.028357  3.485567 3.49
845 2.436473 -1.049094  3.485567 3.49
846 2.417261 -1.068306  3.485567 3.49
847 2.399319 -1.086247  3.485567 3.49
848 2.382458 -1.103109  3.485567 3.49
849 2.366511 -1.119055  3.485567 3.49
850 2.351479 -1.134088  3.485567 3.49
851 2.337766 -1.147800  3.485567 3.49
852 2.326357 -1.159210  3.485567 3.49
853 2.318717 -1.166850  3.485567 3.49
854 2.316382 -1.169185  3.485567 3.49
855 2.320338 -1.165229  3.485567 3.49
856 2.330466 -1.155101  3.485567 3.49
857 2.345329 -1.140238  3.485567 3.49
858 2.362524 -1.123043  3.485567 3.49
859 2.379592 -1.105975  3.485567 3.49
860 2.395069 -1.090498  3.485567 3.49
861 2.408991 -1.076575  3.485567 3.49
862 2.422407 -1.063159  3.485567 3.49
863 2.436224 -1.049342  3.485567 3.49
864 2.450255 -1.035311  3.485567 3.49
865 2.463156 -1.022411  3.485567 3.49
866 2.473274 -1.012293  3.485567 3.49
867 2.479852 -1.005715  3.485567 3.49
868 2.483810 -1.001757  3.485567 3.49
869 2.487634 -0.997933  3.485567 3.49
870 2.494400 -0.991167  3.485567 3.49
871 2.506371 -0.979195  3.485567 3.49
872 2.523721 -0.961846  3.485567 3.49
873 2.543864 -0.941703  3.485567 3.49
874 2.561797 -0.923770  3.485567 3.49
875 2.571612 -0.913954  3.485567 3.49
876 2.568780 -0.916787  3.485567 3.49
877 2.552129 -0.933438  3.485567 3.49
878 2.524373 -0.961194  3.485567 3.49
879 2.490909 -0.994658  3.485567 3.49
880 2.457760 -1.027807  3.485567 3.49
881 2.429819 -1.055747  3.485567 3.49
882 2.410011 -1.075556  3.485567 3.49
883 2.399283 -1.086284  3.485567 3.49
884 2.397063 -1.088504  3.485567 3.49
885 2.401841 -1.083725  3.485567 3.49
886 2.411717 -1.073849  3.485567 3.49
887 2.424864 -1.060703  3.485567 3.49
888 2.439899 -1.045667  3.485567 3.49
889 2.456091 -1.029476  3.485567 3.49
890 2.473272 -1.012294  3.485567 3.49
891 2.491459 -0.994107  3.485567 3.49
892 2.510292 -0.975275  3.485567 3.49
893 2.528601 -0.956965  3.485567 3.49
894 2.544365 -0.941202  3.485567 3.49
895 2.555145 -0.930421  3.485567 3.49
896 2.558862 -0.926704  3.485567 3.49
897 2.554545 -0.931022  3.485567 3.49
898 2.542657 -0.942910  3.485567 3.49
899 2.524797 -0.960770  3.485567 3.49
900 2.502946 -0.982621  3.485567 3.49
901 2.478780 -1.006787  3.485567 3.49
902 2.453500 -1.032067  3.485567 3.49
903 2.428244 -1.057322  3.485567 3.49
904 2.404741 -1.080825  3.485567 3.49
905 2.385700 -1.099866  3.485567 3.49
906 2.374632 -1.110934  3.485567 3.49
907 2.375122 -1.110445  3.485567 3.49
908 2.389823 -1.095744  3.485567 3.49
909 2.419491 -1.066076  3.485567 3.49
910 2.462334 -1.023233  3.485567 3.49
911 2.513961 -0.971606  3.485567 3.49
912 2.568251 -0.917315  3.485567 3.49
913 2.619063 -0.866504  3.485567 3.49
914 2.661988 -0.823579  3.485567 3.49
915 2.695062 -0.790505  3.485567 3.49
916 2.718169 -0.767398  3.485567 3.49
917 2.731969 -0.753597  3.485567 3.49
918 2.737267 -0.748299  3.485567 3.49
919 2.734949 -0.750618  3.485567 3.49
920 2.726121 -0.759446  3.485567 3.49
921 2.712122 -0.773445  3.485567 3.49
922 2.694357 -0.791209  3.485567 3.49
923 2.674041 -0.811525  3.485567 3.49
924 2.651936 -0.833631  3.485567 3.49
925 2.628140 -0.857426  3.485567 3.49
926 2.602019 -0.883547  3.485567 3.49
927 2.572354 -0.913212  3.485567 3.49
928 2.537756 -0.947811  3.485567 3.49
929 2.497248 -0.988318  3.485567 3.49
930 2.450798 -1.034768  3.485567 3.49
931 2.399540 -1.086027  3.485567 3.49
932 2.345602 -1.139965  3.485567 3.49
933 2.291630 -1.193936  3.485567 3.49
934 2.240233 -1.245333  3.485567 3.49
935 2.193531 -1.292036  3.485567 3.49
936 2.152898 -1.332668  3.485567 3.49
937 2.118894 -1.366672  3.485567 3.49
938 2.091325 -1.394242  3.485567 3.49
939 2.069406 -1.416161  3.485567 3.49
940 2.051998 -1.433569  3.485567 3.49
941 2.037878 -1.447688  3.485567 3.49
942 2.026027 -1.459539  3.485567 3.49
943 2.015869 -1.469698  3.485567 3.49
944 2.007421 -1.478145  3.485567 3.49
945 2.001320 -1.484246  3.485567 3.49
946 1.998709 -1.486857  3.485567 3.49
947 2.001026 -1.484540  3.485567 3.49
948 2.009745 -1.475822  3.485567 3.49
949 2.026117 -1.459449  3.485567 3.49
950 2.050971 -1.434596  3.485567 3.49
951 2.084559 -1.401007  3.485567 3.49
952 2.126477 -1.359090  3.485567 3.49
953 2.175609 -1.309957  3.485567 3.49
954 2.230120 -1.255446  3.485567 3.49
955 2.287465 -1.198101  3.485567 3.49
956 2.344472 -1.141094  3.485567 3.49
957 2.397561 -1.088005  3.485567 3.49
958 2.443171 -1.042396  3.485567 3.49
959 2.478399 -1.007168  3.485567 3.49
960 2.501690 -0.983876  3.485567 3.49
961 2.513275 -0.972292  3.485567 3.49
962 2.515107 -0.970459  3.485567 3.49
963 2.510335 -0.975231  3.485567 3.49
964 2.502539 -0.983027  3.485567 3.49
965 2.495031 -0.990535  3.485567 3.49
966 2.490292 -0.995275  3.485567 3.49
967 2.489535 -0.996032  3.485567 3.49
968 2.492431 -0.993135  3.485567 3.49
969 2.497178 -0.988389  3.485567 3.49
970 2.501069 -0.984498  3.485567 3.49
971 2.501453 -0.984113  3.485567 3.49
972 2.496683 -0.988884  3.485567 3.49
973 2.486629 -0.998938  3.485567 3.49
974 2.472534 -1.013032  3.485567 3.49
975 2.456190 -1.029377  3.485567 3.49
976 2.438871 -1.046695  3.485567 3.49
977 2.420762 -1.064805  3.485567 3.49
978 2.401218 -1.084348  3.485567 3.49
979 2.379459 -1.106107  3.485567 3.49
980 2.354994 -1.130572  3.485567 3.49
981 2.327615 -1.157952  3.485567 3.49
982 2.297298 -1.188269  3.485567 3.49
983 2.264319 -1.221248  3.485567 3.49
984 2.229468 -1.256098  3.485567 3.49
985 2.194109 -1.291458  3.485567 3.49
986 2.159951 -1.325616  3.485567 3.49
987 2.128696 -1.356870  3.485567 3.49
988 2.101761 -1.383806  3.485567 3.49
989 2.080169 -1.405398  3.485567 3.49
990 2.064599 -1.420968  3.485567 3.49
991 2.055490 -1.430076  3.485567 3.49
992 2.053132 -1.432434  3.485567 3.49
993 2.057700 -1.427866  3.485567 3.49
994 2.069233 -1.416333  3.485567 3.49
995 2.087575 -1.397991  3.485567 3.49
996 2.112312 -1.373255  3.485567 3.49
997 2.142730 -1.342837  3.485567 3.49
998 2.177819 -1.307748  3.485567 3.49
999 2.216312 -1.269254  3.485567 3.49
