#Step   Etot   PotE Ktot  T
0 0.847443 -2.635356  3.482799 3.48
1 0.847408 -2.626927  3.474334 3.47
2 0.847355 -2.612404  3.459759 3.46
3 0.847283 -2.591171  3.438454 3.44
4 0.847191 -2.562398  3.409590 3.41
5 0.847081 -2.525048  3.372129 3.37
6 0.846952 -2.477886  3.324838 3.32
7 0.846812 -2.419526  3.266338 3.27
8 0.846672 -2.348538  3.195209 3.20
9 0.846552 -2.263634  3.110186 3.11
10 0.846483 -2.163988  3.010472 3.01
11 0.846506 -2.049692  2.896198 2.90
12 0.846659 -1.922309  2.768968 2.77
13 0.846962 -1.785392  2.632354 2.63
14 0.847391 -1.644674  2.492064 2.49
15 0.847866 -1.507617  2.355484 2.36
16 0.848273 -1.382175  2.230448 2.23
17 0.848509 -1.275058  2.123566 2.12
18 0.848536 -1.190235  2.038771 2.04
19 0.848394 -1.128373  1.976767 1.98
20 0.848164 -1.087381  1.935544 1.94
21 0.847926 -1.063608  1.911534 1.91
22 0.847730 -1.053069  1.900799 1.90
23 0.847592 -1.052248  1.899840 1.90
24 0.847507 -1.058423  1.905930 1.91
25 0.847459 -1.069648  1.917107 1.92
26 0.847433 -1.084582  1.932015 1.93
27 0.847419 -1.102295  1.949714 1.95
28 0.847411 -1.122133  1.969544 1.97
29 0.847408 -1.143626  1.991034 1.99
30 0.847409 -1.166452  2.013861 2.01
31 0.847413 -1.190410  2.037822 2.04
32 0.847417 -1.215395  2.062812 2.06
33 0.847419 -1.241355  2.088774 2.09
34 0.847411 -1.268211  2.115622 2.12
35 0.847385 -1.295739  2.143124 2.14
36 0.847341 -1.323465  2.170806 2.17
37 0.847287 -1.350647  2.197933 2.20
38 0.847241 -1.376405  2.223646 2.22
39 0.847222 -1.399976  2.247198 2.25
40 0.847240 -1.420979  2.268219 2.27
41 0.847293 -1.439569  2.286862 2.29
42 0.847364 -1.456398  2.303762 2.30
43 0.847433 -1.472390  2.319822 2.32
44 0.847477 -1.488426  2.335903 2.34
45 0.847483 -1.505042  2.352525 2.35
46 0.847447 -1.522228  2.369676 2.37
47 0.847375 -1.539381  2.386756 2.39
48 0.847279 -1.555391  2.402670 2.40
49 0.847175 -1.568834  2.416009 2.42
50 0.847085 -1.578235  2.425320 2.43
51 0.847031 -1.582386  2.429417 2.43
52 0.847033 -1.580682  2.427715 2.43
53 0.847099 -1.573406  2.420505 2.42
54 0.847213 -1.561812  2.409025 2.41
55 0.847337 -1.547876  2.395213 2.40
56 0.847420 -1.533702  2.381123 2.38
57 0.847437 -1.520820  2.368257 2.37
58 0.847399 -1.509789  2.357188 2.36
59 0.847345 -1.500343  2.347688 2.35
60 0.847317 -1.491941  2.339258 2.34
61 0.847335 -1.484342  2.331676 2.33
62 0.847396 -1.477899  2.325294 2.33
63 0.847487 -1.473549  2.321036 2.32
64 0.847593 -1.472627  2.320220 2.32
65 0.847691 -1.476616  2.324307 2.32
66 0.847757 -1.486821  2.334578 2.33
67 0.847764 -1.503991  2.351756 2.35
68 0.847701 -1.527950  2.375651 2.38
69 0.847577 -1.557434  2.405011 2.41
70 0.847424 -1.590268  2.437691 2.44
71 0.847274 -1.623802  2.471076 2.47
72 0.847152 -1.655420  2.502572 2.50
73 0.847066 -1.682909  2.529975 2.53
74 0.847015 -1.704623  2.551637 2.55
75 0.846989 -1.719470  2.566459 2.57
76 0.846978 -1.726807  2.573785 2.57
77 0.846976 -1.726301  2.573276 2.57
78 0.846977 -1.717826  2.564802 2.56
79 0.846980 -1.701399  2.548379 2.55
80 0.846988 -1.677168  2.524156 2.52
81 0.847005 -1.645436  2.492441 2.49
82 0.847038 -1.606729  2.453767 2.45
83 0.847096 -1.561894  2.408990 2.41
84 0.847187 -1.512213  2.359401 2.36
85 0.847318 -1.459522  2.306841 2.31
86 0.847489 -1.406271  2.253760 2.25
87 0.847685 -1.355480  2.203165 2.20
88 0.847883 -1.310517  2.158400 2.16
89 0.848047 -1.274698  2.122745 2.12
90 0.848139 -1.250740  2.098879 2.10
91 0.848133 -1.240198  2.088331 2.09
92 0.848022 -1.243050  2.091073 2.09
93 0.847829 -1.257617  2.105446 2.11
94 0.847598 -1.280896  2.128494 2.13
95 0.847379 -1.309235  2.156615 2.16
96 0.847213 -1.339099  2.186313 2.19
97 0.847118 -1.367673  2.214791 2.21
98 0.847093 -1.393174  2.240267 2.24
99 0.847125 -1.414885  2.262010 2.26
100 0.847196 -1.432977  2.280173 2.28
101 0.847282 -1.448232  2.295514 2.30
102 0.847366 -1.461717  2.309083 2.31
103 0.847431 -1.474493  2.321924 2.32
104 0.847471 -1.487389  2.334860 2.33
105 0.847484 -1.500882  2.348367 2.35
106 0.847475 -1.515073  2.362548 2.36
107 0.847452 -1.529740  2.377192 2.38
108 0.847422 -1.544452  2.391874 2.39
109 0.847394 -1.558686  2.406080 2.41
110 0.847372 -1.571947  2.419318 2.42
111 0.847358 -1.583837  2.431194 2.43
112 0.847349 -1.594085  2.441434 2.44
113 0.847342 -1.602515  2.449857 2.45
114 0.847331 -1.608991  2.456322 2.46
115 0.847314 -1.613353  2.460667 2.46
116 0.847292 -1.615386  2.462678 2.46
117 0.847267 -1.614829  2.462096 2.46
118 0.847247 -1.611433  2.458680 2.46
119 0.847241 -1.605067  2.452309 2.45
120 0.847260 -1.595856  2.443116 2.44
121 0.847310 -1.584316  2.431626 2.43
122 0.847392 -1.571447  2.418839 2.42
123 0.847490 -1.558690  2.406180 2.41
124 0.847578 -1.547693  2.395271 2.40
125 0.847626 -1.539899  2.387525 2.39
126 0.847619 -1.536114  2.383732 2.38
127 0.847562 -1.536275  2.383837 2.38
128 0.847480 -1.539547  2.387027 2.39
129 0.847399 -1.544677  2.392075 2.39
130 0.847334 -1.550391  2.397725 2.40
131 0.847289 -1.555657  2.402946 2.40
132 0.847257 -1.559746  2.407003 2.41
133 0.847229 -1.562162  2.409390 2.41
134 0.847198 -1.562523  2.409720 2.41
135 0.847161 -1.560467  2.407629 2.41
136 0.847118 -1.555598  2.402716 2.40
137 0.847068 -1.547463  2.394531 2.39
138 0.847016 -1.535567  2.382583 2.38
139 0.846970 -1.519430  2.366401 2.37
140 0.846944 -1.498711  2.345655 2.35
141 0.846957 -1.473410  2.320367 2.32
142 0.847029 -1.444146  2.291175 2.29
143 0.847171 -1.412417  2.259587 2.26
144 0.847373 -1.380712  2.228085 2.23
145 0.847601 -1.352350  2.199952 2.20
146 0.847805 -1.330953  2.178758 2.18
147 0.847927 -1.319661  2.167587 2.17
148 0.847933 -1.320318  2.168251 2.17
149 0.847821 -1.332957  2.180778 2.18
150 0.847626 -1.355787  2.203413 2.20
151 0.847401 -1.385690  2.233091 2.23
152 0.847195 -1.419001  2.266197 2.27
153 0.847043 -1.452273  2.299317 2.30
154 0.846957 -1.482802  2.329759 2.33
155 0.846931 -1.508842  2.355772 2.36
156 0.846946 -1.529543  2.376489 2.38
157 0.846984 -1.544725  2.391709 2.39
158 0.847030 -1.554611  2.401641 2.40
159 0.847074 -1.559600  2.406673 2.41
160 0.847113 -1.560136  2.407248 2.41
161 0.847147 -1.556652  2.403799 2.40
162 0.847176 -1.549562  2.396737 2.40
163 0.847200 -1.539253  2.386453 2.39
164 0.847222 -1.526092  2.373313 2.37
165 0.847245 -1.510440  2.357685 2.36
166 0.847278 -1.492721  2.339999 2.34
167 0.847327 -1.473518  2.320845 2.32
168 0.847393 -1.453657  2.301050 2.30
169 0.847473 -1.434228  2.281701 2.28
170 0.847555 -1.416508  2.264063 2.26
171 0.847627 -1.401794  2.249422 2.25
172 0.847678 -1.391222  2.238900 2.24
173 0.847702 -1.385607  2.233309 2.23
174 0.847700 -1.385360  2.233059 2.23
175 0.847673 -1.390479  2.238152 2.24
176 0.847629 -1.400594  2.248223 2.25
177 0.847576 -1.415067  2.262643 2.26
178 0.847526 -1.433124  2.280651 2.28
179 0.847490 -1.454022  2.301512 2.30
180 0.847468 -1.477176  2.324644 2.32
181 0.847453 -1.502193  2.349645 2.35
182 0.847423 -1.528736  2.376159 2.38
183 0.847359 -1.556237  2.403596 2.40
184 0.847252 -1.583608  2.430859 2.43
185 0.847116 -1.609147  2.456263 2.46
186 0.846986 -1.630769  2.477755 2.48
187 0.846899 -1.646498  2.493397 2.49
188 0.846881 -1.655018  2.501899 2.50
189 0.846938 -1.656060  2.502998 2.50
190 0.847053 -1.650482  2.497535 2.50
191 0.847190 -1.640022  2.487213 2.49
192 0.847308 -1.626772  2.474080 2.47
193 0.847374 -1.612563  2.459937 2.46
194 0.847380 -1.598504  2.445884 2.45
195 0.847342 -1.584849  2.432191 2.43
196 0.847287 -1.571213  2.418500 2.42
197 0.847242 -1.556970  2.404212 2.40
198 0.847224 -1.541645  2.388869 2.39
199 0.847241 -1.525181  2.372422 2.37
200 0.847295 -1.508067  2.355363 2.36
201 0.847381 -1.491357  2.338738 2.34
202 0.847484 -1.476564  2.324048 2.32
203 0.847580 -1.465436  2.313017 2.31
204 0.847642 -1.459590  2.307232 2.31
205 0.847646 -1.460091  2.307737 2.31
206 0.847588 -1.467130  2.314718 2.31
207 0.847487 -1.479958  2.327444 2.33
208 0.847379 -1.497160  2.344539 2.34
209 0.847307 -1.517196  2.364503 2.36
210 0.847291 -1.538969  2.386260 2.39
211 0.847316 -1.562113  2.409429 2.41
212 0.847337 -1.586774  2.434111 2.43
213 0.847302 -1.612940  2.460242 2.46
214 0.847193 -1.639736  2.486929 2.49
215 0.847038 -1.665184  2.512221 2.51
216 0.846890 -1.686620  2.533510 2.53
217 0.846794 -1.701473  2.548267 2.55
218 0.846766 -1.707934  2.554700 2.55
219 0.846802 -1.705255  2.552057 2.55
220 0.846884 -1.693710  2.540594 2.54
221 0.846996 -1.674379  2.521376 2.52
222 0.847123 -1.648893  2.496016 2.50
223 0.847253 -1.619195  2.466447 2.47
224 0.847373 -1.587341  2.434714 2.43
225 0.847475 -1.555307  2.402783 2.40
226 0.847553 -1.524832  2.372385 2.37
227 0.847605 -1.497306  2.344911 2.34
228 0.847636 -1.473743  2.321380 2.32
229 0.847652 -1.454826  2.302478 2.30
230 0.847657 -1.440975  2.288632 2.29
231 0.847649 -1.432399  2.280048 2.28
232 0.847623 -1.429064  2.276687 2.28
233 0.847572 -1.430611  2.278182 2.28
234 0.847498 -1.436272  2.283770 2.28
235 0.847413 -1.444913  2.292326 2.29
236 0.847338 -1.455209  2.302546 2.30
237 0.847289 -1.465932  2.313221 2.31
238 0.847276 -1.476219  2.323495 2.32
239 0.847294 -1.485700  2.332994 2.33
240 0.847330 -1.494457  2.341788 2.34
241 0.847368 -1.502839  2.350207 2.35
242 0.847392 -1.511220  2.358612 2.36
243 0.847393 -1.519790  2.367182 2.37
244 0.847368 -1.528416  2.375785 2.38
245 0.847323 -1.536619  2.383942 2.38
246 0.847266 -1.543631  2.390897 2.39
247 0.847208 -1.548537  2.395745 2.40
248 0.847160 -1.550438  2.397599 2.40
249 0.847131 -1.548618  2.395748 2.40
250 0.847124 -1.542662  2.389786 2.39
251 0.847141 -1.532538  2.379679 2.38
252 0.847179 -1.518603  2.365782 2.37
253 0.847231 -1.501559  2.348790 2.35
254 0.847290 -1.482359  2.329648 2.33
255 0.847345 -1.462078  2.309423 2.31
256 0.847390 -1.441782  2.289172 2.29
257 0.847418 -1.422400  2.269818 2.27
258 0.847431 -1.404648  2.252079 2.25
259 0.847432 -1.389014  2.236446 2.24
260 0.847431 -1.375818  2.223249 2.22
261 0.847440 -1.365342  2.212781 2.21
262 0.847465 -1.357980  2.205445 2.21
263 0.847502 -1.354318  2.201821 2.20
264 0.847534 -1.355046  2.202581 2.20
265 0.847538 -1.360702  2.208240 2.21
266 0.847499 -1.371340  2.218839 2.22
267 0.847420 -1.386337  2.233757 2.23
268 0.847320 -1.404437  2.251756 2.25
269 0.847219 -1.424012  2.271231 2.27
270 0.847139 -1.443406  2.290544 2.29
271 0.847090 -1.461231  2.308320 2.31
272 0.847081 -1.476576  2.323657 2.32
273 0.847110 -1.489121  2.336231 2.34
274 0.847170 -1.499135  2.346305 2.35
275 0.847241 -1.507336  2.354578 2.35
276 0.847300 -1.514613  2.361912 2.36
277 0.847327 -1.521673  2.368999 2.37
278 0.847319 -1.528779  2.376098 2.38
279 0.847288 -1.535688  2.382976 2.38
280 0.847255 -1.541821  2.389076 2.39
281 0.847242 -1.546574  2.393815 2.39
282 0.847259 -1.549618  2.396877 2.40
283 0.847309 -1.551080  2.398389 2.40
284 0.847382 -1.551555  2.398937 2.40
285 0.847461 -1.551977  2.399438 2.40
286 0.847531 -1.553385  2.400915 2.40
287 0.847578 -1.556680  2.404257 2.40
288 0.847597 -1.562431  2.410028 2.41
289 0.847593 -1.570805  2.418398 2.42
290 0.847575 -1.581613  2.429188 2.43
291 0.847552 -1.594445  2.441996 2.44
292 0.847530 -1.608803  2.456333 2.46
293 0.847508 -1.624191  2.471699 2.47
294 0.847483 -1.640107  2.487590 2.49
295 0.847449 -1.655994  2.503442 2.50
296 0.847403 -1.671172  2.518575 2.52
297 0.847347 -1.684814  2.532161 2.53
298 0.847286 -1.695975  2.543261 2.54
299 0.847227 -1.703667  2.550893 2.55
300 0.847175 -1.706963  2.554138 2.55
301 0.847137 -1.705104  2.552241 2.55
302 0.847119 -1.697591  2.544710 2.54
303 0.847127 -1.684285  2.531412 2.53
304 0.847165 -1.665488  2.512653 2.51
305 0.847237 -1.642009  2.489245 2.49
306 0.847339 -1.615186  2.462525 2.46
307 0.847462 -1.586835  2.434297 2.43
308 0.847590 -1.559084  2.406674 2.41
309 0.847703 -1.534121  2.381824 2.38
310 0.847785 -1.513893  2.361678 2.36
311 0.847823 -1.499841  2.347665 2.35
312 0.847816 -1.492721  2.340537 2.34
313 0.847768 -1.492559  2.340327 2.34
314 0.847690 -1.498718  2.346407 2.35
315 0.847593 -1.510051  2.357644 2.36
316 0.847494 -1.525100  2.372594 2.37
317 0.847405 -1.542320  2.389725 2.39
318 0.847337 -1.560287  2.407624 2.41
319 0.847296 -1.577863  2.425158 2.43
320 0.847281 -1.594286  2.441566 2.44
321 0.847285 -1.609167  2.456452 2.46
322 0.847299 -1.622400  2.469699 2.47
323 0.847313 -1.634020  2.481333 2.48
324 0.847320 -1.644067  2.491388 2.49
325 0.847319 -1.652490  2.499810 2.50
326 0.847313 -1.659126  2.506438 2.51
327 0.847306 -1.663739  2.511045 2.51
328 0.847305 -1.666104  2.513410 2.51
329 0.847314 -1.666089  2.513402 2.51
330 0.847333 -1.663710  2.511043 2.51
331 0.847363 -1.659164  2.506526 2.51
332 0.847401 -1.652819  2.500220 2.50
333 0.847445 -1.645191  2.492636 2.49
334 0.847492 -1.636897  2.484389 2.48
335 0.847537 -1.628604  2.476141 2.48
336 0.847576 -1.620967  2.468543 2.47
337 0.847605 -1.614560  2.462165 2.46
338 0.847619 -1.609814  2.457434 2.46
339 0.847619 -1.606963  2.454582 2.45
340 0.847605 -1.606023  2.453627 2.45
341 0.847580 -1.606811  2.454392 2.45
342 0.847551 -1.608997  2.456548 2.46
343 0.847523 -1.612176  2.459699 2.46
344 0.847500 -1.615949  2.463449 2.46
345 0.847485 -1.619988  2.467473 2.47
346 0.847478 -1.624073  2.471551 2.47
347 0.847477 -1.628086  2.475562 2.48
348 0.847478 -1.631989  2.479467 2.48
349 0.847477 -1.635773  2.483250 2.48
350 0.847471 -1.639403  2.486875 2.49
351 0.847459 -1.642770  2.490229 2.49
352 0.847439 -1.645667  2.493106 2.49
353 0.847415 -1.647789  2.495204 2.50
354 0.847389 -1.648776  2.496165 2.50
355 0.847367 -1.648263  2.495629 2.50
356 0.847350 -1.645945  2.493294 2.49
357 0.847338 -1.641620  2.488958 2.49
358 0.847330 -1.635197  2.482527 2.48
359 0.847321 -1.626665  2.473986 2.47
360 0.847308 -1.616044  2.463352 2.46
361 0.847292 -1.603347  2.450639 2.45
362 0.847278 -1.588592  2.435870 2.44
363 0.847278 -1.571891  2.419169 2.42
364 0.847305 -1.553615  2.400920 2.40
365 0.847367 -1.534564  2.381932 2.38
366 0.847460 -1.516055  2.363516 2.36
367 0.847566 -1.499827  2.347392 2.35
368 0.847656 -1.487737  2.335393 2.34
369 0.847703 -1.481341  2.329044 2.33
370 0.847689 -1.481466  2.329155 2.33
371 0.847606 -1.487911  2.335516 2.34
372 0.847462 -1.499339  2.346802 2.35
373 0.847289 -1.513448  2.360736 2.36
374 0.847126 -1.527419  2.374545 2.37
375 0.847011 -1.538550  2.385561 2.39
376 0.846962 -1.544812  2.391774 2.39
377 0.846979 -1.545170  2.392149 2.39
378 0.847049 -1.539612  2.386661 2.39
379 0.847155 -1.528976  2.376131 2.38
380 0.847278 -1.514699  2.361977 2.36
381 0.847405 -1.498546  2.345951 2.35
382 0.847522 -1.482383  2.329906 2.33
383 0.847621 -1.467978  2.315598 2.32
384 0.847690 -1.456825  2.304516 2.30
385 0.847723 -1.449995  2.297718 2.30
386 0.847711 -1.447988  2.295699 2.30
387 0.847652 -1.450631  2.298283 2.30
388 0.847551 -1.457042  2.304593 2.30
389 0.847422 -1.465712  2.313133 2.31
390 0.847283 -1.474702  2.321985 2.32
391 0.847158 -1.481947  2.329105 2.33
392 0.847064 -1.485582  2.332646 2.33
393 0.847015 -1.484231  2.331246 2.33
394 0.847017 -1.477216  2.324233 2.32
395 0.847067 -1.464640  2.311707 2.31
396 0.847158 -1.447367  2.294525 2.29
397 0.847277 -1.426897  2.274175 2.27
398 0.847411 -1.405170  2.252581 2.25
399 0.847546 -1.384349  2.231896 2.23
400 0.847676 -1.366632  2.214308 2.21
401 0.847794 -1.354104  2.201897 2.20
402 0.847889 -1.348613  2.196502 2.20
403 0.847950 -1.351610  2.199560 2.20
404 0.847965 -1.363959  2.211924 2.21
405 0.847929 -1.385763  2.233691 2.23
406 0.847849 -1.416305  2.264153 2.26
407 0.847739 -1.454150  2.301889 2.30
408 0.847617 -1.497364  2.344980 2.34
409 0.847497 -1.543772  2.391269 2.39
410 0.847389 -1.591198  2.438587 2.44
411 0.847299 -1.637626  2.484925 2.48
412 0.847228 -1.681304  2.528531 2.53
413 0.847176 -1.720790  2.567966 2.57
414 0.847139 -1.754958  2.602097 2.60
415 0.847115 -1.782962  2.630077 2.63
416 0.847097 -1.804196  2.651293 2.65
417 0.847085 -1.818233  2.665318 2.67
418 0.847074 -1.824786  2.671860 2.67
419 0.847065 -1.823676  2.670741 2.67
420 0.847060 -1.814832  2.661892 2.66
421 0.847061 -1.798321  2.645382 2.65
422 0.847074 -1.774390  2.621464 2.62
423 0.847100 -1.743530  2.590630 2.59
424 0.847141 -1.706510  2.553651 2.55
425 0.847194 -1.664383  2.511577 2.51
426 0.847258 -1.618456  2.465715 2.47
427 0.847338 -1.570267  2.417605 2.42
428 0.847446 -1.521640  2.369086 2.37
429 0.847601 -1.474864  2.322465 2.32
430 0.847808 -1.432899  2.280707 2.28
431 0.848034 -1.399364  2.247398 2.25
432 0.848205 -1.377975  2.226180 2.23
433 0.848240 -1.371443  2.219683 2.22
434 0.848106 -1.380313  2.228419 2.23
435 0.847842 -1.402490  2.250331 2.25
436 0.847527 -1.433798  2.281325 2.28
437 0.847240 -1.469174  2.316414 2.32
438 0.847021 -1.503831  2.350852 2.35
439 0.846881 -1.533959  2.380841 2.38
440 0.846814 -1.556965  2.403780 2.40
441 0.846806 -1.571419  2.418225 2.42
442 0.846841 -1.576873  2.423713 2.42
443 0.846905 -1.573646  2.420551 2.42
444 0.846985 -1.562608  2.409593 2.41
445 0.847071 -1.544976  2.392047 2.39
446 0.847156 -1.522136  2.369292 2.37
447 0.847234 -1.495517  2.342751 2.34
448 0.847306 -1.466504  2.313810 2.31
449 0.847369 -1.436408  2.283777 2.28
450 0.847417 -1.406411  2.253828 2.25
451 0.847442 -1.377482  2.224924 2.22
452 0.847436 -1.350245  2.197681 2.20
453 0.847398 -1.324871  2.172270 2.17
454 0.847345 -1.301102  2.148447 2.15
455 0.847305 -1.278484  2.125789 2.13
456 0.847317 -1.256809  2.104126 2.10
457 0.847412 -1.236655  2.084067 2.08
458 0.847600 -1.219821  2.067420 2.07
459 0.847843 -1.209382  2.057225 2.06
460 0.848061 -1.209107  2.057169 2.06
461 0.848157 -1.222234  2.070392 2.07
462 0.848076 -1.250069  2.098145 2.10
463 0.847842 -1.291207  2.139049 2.14
464 0.847538 -1.341876  2.189414 2.19
465 0.847253 -1.397140  2.244393 2.24
466 0.847043 -1.452228  2.299271 2.30
467 0.846922 -1.503405  2.350326 2.35
468 0.846879 -1.548259  2.395138 2.40
469 0.846894 -1.585603  2.432497 2.43
470 0.846947 -1.615205  2.462152 2.46
471 0.847021 -1.637492  2.484513 2.48
472 0.847101 -1.653289  2.500390 2.50
473 0.847177 -1.663601  2.510778 2.51
474 0.847244 -1.669450  2.516695 2.52
475 0.847299 -1.671776  2.519075 2.52
476 0.847343 -1.671378  2.518721 2.52
477 0.847376 -1.668914  2.516291 2.52
478 0.847402 -1.664914  2.512315 2.51
479 0.847418 -1.659783  2.507201 2.51
480 0.847423 -1.653798  2.501220 2.50
481 0.847414 -1.647070  2.494484 2.49
482 0.847392 -1.639515  2.486907 2.49
483 0.847359 -1.630850  2.478209 2.48
484 0.847323 -1.620655  2.467978 2.47
485 0.847297 -1.608490  2.455787 2.46
486 0.847291 -1.594068  2.441359 2.44
487 0.847313 -1.577412  2.424725 2.42
488 0.847364 -1.558966  2.406330 2.41
489 0.847434 -1.539597  2.387031 2.39
490 0.847510 -1.520465  2.367975 2.37
491 0.847571 -1.502797  2.350368 2.35
492 0.847600 -1.487604  2.335204 2.34
493 0.847590 -1.475435  2.323025 2.32
494 0.847541 -1.466252  2.313793 2.31
495 0.847465 -1.459454  2.306919 2.31
496 0.847378 -1.454042  2.301420 2.30
497 0.847299 -1.448874  2.296173 2.30
498 0.847245 -1.442946  2.290191 2.29
499 0.847229 -1.435645  2.282875 2.28
500 0.847259 -1.426945  2.274204 2.27
501 0.847329 -1.417490  2.264820 2.26
502 0.847426 -1.408535  2.255961 2.26
503 0.847522 -1.401696  2.249218 2.25
504 0.847590 -1.398553  2.246143 2.25
505 0.847611 -1.400230  2.247841 2.25
506 0.847588 -1.407132  2.254720 2.25
507 0.847538 -1.418961  2.266499 2.27
508 0.847483 -1.434964  2.282447 2.28
509 0.847442 -1.454263  2.301706 2.30
510 0.847423 -1.476129  2.323552 2.32
511 0.847419 -1.500090  2.347510 2.35
512 0.847418 -1.525876  2.373294 2.37
513 0.847401 -1.553214  2.400615 2.40
514 0.847355 -1.581573  2.428928 2.43
515 0.847278 -1.609977  2.457255 2.46
516 0.847187 -1.637019  2.484206 2.48
517 0.847103 -1.661082  2.508185 2.51
518 0.847045 -1.680666  2.527711 2.53
519 0.847024 -1.694687  2.541711 2.54
520 0.847041 -1.702650  2.549691 2.55
521 0.847092 -1.704685  2.551776 2.55
522 0.847166 -1.701476  2.548642 2.55
523 0.847256 -1.694140  2.541396 2.54
524 0.847351 -1.684083  2.531433 2.53
525 0.847440 -1.672841  2.520281 2.52
526 0.847513 -1.661921  2.509434 2.51
527 0.847557 -1.652608  2.500165 2.50
528 0.847560 -1.645775  2.493335 2.49
529 0.847521 -1.641719  2.489239 2.49
530 0.847449 -1.640123  2.487572 2.49
531 0.847368 -1.640209  2.487577 2.49
532 0.847307 -1.641066  2.488373 2.49
533 0.847288 -1.642064  2.489352 2.49
534 0.847315 -1.643145  2.490460 2.49
535 0.847372 -1.644871  2.492243 2.49
536 0.847429 -1.648175  2.495605 2.50
537 0.847453 -1.653909  2.501362 2.50
538 0.847416 -1.662330  2.509745 2.51
539 0.847316 -1.672735  2.520050 2.52
540 0.847180 -1.683444  2.530624 2.53
541 0.847052 -1.692209  2.539261 2.54
542 0.846971 -1.696866  2.543837 2.54
543 0.846955 -1.695936  2.542891 2.54
544 0.847000 -1.688913  2.535913 2.54
545 0.847090 -1.676245  2.523335 2.52
546 0.847204 -1.659108  2.506312 2.51
547 0.847325 -1.639114  2.486440 2.49
548 0.847439 -1.618031  2.465470 2.47
549 0.847532 -1.597541  2.445072 2.45
550 0.847597 -1.579043  2.426640 2.43
551 0.847631 -1.563522  2.411153 2.41
552 0.847637 -1.551495  2.399132 2.40
553 0.847623 -1.543046  2.390669 2.39
554 0.847597 -1.537936  2.385534 2.39
555 0.847569 -1.535730  2.383298 2.38
556 0.847540 -1.535908  2.383448 2.38
557 0.847513 -1.537938  2.385451 2.39
558 0.847486 -1.541294  2.388780 2.39
559 0.847461 -1.545463  2.392923 2.39
560 0.847436 -1.549946  2.397381 2.40
561 0.847413 -1.554273  2.401686 2.40
562 0.847393 -1.558024  2.405417 2.41
563 0.847379 -1.560851  2.408230 2.41
564 0.847369 -1.562502  2.409871 2.41
565 0.847364 -1.562822  2.410187 2.41
566 0.847361 -1.561744  2.409105 2.41
567 0.847356 -1.559251  2.406606 2.41
568 0.847344 -1.555325  2.402669 2.40
569 0.847324 -1.549891  2.397215 2.40
570 0.847295 -1.542770  2.390064 2.39
571 0.847259 -1.533674  2.380932 2.38
572 0.847223 -1.522259  2.369482 2.37
573 0.847198 -1.508228  2.355426 2.36
574 0.847192 -1.491470  2.338661 2.34
575 0.847211 -1.472187  2.319398 2.32
576 0.847261 -1.450995  2.298256 2.30
577 0.847341 -1.428969  2.276309 2.28
578 0.847447 -1.407636  2.255083 2.26
579 0.847570 -1.388901  2.236471 2.24
580 0.847686 -1.374849  2.222535 2.22
581 0.847763 -1.367388  2.215151 2.22
582 0.847769 -1.367749  2.215518 2.22
583 0.847690 -1.376028  2.223719 2.22
584 0.847547 -1.391003  2.238550 2.24
585 0.847381 -1.410410  2.257791 2.26
586 0.847245 -1.431592  2.278837 2.28
587 0.847170 -1.452240  2.299410 2.30
588 0.847164 -1.470896  2.318060 2.32
589 0.847208 -1.487087  2.334295 2.33
590 0.847276 -1.501099  2.348375 2.35
591 0.847337 -1.513580  2.360917 2.36
592 0.847374 -1.525130  2.372504 2.37
593 0.847381 -1.536027  2.383408 2.38
594 0.847364 -1.546146  2.393511 2.39
595 0.847334 -1.555033  2.402367 2.40
596 0.847301 -1.562055  2.409356 2.41
597 0.847272 -1.566567  2.413839 2.41
598 0.847249 -1.568011  2.415260 2.42
599 0.847231 -1.565959  2.413190 2.41
600 0.847216 -1.560105  2.407321 2.41
601 0.847203 -1.550243  2.397446 2.40
602 0.847194 -1.536267  2.383461 2.38
603 0.847194 -1.518192  2.365386 2.37
604 0.847208 -1.496231  2.343438 2.34
605 0.847243 -1.470871  2.318114 2.32
606 0.847301 -1.442965  2.290267 2.29
607 0.847383 -1.413759  2.261142 2.26
608 0.847482 -1.384864  2.232345 2.23
609 0.847589 -1.358150  2.205739 2.21
610 0.847695 -1.335602  2.183297 2.18
611 0.847785 -1.319136  2.166921 2.17
612 0.847833 -1.310335  2.158168 2.16
613 0.847814 -1.310079  2.157894 2.16
614 0.847712 -1.318150  2.165862 2.17
615 0.847541 -1.333028  2.180569 2.18
616 0.847342 -1.352118  2.199459 2.20
617 0.847160 -1.372338  2.219499 2.22
618 0.847028 -1.390823  2.237851 2.24
619 0.846954 -1.405401  2.252355 2.25
620 0.846930 -1.414769  2.261699 2.26
621 0.846943 -1.418416  2.265359 2.27
622 0.846985 -1.416468  2.263453 2.26
623 0.847051 -1.409549  2.256600 2.26
624 0.847139 -1.398709  2.245848 2.25
625 0.847245 -1.385376  2.232621 2.23
626 0.847364 -1.371295  2.218659 2.22
627 0.847482 -1.358395  2.205877 2.21
628 0.847582 -1.348577  2.196159 2.20
629 0.847647 -1.343445  2.191092 2.19
630 0.847664 -1.344041  2.191705 2.19
631 0.847632 -1.350653  2.198285 2.20
632 0.847559 -1.362788  2.210348 2.21
633 0.847465 -1.379312  2.226777 2.23
634 0.847370 -1.398721  2.246091 2.25
635 0.847289 -1.419451  2.266740 2.27
636 0.847231 -1.440125  2.287356 2.29
637 0.847199 -1.459699  2.306898 2.31
638 0.847192 -1.477522  2.324714 2.32
639 0.847203 -1.493314  2.340516 2.34
640 0.847222 -1.507077  2.354299 2.35
641 0.847238 -1.518958  2.366196 2.37
642 0.847242 -1.529079  2.376321 2.38
643 0.847231 -1.537404  2.384635 2.38
644 0.847206 -1.543693  2.390900 2.39
645 0.847177 -1.547547  2.394724 2.39
646 0.847152 -1.548525  2.395677 2.40
647 0.847140 -1.546283  2.393424 2.39
648 0.847149 -1.540707  2.387856 2.39
649 0.847186 -1.532027  2.379213 2.38
650 0.847256 -1.520923  2.368179 2.37
651 0.847354 -1.508571  2.355925 2.36
652 0.847460 -1.496541  2.344001 2.34
653 0.847540 -1.486479  2.334018 2.33
654 0.847564 -1.479612  2.327177 2.33
655 0.847526 -1.476320  2.323846 2.32
656 0.847447 -1.476021  2.323468 2.32
657 0.847366 -1.477490  2.324855 2.32
658 0.847317 -1.479419  2.326736 2.33
659 0.847316 -1.480926  2.328243 2.33
660 0.847359 -1.481797  2.329156 2.33
661 0.847425 -1.482439  2.329864 2.33
662 0.847491 -1.483621  2.331112 2.33
663 0.847535 -1.486129  2.333664 2.33
664 0.847540 -1.490435  2.337974 2.34
665 0.847501 -1.496465  2.343966 2.34
666 0.847425 -1.503532  2.350958 2.35
667 0.847330 -1.510441  2.357771 2.36
668 0.847236 -1.515734  2.362970 2.36
669 0.847164 -1.518007  2.365171 2.37
670 0.847128 -1.516215  2.363343 2.36
671 0.847134 -1.509884  2.357018 2.36
672 0.847178 -1.499203  2.346382 2.35
673 0.847244 -1.484945  2.332188 2.33
674 0.847309 -1.468236  2.315545 2.32
675 0.847356 -1.450249  2.297605 2.30
676 0.847376 -1.431919  2.279296 2.28
677 0.847380 -1.413840  2.261220 2.26
678 0.847389 -1.396383  2.243771 2.24
679 0.847421 -1.379988  2.227409 2.23
680 0.847479 -1.365405  2.212884 2.21
681 0.847537 -1.353673  2.201209 2.20
682 0.847555 -1.345751  2.193306 2.19
683 0.847508 -1.341955  2.189462 2.19
684 0.847398 -1.341572  2.188970 2.19
685 0.847264 -1.342938  2.190202 2.19
686 0.847149 -1.343971  2.191120 2.19
687 0.847082 -1.342826  2.189908 2.19
688 0.847068 -1.338344  2.185412 2.19
689 0.847099 -1.330178  2.177277 2.18
690 0.847161 -1.318683  2.165844 2.17
691 0.847240 -1.304723  2.151963 2.15
692 0.847326 -1.289477  2.136803 2.14
693 0.847409 -1.274276  2.121685 2.12
694 0.847481 -1.260445  2.107926 2.11
695 0.847532 -1.249152  2.096684 2.10
696 0.847560 -1.241283  2.088844 2.09
697 0.847571 -1.237399  2.084970 2.08
698 0.847574 -1.237791  2.085365 2.09
699 0.847582 -1.242624  2.090206 2.09
700 0.847600 -1.252093  2.099693 2.10
701 0.847624 -1.266486  2.114110 2.11
702 0.847638 -1.286099  2.133737 2.13
703 0.847623 -1.311009  2.158632 2.16
704 0.847569 -1.340812  2.188381 2.19
705 0.847477 -1.374464  2.221941 2.22
706 0.847359 -1.410309  2.257667 2.26
707 0.847235 -1.446277  2.293512 2.29
708 0.847124 -1.480198  2.327322 2.33
709 0.847040 -1.510095  2.357135 2.36
710 0.846988 -1.534406  2.381393 2.38
711 0.846963 -1.552069  2.399032 2.40
712 0.846958 -1.562493  2.409451 2.41
713 0.846963 -1.565456  2.412420 2.41
714 0.846973 -1.560978  2.407951 2.41
715 0.846985 -1.549233  2.396219 2.40
716 0.847004 -1.530533  2.377537 2.38
717 0.847040 -1.505375  2.352414 2.35
718 0.847103 -1.474575  2.321678 2.32
719 0.847204 -1.439423  2.286628 2.29
720 0.847344 -1.401794  2.249138 2.25
721 0.847507 -1.364118  2.211624 2.21
722 0.847659 -1.329111  2.176770 2.18
723 0.847765 -1.299286  2.147051 2.15
724 0.847803 -1.276410  2.124213 2.12
725 0.847777 -1.261182  2.108959 2.11
726 0.847715 -1.253302  2.101017 2.10
727 0.847649 -1.251859  2.099508 2.10
728 0.847596 -1.255789  2.103386 2.10
729 0.847559 -1.264170  2.111728 2.11
730 0.847524 -1.276260  2.123784 2.12
731 0.847477 -1.291360  2.138837 2.14
732 0.847408 -1.308603  2.156012 2.16
733 0.847319 -1.326842  2.174161 2.17
734 0.847224 -1.344673  2.191897 2.19
735 0.847143 -1.360648  2.207790 2.21
736 0.847099 -1.373587  2.220687 2.22
737 0.847111 -1.382918  2.230029 2.23
738 0.847182 -1.388910  2.236092 2.24
739 0.847297 -1.392720  2.240018 2.24
740 0.847423 -1.396146  2.243569 2.24
741 0.847517 -1.401116  2.248633 2.25
742 0.847549 -1.409079  2.256628 2.26
743 0.847517 -1.420559  2.268075 2.27
744 0.847444 -1.435106  2.282550 2.28
745 0.847366 -1.451635  2.299001 2.30
746 0.847310 -1.468928  2.316238 2.32
747 0.847286 -1.486042  2.333328 2.33
748 0.847287 -1.502460  2.349747 2.35
749 0.847300 -1.518017  2.365317 2.37
750 0.847312 -1.532720  2.380032 2.38
751 0.847319 -1.546583  2.393901 2.39
752 0.847318 -1.559532  2.406850 2.41
753 0.847312 -1.571395  2.418707 2.42
754 0.847307 -1.581933  2.429240 2.43
755 0.847305 -1.590919  2.438225 2.44
756 0.847311 -1.598200  2.445511 2.45
757 0.847327 -1.603749  2.451076 2.45
758 0.847353 -1.607698  2.455051 2.46
759 0.847389 -1.610350  2.457739 2.46
760 0.847434 -1.612173  2.459607 2.46
761 0.847488 -1.613784  2.461272 2.46
762 0.847546 -1.615917  2.463463 2.46
763 0.847604 -1.619368  2.466972 2.47
764 0.847657 -1.624924  2.472581 2.47
765 0.847696 -1.633274  2.480970 2.48
766 0.847715 -1.644884  2.492599 2.49
767 0.847705 -1.659885  2.507589 2.51
768 0.847663 -1.677959  2.525622 2.53
769 0.847593 -1.698309  2.545902 2.55
770 0.847505 -1.719715  2.567220 2.57
771 0.847412 -1.740689  2.588101 2.59
772 0.847327 -1.759686  2.607013 2.61
773 0.847260 -1.775303  2.622564 2.62
774 0.847215 -1.786434  2.633649 2.63
775 0.847191 -1.792340  2.639531 2.64
776 0.847186 -1.792666  2.639852 2.64
777 0.847197 -1.787407  2.634604 2.63
778 0.847218 -1.776850  2.624068 2.62
779 0.847245 -1.761504  2.608749 2.61
780 0.847275 -1.742035  2.589310 2.59
781 0.847308 -1.719218  2.566526 2.57
782 0.847343 -1.693913  2.541257 2.54
783 0.847384 -1.667072  2.514456 2.51
784 0.847429 -1.639744  2.487173 2.49
785 0.847472 -1.613050  2.460522 2.46
786 0.847503 -1.588076  2.435579 2.44
787 0.847514 -1.565708  2.413223 2.41
788 0.847506 -1.546509  2.394016 2.39
789 0.847491 -1.530718  2.378209 2.38
790 0.847481 -1.518395  2.365877 2.37
791 0.847484 -1.509606  2.357090 2.36
792 0.847493 -1.504496  2.351989 2.35
793 0.847501 -1.503227  2.350728 2.35
794 0.847503 -1.505862  2.353364 2.35
795 0.847499 -1.512311  2.359810 2.36
796 0.847492 -1.522345  2.369837 2.37
797 0.847477 -1.535620  2.383097 2.38
798 0.847448 -1.551634  2.399082 2.40
799 0.847399 -1.569645  2.417045 2.42
800 0.847333 -1.588614  2.435947 2.44
801 0.847257 -1.607245  2.454502 2.45
802 0.847186 -1.624126  2.471312 2.47
803 0.847130 -1.637930  2.485060 2.49
804 0.847096 -1.647589  2.494685 2.49
805 0.847085 -1.652399  2.499485 2.50
806 0.847094 -1.652043  2.499137 2.50
807 0.847117 -1.646541  2.493658 2.49
808 0.847151 -1.636186  2.483337 2.48
809 0.847194 -1.621489  2.468683 2.47
810 0.847246 -1.603144  2.450390 2.45
811 0.847304 -1.582010  2.429314 2.43
812 0.847364 -1.559058  2.406422 2.41
813 0.847417 -1.535295  2.382712 2.38
814 0.847457 -1.511636  2.359093 2.36
815 0.847481 -1.488803  2.336283 2.34
816 0.847490 -1.467267  2.314757 2.31
817 0.847492 -1.447290  2.294782 2.29
818 0.847493 -1.429008  2.276502 2.28
819 0.847498 -1.412540  2.260038 2.26
820 0.847508 -1.398044  2.245552 2.25
821 0.847524 -1.385750  2.233274 2.23
822 0.847545 -1.375971  2.223516 2.22
823 0.847573 -1.369107  2.216680 2.22
824 0.847601 -1.365631  2.213232 2.21
825 0.847623 -1.366019  2.213642 2.21
826 0.847626 -1.370622  2.218248 2.22
827 0.847603 -1.379500  2.227103 2.23
828 0.847551 -1.392306  2.239858 2.24
829 0.847477 -1.408257  2.255734 2.26
830 0.847393 -1.426224  2.273616 2.27
831 0.847310 -1.444909  2.292219 2.29
832 0.847239 -1.463039  2.310278 2.31
833 0.847187 -1.479522  2.326709 2.33
834 0.847160 -1.493575  2.340735 2.34
835 0.847163 -1.504807  2.351970 2.35
836 0.847194 -1.513280  2.360474 2.36
837 0.847249 -1.519497  2.366746 2.37
838 0.847313 -1.524308  2.371621 2.37
839 0.847371 -1.528706  2.376077 2.38
840 0.847407 -1.533576  2.380983 2.38
841 0.847415 -1.539481  2.386897 2.39
842 0.847398 -1.546565  2.393963 2.39
843 0.847362 -1.554580  2.401942 2.40
844 0.847317 -1.562989  2.410306 2.41
845 0.847272 -1.571115  2.418387 2.42
846 0.847239 -1.578293  2.425532 2.43
847 0.847227 -1.584039  2.431266 2.43
848 0.847236 -1.588168  2.435404 2.44
849 0.847257 -1.590804  2.438061 2.44
850 0.847276 -1.592249  2.439525 2.44
851 0.847278 -1.592755  2.440033 2.44
852 0.847259 -1.592328  2.439587 2.44
853 0.847228 -1.590675  2.437903 2.44
854 0.847197 -1.587310  2.434507 2.43
855 0.847173 -1.581733  2.428906 2.43
856 0.847160 -1.573555  2.420715 2.42
857 0.847155 -1.562547  2.409702 2.41
858 0.847157 -1.548621  2.395779 2.40
859 0.847168 -1.531826  2.378993 2.38
860 0.847188 -1.512350  2.359539 2.36
861 0.847219 -1.490557  2.337776 2.34
862 0.847259 -1.466979  2.314238 2.31
863 0.847304 -1.442298  2.289602 2.29
864 0.847350 -1.417280  2.264630 2.26
865 0.847394 -1.392718  2.240112 2.24
866 0.847433 -1.369377  2.216810 2.22
867 0.847466 -1.347951  2.195417 2.20
868 0.847487 -1.329024  2.176511 2.18
869 0.847493 -1.313007  2.160499 2.16
870 0.847480 -1.300079  2.147559 2.15
871 0.847452 -1.290152  2.137604 2.14
872 0.847418 -1.282914  2.130332 2.13
873 0.847394 -1.277974  2.125368 2.13
874 0.847397 -1.275089  2.122486 2.12
875 0.847433 -1.274385  2.121818 2.12
876 0.847495 -1.276440  2.123935 2.12
877 0.847557 -1.282153  2.129710 2.13
878 0.847591 -1.292385  2.139976 2.14
879 0.847574 -1.307530  2.155104 2.16
880 0.847504 -1.327206  2.174710 2.17
881 0.847401 -1.350232  2.197634 2.20
882 0.847294 -1.374912  2.222206 2.22
883 0.847209 -1.399463  2.246673 2.25
884 0.847161 -1.422420  2.269581 2.27
885 0.847151 -1.442863  2.290014 2.29
886 0.847169 -1.460447  2.307616 2.31
887 0.847199 -1.475268  2.322467 2.32
888 0.847229 -1.487657  2.334886 2.33
889 0.847250 -1.497992  2.345242 2.35
890 0.847262 -1.506575  2.353838 2.35
891 0.847270 -1.513614  2.360884 2.36
892 0.847279 -1.519273  2.366552 2.37
893 0.847296 -1.523765  2.371061 2.37
894 0.847322 -1.527429  2.374751 2.37
895 0.847351 -1.530728  2.378079 2.38
896 0.847374 -1.534156  2.381530 2.38
897 0.847380 -1.538093  2.385473 2.39
898 0.847371 -1.542673  2.390044 2.39
899 0.847354 -1.547784  2.395138 2.40
900 0.847342 -1.553177  2.400520 2.40
901 0.847347 -1.558660  2.406007 2.41
902 0.847370 -1.564242  2.411612 2.41
903 0.847407 -1.570183  2.417590 2.42
904 0.847444 -1.576913  2.424357 2.42
905 0.847468 -1.584854  2.432322 2.43
906 0.847467 -1.594215  2.441682 2.44
907 0.847436 -1.604830  2.452266 2.45
908 0.847380 -1.616096  2.463476 2.46
909 0.847309 -1.627040  2.474349 2.47
910 0.847238 -1.636483  2.483721 2.48
911 0.847179 -1.643249  2.490428 2.49
912 0.847143 -1.646363  2.493506 2.49
913 0.847137 -1.645220  2.492357 2.49
914 0.847167 -1.639702  2.486870 2.49
915 0.847233 -1.630247  2.477480 2.48
916 0.847327 -1.617837  2.465164 2.47
917 0.847436 -1.603890  2.451326 2.45
918 0.847540 -1.590039  2.437579 2.44
919 0.847621 -1.577840  2.425461 2.43
920 0.847671 -1.568514  2.416185 2.42
921 0.847690 -1.562803  2.410493 2.41
922 0.847687 -1.560980  2.408666 2.41
923 0.847668 -1.562953  2.410621 2.41
924 0.847635 -1.568370  2.416004 2.42
925 0.847586 -1.576648  2.424234 2.42
926 0.847517 -1.586965  2.434482 2.43
927 0.847429 -1.598220  2.445649 2.45
928 0.847325 -1.609049  2.456374 2.46
929 0.847214 -1.617899  2.465113 2.47
930 0.847106 -1.623159  2.470265 2.47
931 0.847014 -1.623334  2.470348 2.47
932 0.846949 -1.617230  2.464178 2.46
933 0.846922 -1.604137  2.451059 2.45
934 0.846947 -1.584010  2.430957 2.43
935 0.847034 -1.557637  2.404671 2.40
936 0.847192 -1.526798  2.373990 2.37
937 0.847419 -1.494344  2.341763 2.34
938 0.847689 -1.464110  2.311799 2.31
939 0.847946 -1.440466  2.288413 2.29
940 0.848114 -1.427441  2.275554 2.28
941 0.848131 -1.427581  2.275712 2.28
942 0.847992 -1.441087  2.289079 2.29
943 0.847748 -1.465732  2.313480 2.31
944 0.847473 -1.497612  2.345086 2.35
945 0.847226 -1.532250  2.379476 2.38
946 0.847031 -1.565489  2.412519 2.41
947 0.846890 -1.593946  2.440836 2.44
948 0.846795 -1.615117  2.461913 2.46
949 0.846742 -1.627312  2.474054 2.47
950 0.846729 -1.629594  2.476323 2.48
951 0.846761 -1.621777  2.468538 2.47
952 0.846844 -1.604482  2.451326 2.45
953 0.846975 -1.579187  2.426162 2.43
954 0.847140 -1.548163  2.395303 2.40
955 0.847307 -1.514205  2.361512 2.36
956 0.847442 -1.480153  2.327595 2.33
957 0.847516 -1.448349  2.295865 2.30
958 0.847523 -1.420219  2.267742 2.27
959 0.847471 -1.396141  2.243612 2.24
960 0.847384 -1.375589  2.222974 2.22
961 0.847287 -1.357473  2.204760 2.20
962 0.847204 -1.340525  2.187729 2.19
963 0.847151 -1.323664  2.170815 2.17
964 0.847140 -1.306260  2.153400 2.15
965 0.847173 -1.288303  2.135476 2.14
966 0.847245 -1.270449  2.117694 2.12
967 0.847343 -1.253934  2.101277 2.10
968 0.847444 -1.240350  2.087793 2.09
969 0.847524 -1.231300  2.078824 2.08
970 0.847569 -1.228054  2.075622 2.08
971 0.847574 -1.231309  2.078883 2.08
972 0.847548 -1.241135  2.088683 2.09
973 0.847496 -1.257056  2.104552 2.10
974 0.847422 -1.278155  2.125577 2.13
975 0.847323 -1.303128  2.150451 2.15
976 0.847200 -1.330284  2.177484 2.18
977 0.847066 -1.357589  2.204655 2.20
978 0.846945 -1.382872  2.229817 2.23
979 0.846872 -1.404216  2.251088 2.25
980 0.846882 -1.420484  2.267366 2.27
981 0.846989 -1.431793  2.278782 2.28
982 0.847174 -1.439698  2.286872 2.29
983 0.847375 -1.446851  2.294226 2.29
984 0.847515 -1.456086  2.303601 2.30
985 0.847540 -1.469287  2.316826 2.32
986 0.847452 -1.486605  2.334056 2.33
987 0.847299 -1.506483  2.353783 2.35
988 0.847141 -1.526351  2.373492 2.37
989 0.847015 -1.543475  2.390491 2.39
990 0.846938 -1.555577  2.402515 2.40
991 0.846911 -1.561116  2.408027 2.41
992 0.846934 -1.559368  2.406302 2.41
993 0.847003 -1.550426  2.397429 2.40
994 0.847110 -1.535136  2.382246 2.38
995 0.847242 -1.514977  2.362219 2.36
996 0.847378 -1.491841  2.339219 2.34
997 0.847496 -1.467712  2.315208 2.32
998 0.847575 -1.444320  2.291895 2.29
999 0.847607 -1.422838  2.270444 2.27
