#Step   Etot   PotE Ktot  T
0 0.818306 -2.635660  3.453966 3.45
1 0.818300 -2.628332  3.446631 3.45
2 0.818285 -2.616060  3.434345 3.43
3 0.818262 -2.598683  3.416945 3.42
4 0.818230 -2.575947  3.394178 3.39
5 0.818192 -2.547509  3.365701 3.37
6 0.818147 -2.512953  3.331100 3.33
7 0.818097 -2.471811  3.289908 3.29
8 0.818046 -2.423591  3.241637 3.24
9 0.817997 -2.367821  3.185818 3.19
10 0.817956 -2.304110  3.122066 3.12
11 0.817930 -2.232225  3.050155 3.05
12 0.817926 -2.152195  2.970121 2.97
13 0.817953 -2.064427  2.882380 2.88
14 0.818021 -1.969830  2.787851 2.79
15 0.818135 -1.869928  2.688063 2.69
16 0.818296 -1.766939  2.585235 2.59
17 0.818499 -1.663763  2.482262 2.48
18 0.818727 -1.563877  2.382604 2.38
19 0.818958 -1.471085  2.290043 2.29
20 0.819164 -1.389158  2.208322 2.21
21 0.819315 -1.321407  2.140722 2.14
22 0.819393 -1.270264  2.089657 2.09
23 0.819388 -1.236982  2.056371 2.06
24 0.819305 -1.221503  2.040808 2.04
25 0.819160 -1.222527  2.041687 2.04
26 0.818974 -1.237753  2.056728 2.06
27 0.818771 -1.264208  2.082979 2.08
28 0.818570 -1.298601  2.117171 2.12
29 0.818386 -1.337633  2.156019 2.16
30 0.818227 -1.378230  2.196457 2.20
31 0.818095 -1.417684  2.235779 2.24
32 0.817992 -1.453726  2.271718 2.27
33 0.817916 -1.484545  2.302461 2.30
34 0.817864 -1.508776  2.326641 2.33
35 0.817836 -1.525487  2.343323 2.34
36 0.817832 -1.534161  2.351993 2.35
37 0.817852 -1.534700  2.352552 2.35
38 0.817898 -1.527433  2.345331 2.35
39 0.817969 -1.513125  2.331094 2.33
40 0.818065 -1.492972  2.311037 2.31
41 0.818181 -1.468566  2.286747 2.29
42 0.818309 -1.441817  2.260126 2.26
43 0.818438 -1.414825  2.233263 2.23
44 0.818557 -1.389706  2.208263 2.21
45 0.818653 -1.368399  2.187052 2.19
46 0.818717 -1.352483  2.171200 2.17
47 0.818743 -1.343024  2.161767 2.16
48 0.818729 -1.340491  2.159221 2.16
49 0.818681 -1.344740  2.163420 2.16
50 0.818603 -1.355062  2.173666 2.17
51 0.818506 -1.370298  2.188805 2.19
52 0.818400 -1.388972  2.207372 2.21
53 0.818293 -1.409453  2.227746 2.23
54 0.818196 -1.430108  2.248304 2.25
55 0.818117 -1.449454  2.267570 2.27
56 0.818062 -1.466284  2.284346 2.28
57 0.818037 -1.479780  2.297817 2.30
58 0.818046 -1.489593  2.307639 2.31
59 0.818087 -1.495886  2.313973 2.31
60 0.818156 -1.499320  2.317476 2.32
61 0.818242 -1.500966  2.319208 2.32
62 0.818330 -1.502148  2.320479 2.32
63 0.818405 -1.504211  2.322616 2.32
64 0.818452 -1.508277  2.326729 2.33
65 0.818462 -1.515029  2.333491 2.33
66 0.818435 -1.524582  2.343017 2.34
67 0.818380 -1.536485  2.354864 2.35
68 0.818307 -1.549827  2.368134 2.37
69 0.818230 -1.563421  2.381651 2.38
70 0.818160 -1.576002  2.394162 2.39
71 0.818103 -1.586393  2.404497 2.40
72 0.818063 -1.593618  2.411681 2.41
73 0.818040 -1.596959  2.414999 2.41
74 0.818034 -1.595982  2.414016 2.41
75 0.818044 -1.590531  2.408575 2.41
76 0.818069 -1.580726  2.398794 2.40
77 0.818107 -1.566941  2.385048 2.39
78 0.818155 -1.549785  2.367940 2.37
79 0.818210 -1.530050  2.348260 2.35
80 0.818267 -1.508650  2.326917 2.33
81 0.818319 -1.486536  2.304856 2.30
82 0.818363 -1.464610  2.282973 2.28
83 0.818395 -1.443645  2.262040 2.26
84 0.818414 -1.424237  2.242651 2.24
85 0.818423 -1.406792  2.225215 2.23
86 0.818423 -1.391542  2.209965 2.21
87 0.818419 -1.378589  2.197008 2.20
88 0.818412 -1.367949  2.186361 2.19
89 0.818405 -1.359593  2.177998 2.18
90 0.818396 -1.353470  2.171866 2.17
91 0.818388 -1.349515  2.167903 2.17
92 0.818381 -1.347664  2.166045 2.17
93 0.818376 -1.347868  2.166244 2.17
94 0.818373 -1.350109  2.168483 2.17
95 0.818373 -1.354408  2.172780 2.17
96 0.818369 -1.360796  2.179165 2.18
97 0.818358 -1.369259  2.187617 2.19
98 0.818334 -1.379653  2.197988 2.20
99 0.818297 -1.391646  2.209943 2.21
100 0.818251 -1.404705  2.222957 2.22
101 0.818206 -1.418175  2.236382 2.24
102 0.818175 -1.431422  2.249597 2.25
103 0.818168 -1.444018  2.262186 2.26
104 0.818190 -1.455899  2.274089 2.27
105 0.818233 -1.467412  2.285645 2.29
106 0.818276 -1.479189  2.297465 2.30
107 0.818293 -1.491841  2.310135 2.31
108 0.818265 -1.505580  2.323845 2.32
109 0.818187 -1.519932  2.338119 2.34
110 0.818076 -1.533701  2.351777 2.35
111 0.817958 -1.545207  2.363165 2.36
112 0.817857 -1.552665  2.370522 2.37
113 0.817789 -1.554562  2.372352 2.37
114 0.817763 -1.549918  2.367681 2.37
115 0.817777 -1.538405  2.356182 2.36
116 0.817831 -1.520372  2.338203 2.34
117 0.817921 -1.496815  2.314736 2.31
118 0.818041 -1.469320  2.287362 2.29
119 0.818184 -1.439975  2.258159 2.26
120 0.818338 -1.411222  2.229560 2.23
121 0.818484 -1.385658  2.204142 2.20
122 0.818603 -1.365743  2.184345 2.18
123 0.818669 -1.353460  2.172130 2.17
124 0.818666 -1.349963  2.168629 2.17
125 0.818585 -1.355279  2.173863 2.17
126 0.818439 -1.368207  2.186646 2.19
127 0.818260 -1.386518  2.204778 2.20
128 0.818090 -1.407432  2.225522 2.23
129 0.817961 -1.428233  2.246195 2.25
130 0.817891 -1.446787  2.264679 2.26
131 0.817879 -1.461821  2.279700 2.28
132 0.817913 -1.472945  2.290858 2.29
133 0.817976 -1.480500  2.298476 2.30
134 0.818050 -1.485316  2.303366 2.30
135 0.818122 -1.488459  2.306581 2.31
136 0.818183 -1.491019  2.309202 2.31
137 0.818230 -1.493975  2.312205 2.31
138 0.818264 -1.498133  2.316397 2.32
139 0.818285 -1.504121  2.322406 2.32
140 0.818288 -1.512367  2.330655 2.33
141 0.818263 -1.523011  2.341274 2.34
142 0.818202 -1.535759  2.353961 2.35
143 0.818108 -1.549771  2.367879 2.37
144 0.817997 -1.563714  2.381711 2.38
145 0.817893 -1.576005  2.393898 2.39
146 0.817811 -1.585152  2.402963 2.40
147 0.817755 -1.590000  2.407755 2.41
148 0.817721 -1.589816  2.407537 2.41
149 0.817708 -1.584249  2.401956 2.40
150 0.817726 -1.573331  2.391058 2.39
151 0.817797 -1.557642  2.375439 2.38
152 0.817929 -1.538556  2.356485 2.36
153 0.818103 -1.518329  2.336432 2.34
154 0.818262 -1.499738  2.318000 2.32
155 0.818346 -1.485251  2.303597 2.30
156 0.818330 -1.476152  2.294482 2.29
157 0.818246 -1.472195  2.290441 2.29
158 0.818152 -1.472030  2.290182 2.29
159 0.818096 -1.474056  2.292152 2.29
160 0.818089 -1.477121  2.295210 2.30
161 0.818116 -1.480753  2.298869 2.30
162 0.818148 -1.484965  2.303114 2.30
163 0.818165 -1.489889  2.308054 2.31
164 0.818156 -1.495463  2.313618 2.31
165 0.818124 -1.501296  2.319421 2.32
166 0.818083 -1.506718  2.324800 2.32
167 0.818045 -1.510941  2.328985 2.33
168 0.818023 -1.513270  2.331294 2.33
169 0.818024 -1.513277  2.331302 2.33
170 0.818049 -1.510895  2.328944 2.33
171 0.818092 -1.506432  2.324523 2.32
172 0.818141 -1.500479  2.318621 2.32
173 0.818184 -1.493752  2.311936 2.31
174 0.818206 -1.486868  2.305074 2.31
175 0.818199 -1.480153  2.298352 2.30
176 0.818166 -1.473531  2.291697 2.29
177 0.818118 -1.466561  2.284679 2.28
178 0.818070 -1.458594  2.276664 2.28
179 0.818034 -1.448992  2.267026 2.27
180 0.818019 -1.437329  2.255348 2.26
181 0.818030 -1.423531  2.241561 2.24
182 0.818073 -1.407963  2.226036 2.23
183 0.818153 -1.391507  2.209660 2.21
184 0.818272 -1.375621  2.193893 2.19
185 0.818422 -1.362355  2.180777 2.18
186 0.818576 -1.354172  2.172748 2.17
187 0.818685 -1.353499  2.172184 2.17
188 0.818704 -1.362010  2.180714 2.18
189 0.818613 -1.379951  2.198564 2.20
190 0.818435 -1.405858  2.224293 2.22
191 0.818224 -1.436890  2.255114 2.26
192 0.818037 -1.469622  2.287659 2.29
193 0.817910 -1.500894  2.318804 2.32
194 0.817852 -1.528389  2.346241 2.35
195 0.817852 -1.550817  2.368669 2.37
196 0.817891 -1.567793  2.385684 2.39
197 0.817950 -1.579577  2.397527 2.40
198 0.818014 -1.586796  2.404810 2.40
199 0.818074 -1.590231  2.408305 2.41
200 0.818127 -1.590678  2.408805 2.41
201 0.818170 -1.588870  2.407040 2.41
202 0.818204 -1.585443  2.403647 2.40
203 0.818227 -1.580913  2.399140 2.40
204 0.818240 -1.575668  2.393909 2.39
205 0.818244 -1.569965  2.388210 2.39
206 0.818241 -1.563938  2.382179 2.38
207 0.818236 -1.557626  2.375862 2.38
208 0.818235 -1.551048  2.369284 2.37
209 0.818251 -1.544310  2.362561 2.36
210 0.818291 -1.537752  2.356043 2.36
211 0.818360 -1.532075  2.350435 2.35
212 0.818451 -1.528373  2.346823 2.35
213 0.818545 -1.528023  2.346567 2.35
214 0.818616 -1.532409  2.351025 2.35
215 0.818642 -1.542547  2.361188 2.36
216 0.818609 -1.558742  2.377351 2.38
217 0.818521 -1.580410  2.398931 2.40
218 0.818395 -1.606126  2.424521 2.42
219 0.818255 -1.633879  2.452134 2.45
220 0.818123 -1.661429  2.479551 2.48
221 0.818015 -1.686643  2.504657 2.50
222 0.817940 -1.707749  2.525689 2.53
223 0.817902 -1.723489  2.541391 2.54
224 0.817901 -1.733181  2.551082 2.55
225 0.817934 -1.736734  2.554669 2.55
226 0.817997 -1.734613  2.552610 2.55
227 0.818080 -1.727753  2.545833 2.55
228 0.818168 -1.717414  2.535582 2.54
229 0.818241 -1.704943  2.523184 2.52
230 0.818283 -1.691493  2.509776 2.51
231 0.818280 -1.677752  2.496032 2.50
232 0.818234 -1.663773  2.482007 2.48
233 0.818156 -1.648981  2.467137 2.47
234 0.818065 -1.632346  2.450411 2.45
235 0.817981 -1.612659  2.430640 2.43
236 0.817919 -1.588836  2.406755 2.41
237 0.817893 -1.560167  2.378060 2.38
238 0.817911 -1.526503  2.344414 2.34
239 0.817977 -1.488389  2.306366 2.31
240 0.818090 -1.447113  2.265203 2.27
241 0.818238 -1.404671  2.222908 2.22
242 0.818397 -1.363559  2.181956 2.18
243 0.818535 -1.326404  2.144939 2.14
244 0.818616 -1.295444  2.114060 2.11
245 0.818616 -1.272010  2.090627 2.09
246 0.818536 -1.256181  2.074716 2.07
247 0.818399 -1.246776  2.065175 2.07
248 0.818252 -1.241749  2.060001 2.06
249 0.818140 -1.238856  2.056997 2.06
250 0.818100 -1.236368  2.054468 2.05
251 0.818145 -1.233610  2.051754 2.05
252 0.818264 -1.231173  2.049437 2.05
253 0.818427 -1.230772  2.049198 2.05
254 0.818588 -1.234767  2.053355 2.05
255 0.818701 -1.245497  2.064197 2.06
256 0.818733 -1.264576  2.083309 2.08
257 0.818677 -1.292411  2.111089 2.11
258 0.818553 -1.328074  2.146626 2.15
259 0.818394 -1.369566  2.187960 2.19
260 0.818238 -1.414330  2.232567 2.23
261 0.818111 -1.459791  2.277901 2.28
262 0.818025 -1.503768  2.321793 2.32
263 0.817978 -1.544670  2.362648 2.36
264 0.817962 -1.581500  2.399462 2.40
265 0.817966 -1.613742  2.431708 2.43
266 0.817977 -1.641208  2.459185 2.46
267 0.817990 -1.663884  2.481874 2.48
268 0.817999 -1.681823  2.499821 2.50
269 0.818001 -1.695072  2.513073 2.51
270 0.817996 -1.703635  2.521631 2.52
271 0.817986 -1.707463  2.525449 2.53
272 0.817977 -1.706485  2.524462 2.52
273 0.817977 -1.700687  2.518664 2.52
274 0.817998 -1.690239  2.508237 2.51
275 0.818052 -1.675661  2.493713 2.49
276 0.818144 -1.657973  2.476117 2.48
277 0.818268 -1.638749  2.457016 2.46
278 0.818400 -1.619993  2.438393 2.44
279 0.818511 -1.603807  2.422318 2.42
280 0.818571 -1.591920  2.410491 2.41
281 0.818566 -1.585271  2.403837 2.40
282 0.818503 -1.583803  2.402306 2.40
283 0.818401 -1.586565  2.404966 2.40
284 0.818284 -1.592003  2.410287 2.41
285 0.818169 -1.598306  2.416475 2.42
286 0.818063 -1.603674  2.421737 2.42
287 0.817971 -1.606478  2.424449 2.42
288 0.817896 -1.605346  2.423242 2.42
289 0.817842 -1.599224  2.417066 2.42
290 0.817816 -1.587453  2.405269 2.41
291 0.817833 -1.569896  2.387729 2.39
292 0.817903 -1.547114  2.365017 2.37
293 0.818036 -1.520533  2.338569 2.34
294 0.818221 -1.492513  2.310734 2.31
295 0.818423 -1.466146  2.284570 2.28
296 0.818589 -1.444707  2.263295 2.26
297 0.818669 -1.430837  2.249506 2.25
298 0.818648 -1.425839  2.244487 2.24
299 0.818550 -1.429437  2.247987 2.25
300 0.818418 -1.440110  2.258528 2.26
301 0.818290 -1.455737  2.274027 2.27
302 0.818186 -1.474176  2.292362 2.29
303 0.818107 -1.493584  2.311691 2.31
304 0.818047 -1.512483  2.330530 2.33
305 0.817998 -1.529700  2.347698 2.35
306 0.817953 -1.544265  2.362218 2.36
307 0.817908 -1.555322  2.373230 2.37
308 0.817863 -1.562079  2.379942 2.38
309 0.817824 -1.563815  2.381639 2.38
310 0.817798 -1.559948  2.377746 2.38
311 0.817797 -1.550163  2.367960 2.37
312 0.817828 -1.534554  2.352382 2.35
313 0.817897 -1.513743  2.331640 2.33
314 0.817998 -1.488924  2.306922 2.31
315 0.818119 -1.461780  2.279899 2.28
316 0.818240 -1.434275  2.252515 2.25
317 0.818338 -1.408345  2.226682 2.23
318 0.818392 -1.385544  2.203936 2.20
319 0.818393 -1.366754  2.185147 2.19
320 0.818344 -1.352029  2.170373 2.17
321 0.818259 -1.340644  2.158903 2.16
322 0.818159 -1.331310  2.149469 2.15
323 0.818063 -1.322484  2.140547 2.14
324 0.817989 -1.312688  2.130678 2.13
325 0.817947 -1.300769  2.118716 2.12
326 0.817944 -1.286078  2.104022 2.10
327 0.817985 -1.268592  2.086577 2.09
328 0.818070 -1.248980  2.067050 2.07
329 0.818195 -1.228603  2.046798 2.05
330 0.818347 -1.209434  2.027781 2.03
331 0.818503 -1.193836  2.012339 2.01
332 0.818632 -1.184203  2.002835 2.00
333 0.818706 -1.182491  2.001197 2.00
334 0.818706 -1.189787  2.008494 2.01
335 0.818634 -1.206040  2.024675 2.02
336 0.818510 -1.230074  2.048583 2.05
337 0.818360 -1.259869  2.078229 2.08
338 0.818213 -1.292984  2.111197 2.11
339 0.818085 -1.326959  2.145043 2.15
340 0.817982 -1.359593  2.177576 2.18
341 0.817904 -1.389073  2.206977 2.21
342 0.817845 -1.413978  2.231822 2.23
343 0.817799 -1.433228  2.251027 2.25
344 0.817761 -1.446012  2.263774 2.26
345 0.817729 -1.451724  2.269453 2.27
346 0.817702 -1.449920  2.267622 2.27
347 0.817684 -1.440334  2.258018 2.26
348 0.817684 -1.422934  2.240618 2.24
349 0.817713 -1.398041  2.215754 2.22
350 0.817777 -1.366470  2.184248 2.18
351 0.817875 -1.329615  2.147491 2.15
352 0.817992 -1.289389  2.107381 2.11
353 0.818105 -1.247986  2.066091 2.07
354 0.818205 -1.207562  2.025767 2.03
355 0.818299 -1.170059  1.988358 1.99
356 0.818411 -1.137306  1.955716 1.96
357 0.818550 -1.111306  1.929856 1.93
358 0.818699 -1.094359  1.913058 1.91
359 0.818809 -1.088761  1.907569 1.91
360 0.818830 -1.096112  1.914943 1.91
361 0.818739 -1.116605  1.935344 1.94
362 0.818548 -1.148665  1.967213 1.97
363 0.818301 -1.189155  2.007456 2.01
364 0.818052 -1.234026  2.052077 2.05
365 0.817844 -1.279122  2.096966 2.10
366 0.817705 -1.320875  2.138580 2.14
367 0.817640 -1.356738  2.174378 2.17
368 0.817644 -1.385324  2.202968 2.20
369 0.817700 -1.406334  2.224034 2.22
370 0.817793 -1.420345  2.238138 2.24
371 0.817907 -1.428574  2.246482 2.25
372 0.818031 -1.432641  2.250672 2.25
373 0.818155 -1.434371  2.252526 2.25
374 0.818269 -1.435622  2.253891 2.25
375 0.818363 -1.438114  2.256477 2.26
376 0.818427 -1.443253  2.261680 2.26
377 0.818454 -1.451971  2.270425 2.27
378 0.818445 -1.464619  2.283064 2.28
379 0.818407 -1.480970  2.299377 2.30
380 0.818353 -1.500327  2.318679 2.32
381 0.818293 -1.521705  2.339998 2.34
382 0.818235 -1.544007  2.362242 2.36
383 0.818181 -1.566134  2.384315 2.38
384 0.818130 -1.587040  2.405169 2.41
385 0.818083 -1.605745  2.423828 2.42
386 0.818043 -1.621363  2.439406 2.44
387 0.818013 -1.633146  2.451159 2.45
388 0.817996 -1.640535  2.458531 2.46
389 0.817995 -1.643219  2.461215 2.46
390 0.818013 -1.641180  2.459193 2.46
391 0.818051 -1.634726  2.452777 2.45
392 0.818109 -1.624507  2.442616 2.44
393 0.818182 -1.611498  2.429680 2.43
394 0.818262 -1.596930  2.415192 2.42
395 0.818337 -1.582154  2.400491 2.40
396 0.818394 -1.568455  2.386849 2.39
397 0.818421 -1.556839  2.375261 2.38
398 0.818414 -1.547865  2.366279 2.37
399 0.818376 -1.541575  2.359951 2.36
400 0.818316 -1.537537  2.355853 2.36
401 0.818246 -1.534981  2.353227 2.35
402 0.818179 -1.532976  2.351155 2.35
403 0.818127 -1.530625  2.348753 2.35
404 0.818104 -1.527266  2.345370 2.35
405 0.818119 -1.522659  2.340778 2.34
406 0.818172 -1.517117  2.335289 2.34
407 0.818254 -1.511510  2.329764 2.33
408 0.818346 -1.507115  2.325461 2.33
409 0.818419 -1.505303  2.323723 2.32
410 0.818452 -1.507140  2.325592 2.33
411 0.818432 -1.513038  2.331470 2.33
412 0.818367 -1.522594  2.340961 2.34
413 0.818279 -1.534701  2.352979 2.35
414 0.818193 -1.547866  2.366059 2.37
415 0.818129 -1.560602  2.378731 2.38
416 0.818091 -1.571715  2.389807 2.39
417 0.818076 -1.580416  2.398493 2.40
418 0.818074 -1.586273  2.404347 2.40
419 0.818074 -1.589083  2.407157 2.41
420 0.818071 -1.588740  2.406812 2.41
421 0.818066 -1.585166  2.403232 2.40
422 0.818062 -1.578297  2.396359 2.40
423 0.818065 -1.568146  2.386211 2.39
424 0.818082 -1.554881  2.372963 2.37
425 0.818117 -1.538912  2.357029 2.36
426 0.818169 -1.520938  2.339107 2.34
427 0.818231 -1.501922  2.320153 2.32
428 0.818293 -1.482984  2.301276 2.30
429 0.818342 -1.465225  2.283567 2.28
430 0.818374 -1.449562  2.267936 2.27
431 0.818392 -1.436637  2.255029 2.26
432 0.818408 -1.426867  2.245275 2.25
433 0.818433 -1.420599  2.239032 2.24
434 0.818465 -1.418248  2.236713 2.24
435 0.818491 -1.420280  2.238771 2.24
436 0.818490 -1.427010  2.245500 2.25
437 0.818447 -1.438310  2.256756 2.26
438 0.818362 -1.453406  2.271768 2.27
439 0.818251 -1.470903  2.289154 2.29
440 0.818133 -1.489005  2.307139 2.31
441 0.818027 -1.505825  2.323852 2.32
442 0.817940 -1.519653  2.337593 2.34
443 0.817876 -1.529109  2.346986 2.35
444 0.817834 -1.533210  2.351044 2.35
445 0.817813 -1.531362  2.349175 2.35
446 0.817812 -1.523357  2.341169 2.34
447 0.817834 -1.509369  2.327203 2.33
448 0.817885 -1.489999  2.307885 2.31
449 0.817972 -1.466343  2.284315 2.28
450 0.818099 -1.440071  2.258170 2.26
451 0.818259 -1.413462  2.231720 2.23
452 0.818428 -1.389258  2.207686 2.21
453 0.818560 -1.370257  2.188817 2.19
454 0.818604 -1.358603  2.177206 2.18
455 0.818530 -1.355032  2.173562 2.17
456 0.818358 -1.358478  2.176836 2.18
457 0.818145 -1.366339  2.184484 2.18
458 0.817957 -1.375324  2.193280 2.19
459 0.817842 -1.382451  2.200293 2.20
460 0.817819 -1.385793  2.203612 2.20
461 0.817880 -1.384780  2.202660 2.20
462 0.818005 -1.380128  2.198133 2.20
463 0.818165 -1.373544  2.191709 2.19
464 0.818334 -1.367311  2.185645 2.19
465 0.818483 -1.363852  2.182334 2.18
466 0.818591 -1.365309  2.183900 2.18
467 0.818645 -1.373213  2.191859 2.19
468 0.818645 -1.388281  2.206925 2.21
469 0.818597 -1.410372  2.228969 2.23
470 0.818517 -1.438616  2.257134 2.26
471 0.818425 -1.471635  2.290060 2.29
472 0.818336 -1.507821  2.326157 2.33
473 0.818263 -1.545589  2.363853 2.36
474 0.818211 -1.583563  2.401775 2.40
475 0.818180 -1.620665  2.438845 2.44
476 0.818166 -1.656126  2.474292 2.47
477 0.818162 -1.689439  2.507601 2.51
478 0.818163 -1.720268  2.538431 2.54
479 0.818164 -1.748374  2.566538 2.57
480 0.818164 -1.773550  2.591714 2.59
481 0.818161 -1.795592  2.613754 2.61
482 0.818159 -1.814299  2.632457 2.63
483 0.818157 -1.829488  2.647645 2.65
484 0.818159 -1.841024  2.659182 2.66
485 0.818164 -1.848839  2.667003 2.67
486 0.818173 -1.852947  2.671121 2.67
487 0.818185 -1.853442  2.671628 2.67
488 0.818199 -1.850487  2.668686 2.67
489 0.818214 -1.844295  2.662508 2.66
490 0.818227 -1.835107  2.653333 2.65
491 0.818238 -1.823170  2.641408 2.64
492 0.818246 -1.808722  2.626968 2.63
493 0.818251 -1.791982  2.610233 2.61
494 0.818255 -1.773148  2.591403 2.59
495 0.818256 -1.752407  2.570664 2.57
496 0.818258 -1.729943  2.548201 2.55
497 0.818259 -1.705951  2.524211 2.52
498 0.818262 -1.680645  2.498907 2.50
499 0.818266 -1.654268  2.472533 2.47
500 0.818272 -1.627100  2.445372 2.45
501 0.818284 -1.599473  2.417757 2.42
502 0.818303 -1.571800  2.390103 2.39
503 0.818331 -1.544607  2.362938 2.36
504 0.818371 -1.518564  2.336935 2.34
505 0.818419 -1.494494  2.312913 2.31
506 0.818469 -1.473328  2.291797 2.29
507 0.818512 -1.456004  2.274515 2.27
508 0.818536 -1.443321  2.261857 2.26
509 0.818535 -1.435787  2.254322 2.25
510 0.818507 -1.433515  2.252022 2.25
511 0.818460 -1.436202  2.254662 2.25
512 0.818406 -1.443234  2.261640 2.26
513 0.818357 -1.453856  2.272213 2.27
514 0.818320 -1.467356  2.285676 2.29
515 0.818296 -1.483169  2.301465 2.30
516 0.818275 -1.500872  2.319147 2.32
517 0.818250 -1.520071  2.338320 2.34
518 0.818215 -1.540282  2.358496 2.36
519 0.818176 -1.560884  2.379060 2.38
520 0.818144 -1.581196  2.399340 2.40
521 0.818128 -1.600625  2.418753 2.42
522 0.818129 -1.618794  2.436923 2.44
523 0.818138 -1.635563  2.453701 2.45
524 0.818145 -1.650914  2.469058 2.47
525 0.818140 -1.664794  2.482934 2.48
526 0.818125 -1.677003  2.495128 2.50
527 0.818105 -1.687197  2.505303 2.51
528 0.818091 -1.694995  2.513087 2.51
529 0.818086 -1.700104  2.518191 2.52
530 0.818088 -1.702384  2.520472 2.52
531 0.818089 -1.701816  2.519905 2.52
532 0.818081 -1.698406  2.516487 2.52
533 0.818060 -1.692067  2.510127 2.51
534 0.818028 -1.682562  2.500590 2.50
535 0.817992 -1.669531  2.487523 2.49
536 0.817965 -1.652607  2.470573 2.47
537 0.817961 -1.631603  2.449564 2.45
538 0.817987 -1.606689  2.424676 2.42
539 0.818048 -1.578531  2.396579 2.40
540 0.818139 -1.548328  2.366467 2.37
541 0.818249 -1.517735  2.335984 2.34
542 0.818361 -1.488682  2.307043 2.31
543 0.818457 -1.463116  2.281573 2.28
544 0.818522 -1.442726  2.261248 2.26
545 0.818548 -1.428705  2.247253 2.25
546 0.818528 -1.421588  2.240116 2.24
547 0.818465 -1.421175  2.239640 2.24
548 0.818366 -1.426546  2.244912 2.24
549 0.818243 -1.436174  2.254417 2.25
550 0.818113 -1.448112  2.266226 2.27
551 0.817996 -1.460268  2.278264 2.28
552 0.817909 -1.470701  2.288610 2.29
553 0.817864 -1.477909  2.295773 2.30
554 0.817865 -1.481018  2.298884 2.30
555 0.817907 -1.479859  2.297767 2.30
556 0.817978 -1.474890  2.292867 2.29
557 0.818061 -1.467026  2.285087 2.29
558 0.818142 -1.457418  2.275560 2.28
559 0.818210 -1.447224  2.265434 2.27
560 0.818259 -1.437445  2.255704 2.26
561 0.818291 -1.428839  2.247130 2.25
562 0.818312 -1.421926  2.240238 2.24
563 0.818332 -1.417080  2.235413 2.24
564 0.818357 -1.414641  2.232998 2.23
565 0.818386 -1.414995  2.233381 2.23
566 0.818414 -1.418572  2.236986 2.24
567 0.818433 -1.425756  2.244189 2.24
568 0.818437 -1.436766  2.255203 2.26
569 0.818424 -1.451564  2.269988 2.27
570 0.818397 -1.469838  2.288235 2.29
571 0.818361 -1.491052  2.309413 2.31
572 0.818316 -1.514494  2.332811 2.33
573 0.818261 -1.539308  2.357570 2.36
574 0.818195 -1.564480  2.382676 2.38
575 0.818119 -1.588839  2.406958 2.41
576 0.818037 -1.611083  2.429120 2.43
577 0.817955 -1.629849  2.447804 2.45
578 0.817878 -1.643810  2.461688 2.46
579 0.817813 -1.651772  2.469585 2.47
580 0.817766 -1.652774  2.470540 2.47
581 0.817745 -1.646197  2.463942 2.46
582 0.817762 -1.631890  2.449652 2.45
583 0.817828 -1.610336  2.428164 2.43
584 0.817951 -1.582800  2.400751 2.40
585 0.818128 -1.551421  2.369548 2.37
586 0.818339 -1.519131  2.337470 2.34
587 0.818552 -1.489351  2.307903 2.31
588 0.818722 -1.465454  2.284176 2.28
589 0.818818 -1.450132  2.268949 2.27
590 0.818826 -1.444901  2.263727 2.26
591 0.818758 -1.449923  2.268681 2.27
592 0.818641 -1.464158  2.282799 2.28
593 0.818503 -1.485758  2.304261 2.30
594 0.818365 -1.512482  2.330847 2.33
595 0.818238 -1.542035  2.360273 2.36
596 0.818125 -1.572251  2.390376 2.39
597 0.818024 -1.601162  2.419186 2.42
598 0.817934 -1.627000  2.444935 2.44
599 0.817860 -1.648214  2.466074 2.47
600 0.817812 -1.663547  2.481359 2.48
601 0.817801 -1.672201  2.490002 2.49
602 0.817842 -1.674027  2.491869 2.49
603 0.817935 -1.669706  2.487641 2.49
604 0.818069 -1.660761  2.478831 2.48
605 0.818212 -1.649344  2.467555 2.47
606 0.818320 -1.637732  2.456052 2.46
607 0.818362 -1.627705  2.446067 2.45
608 0.818331 -1.620056  2.438386 2.44
609 0.818249 -1.614486  2.432735 2.43
610 0.818151 -1.609916  2.428066 2.43
611 0.818064 -1.604982  2.423046 2.42
612 0.818004 -1.598467  2.416471 2.42
613 0.817971 -1.589524  2.407495 2.41
614 0.817963 -1.577730  2.395693 2.40
615 0.817979 -1.563063  2.381042 2.38
616 0.818020 -1.545890  2.363910 2.36
617 0.818087 -1.526972  2.345060 2.35
618 0.818181 -1.507469  2.325650 2.33
619 0.818294 -1.488914  2.307208 2.31
620 0.818415 -1.473108  2.291523 2.29
621 0.818520 -1.461903  2.280423 2.28
622 0.818584 -1.456857  2.275440 2.28
623 0.818589 -1.458862  2.277451 2.28
624 0.818536 -1.467895  2.286431 2.29
625 0.818443 -1.483023  2.301465 2.30
626 0.818338 -1.502678  2.321016 2.32
627 0.818247 -1.525073  2.343320 2.34
628 0.818184 -1.548582  2.366766 2.37
629 0.818147 -1.571950  2.390097 2.39
630 0.818128 -1.594307  2.412435 2.41
631 0.818117 -1.615056  2.433174 2.43
632 0.818109 -1.633739  2.451848 2.45
633 0.818104 -1.649963  2.468067 2.47
634 0.818107 -1.663419  2.481525 2.48
635 0.818121 -1.673938  2.492060 2.49
636 0.818148 -1.681555  2.499704 2.50
637 0.818185 -1.686512  2.504697 2.50
638 0.818225 -1.689216  2.507441 2.51
639 0.818263 -1.690166  2.508429 2.51
640 0.818293 -1.689860  2.508153 2.51
641 0.818314 -1.688722  2.507035 2.51
642 0.818322 -1.687050  2.505371 2.51
643 0.818318 -1.684990  2.503308 2.50
644 0.818306 -1.682543  2.500849 2.50
645 0.818288 -1.679598  2.497886 2.50
646 0.818270 -1.675981  2.494251 2.49
647 0.818257 -1.671526  2.489782 2.49
648 0.818254 -1.666152  2.484406 2.48
649 0.818264 -1.659930  2.478194 2.48
650 0.818287 -1.653122  2.471409 2.47
651 0.818318 -1.646168  2.464486 2.46
652 0.818348 -1.639609  2.457957 2.46
653 0.818368 -1.633959  2.452327 2.45
654 0.818369 -1.629563  2.447932 2.45
655 0.818353 -1.626494  2.444847 2.44
656 0.818324 -1.624552  2.442876 2.44
657 0.818294 -1.623346  2.441640 2.44
658 0.818273 -1.622453  2.440726 2.44
659 0.818269 -1.621572  2.439841 2.44
660 0.818283 -1.620633  2.438917 2.44
661 0.818312 -1.619827  2.438139 2.44
662 0.818349 -1.619560  2.437909 2.44
663 0.818384 -1.620351  2.438736 2.44
664 0.818410 -1.622706  2.441115 2.44
665 0.818417 -1.626980  2.445398 2.45
666 0.818403 -1.633280  2.451683 2.45
667 0.818365 -1.641393  2.459758 2.46
668 0.818306 -1.650772  2.469077 2.47
669 0.818231 -1.660574  2.478805 2.48
670 0.818148 -1.669739  2.487887 2.49
671 0.818066 -1.677108  2.495173 2.50
672 0.817995 -1.681560  2.499555 2.50
673 0.817946 -1.682177  2.500123 2.50
674 0.817929 -1.678392  2.496321 2.50
675 0.817951 -1.670135  2.488086 2.49
676 0.818012 -1.657922  2.475934 2.48
677 0.818105 -1.642855  2.460961 2.46
678 0.818216 -1.626509  2.444725 2.44
679 0.818323 -1.610686  2.429009 2.43
680 0.818407 -1.597108  2.415514 2.42
681 0.818456 -1.587116  2.405571 2.41
682 0.818469 -1.581497  2.399967 2.40
683 0.818457 -1.580472  2.398929 2.40
684 0.818431 -1.583820  2.402250 2.40
685 0.818397 -1.591042  2.409439 2.41
686 0.818358 -1.601481  2.419839 2.42
687 0.818312 -1.614359  2.432670 2.43
688 0.818258 -1.628771  2.447029 2.45
689 0.818202 -1.643709  2.461911 2.46
690 0.818150 -1.658136  2.476286 2.48
691 0.818111 -1.671102  2.489213 2.49
692 0.818088 -1.681873  2.499961 2.50
693 0.818079 -1.689989  2.508068 2.51
694 0.818079 -1.695254  2.513334 2.51
695 0.818079 -1.697647  2.515726 2.52
696 0.818070 -1.697193  2.515263 2.52
697 0.818053 -1.693863  2.511916 2.51
698 0.818035 -1.687560  2.505595 2.51
699 0.818031 -1.678229  2.496260 2.50
700 0.818059 -1.666065  2.484124 2.48
701 0.818132 -1.651762  2.469894 2.47
702 0.818249 -1.636671  2.454920 2.45
703 0.818388 -1.622745  2.441133 2.44
704 0.818512 -1.612210  2.430721 2.43
705 0.818578 -1.606995  2.425574 2.43
706 0.818562 -1.608121  2.426682 2.43
707 0.818465 -1.615308  2.433773 2.43
708 0.818324 -1.627049  2.445373 2.45
709 0.818185 -1.641111  2.459296 2.46
710 0.818087 -1.655241  2.473328 2.47
711 0.818045 -1.667744  2.485789 2.49
712 0.818056 -1.677758  2.495814 2.50
713 0.818099 -1.685211  2.503310 2.50
714 0.818155 -1.690569  2.508724 2.51
715 0.818201 -1.694515  2.512716 2.51
716 0.818228 -1.697658  2.515885 2.52
717 0.818229 -1.700344  2.518573 2.52
718 0.818210 -1.702589  2.520799 2.52
719 0.818179 -1.704121  2.522300 2.52
720 0.818145 -1.704504  2.522649 2.52
721 0.818116 -1.703264  2.521379 2.52
722 0.818095 -1.699995  2.518090 2.52
723 0.818085 -1.694422  2.512506 2.51
724 0.818088 -1.686429  2.504516 2.50
725 0.818106 -1.676099  2.494205 2.49
726 0.818138 -1.663737  2.481875 2.48
727 0.818176 -1.649835  2.468011 2.47
728 0.818205 -1.634952  2.453157 2.45
729 0.818213 -1.619508  2.437722 2.44
730 0.818198 -1.603618  2.421816 2.42
731 0.818170 -1.587061  2.405231 2.41
732 0.818146 -1.569431  2.387576 2.39
733 0.818138 -1.550375  2.368513 2.37
734 0.818154 -1.529801  2.347954 2.35
735 0.818188 -1.507964  2.326153 2.33
736 0.818235 -1.485429  2.303664 2.30
737 0.818286 -1.462962  2.281248 2.28
738 0.818338 -1.441434  2.259772 2.26
739 0.818391 -1.421755  2.240146 2.24
740 0.818444 -1.404861  2.223305 2.22
741 0.818498 -1.391694  2.210192 2.21
742 0.818547 -1.383178  2.201724 2.20
743 0.818582 -1.380129  2.198711 2.20
744 0.818596 -1.383132  2.201727 2.20
745 0.818578 -1.392392  2.210971 2.21
746 0.818526 -1.407612  2.226137 2.23
747 0.818441 -1.427931  2.246372 2.25
748 0.818332 -1.451972  2.270304 2.27
749 0.818210 -1.477966  2.296175 2.30
750 0.818086 -1.503934  2.322020 2.32
751 0.817972 -1.527886  2.345857 2.35
752 0.817875 -1.547988  2.365863 2.37
753 0.817802 -1.562714  2.380516 2.38
754 0.817761 -1.570961  2.388722 2.39
755 0.817758 -1.572170  2.389929 2.39
756 0.817805 -1.566449  2.384254 2.38
757 0.817910 -1.554712  2.372622 2.37
758 0.818076 -1.538797  2.356873 2.36
759 0.818294 -1.521483  2.339777 2.34
760 0.818526 -1.506269  2.324795 2.32
761 0.818714 -1.496793  2.315506 2.32
762 0.818798 -1.495944  2.314742 2.31
763 0.818753 -1.505000  2.323753 2.32
764 0.818597 -1.523223  2.341820 2.34
765 0.818390 -1.548165  2.366554 2.37
766 0.818188 -1.576488  2.394676 2.39
767 0.818031 -1.604853  2.422884 2.42
768 0.817931 -1.630526  2.448457 2.45
769 0.817884 -1.651625  2.469509 2.47
770 0.817878 -1.667102  2.484980 2.48
771 0.817899 -1.676584  2.494483 2.49
772 0.817933 -1.680181  2.498113 2.50
773 0.817968 -1.678275  2.496243 2.50
774 0.817997 -1.671349  2.489346 2.49
775 0.818018 -1.659863  2.477881 2.48
776 0.818034 -1.644204  2.462238 2.46
777 0.818052 -1.624726  2.442779 2.44
778 0.818082 -1.601852  2.419934 2.42
779 0.818130 -1.576185  2.394314 2.39
780 0.818197 -1.548602  2.366799 2.37
781 0.818280 -1.520265  2.338544 2.34
782 0.818370 -1.492555  2.310925 2.31
783 0.818455 -1.466944  2.285399 2.29
784 0.818525 -1.444812  2.263337 2.26
785 0.818567 -1.427269  2.245836 2.25
786 0.818574 -1.414988  2.233562 2.23
787 0.818544 -1.408098  2.226641 2.23
788 0.818480 -1.406147  2.224627 2.22
789 0.818392 -1.408169  2.226561 2.23
790 0.818294 -1.412826  2.231121 2.23
791 0.818199 -1.418621  2.236820 2.24
792 0.818118 -1.424096  2.242214 2.24
793 0.818056 -1.428001  2.246056 2.25
794 0.818014 -1.429382  2.247395 2.25
795 0.817989 -1.427607  2.245596 2.25
796 0.817980 -1.422339  2.240318 2.24
797 0.817983 -1.413492  2.231474 2.23
798 0.817999 -1.401211  2.219211 2.22
799 0.818033 -1.385881  2.203915 2.20
800 0.818090 -1.368173  2.186262 2.19
801 0.818171 -1.349105  2.167276 2.17
802 0.818277 -1.330077  2.148354 2.15
803 0.818400 -1.312845  2.131245 2.13
804 0.818527 -1.299397  2.117924 2.12
805 0.818637 -1.291735  2.110372 2.11
806 0.818710 -1.291575  2.110286 2.11
807 0.818728 -1.300030  2.118758 2.12
808 0.818683 -1.317342  2.136025 2.14
809 0.818579 -1.342774  2.161354 2.16
810 0.818434 -1.374681  2.193115 2.19
811 0.818271 -1.410757  2.229028 2.23
812 0.818113 -1.448393  2.266506 2.27
813 0.817978 -1.485030  2.303008 2.30
814 0.817876 -1.518442  2.336318 2.34
815 0.817809 -1.546913  2.364722 2.36
816 0.817778 -1.569303  2.387081 2.39
817 0.817775 -1.585040  2.402815 2.40
818 0.817795 -1.594057  2.411852 2.41
819 0.817834 -1.596706  2.414540 2.41
820 0.817889 -1.593687  2.411576 2.41
821 0.817961 -1.586003  2.403964 2.40
822 0.818049 -1.574947  2.392996 2.39
823 0.818143 -1.562057  2.380200 2.38
824 0.818222 -1.548944  2.367166 2.37
825 0.818260 -1.536960  2.355220 2.36
826 0.818243 -1.526808  2.345051 2.35
827 0.818184 -1.518353  2.336537 2.34
828 0.818118 -1.510817  2.328935 2.33
829 0.818083 -1.503286  2.321369 2.32
830 0.818099 -1.495253  2.313351 2.31
831 0.818159 -1.486912  2.305072 2.31
832 0.818244 -1.479108  2.297351 2.30
833 0.818323 -1.473024  2.291347 2.29
834 0.818374 -1.469784  2.288157 2.29
835 0.818381 -1.470092  2.288473 2.29
836 0.818343 -1.474025  2.292368 2.29
837 0.818266 -1.480984  2.299250 2.30
838 0.818166 -1.489812  2.307978 2.31
839 0.818066 -1.499032  2.317098 2.32
840 0.817989 -1.507182  2.325171 2.33
841 0.817958 -1.513175  2.331133 2.33
842 0.817986 -1.516621  2.334607 2.33
843 0.818068 -1.517998  2.336066 2.34
844 0.818175 -1.518557  2.336732 2.34
845 0.818262 -1.519875  2.338136 2.34
846 0.818287 -1.523181  2.341468 2.34
847 0.818239 -1.528762  2.347001 2.35
848 0.818144 -1.535800  2.353945 2.35
849 0.818048 -1.542745  2.360793 2.36
850 0.817986 -1.547960  2.365945 2.37
851 0.817973 -1.550272  2.368245 2.37
852 0.818002 -1.549219  2.367221 2.37
853 0.818057 -1.544980  2.363036 2.36
854 0.818119 -1.538148  2.356267 2.36
855 0.818173 -1.529471  2.347643 2.35
856 0.818210 -1.519629  2.337840 2.34
857 0.818230 -1.509109  2.327338 2.33
858 0.818236 -1.498165  2.316401 2.32
859 0.818238 -1.486894  2.305132 2.31
860 0.818249 -1.475364  2.293614 2.29
861 0.818278 -1.463787  2.282065 2.28
862 0.818329 -1.452648  2.270978 2.27
863 0.818401 -1.442769  2.261170 2.26
864 0.818483 -1.435264  2.253747 2.25
865 0.818563 -1.431404  2.249967 2.25
866 0.818626 -1.432409  2.251035 2.25
867 0.818659 -1.439224  2.257883 2.26
868 0.818654 -1.452327  2.270982 2.27
869 0.818612 -1.471612  2.290225 2.29
870 0.818539 -1.496384  2.314923 2.31
871 0.818448 -1.525460  2.343907 2.34
872 0.818353 -1.557353  2.375706 2.38
873 0.818268 -1.590500  2.408768 2.41
874 0.818202 -1.623459  2.441661 2.44
875 0.818158 -1.655057  2.473215 2.47
876 0.818133 -1.684441  2.502574 2.50
877 0.818120 -1.711045  2.529165 2.53
878 0.818112 -1.734503  2.552615 2.55
879 0.818105 -1.754557  2.572661 2.57
880 0.818097 -1.770986  2.589083 2.59
881 0.818093 -1.783607  2.601700 2.60
882 0.818100 -1.792331  2.610431 2.61
883 0.818125 -1.797258  2.615382 2.62
884 0.818173 -1.798779  2.616952 2.62
885 0.818243 -1.797642  2.615885 2.62
886 0.818328 -1.794929  2.613257 2.61
887 0.818412 -1.791933  2.610345 2.61
888 0.818477 -1.789930  2.608407 2.61
889 0.818506 -1.789899  2.608405 2.61
890 0.818492 -1.792283  2.610774 2.61
891 0.818437 -1.796868  2.615305 2.62
892 0.818357 -1.802844  2.621201 2.62
893 0.818269 -1.809004  2.627272 2.63
894 0.818189 -1.814012  2.632202 2.63
895 0.818129 -1.816659  2.634788 2.63
896 0.818091 -1.816015  2.634106 2.63
897 0.818073 -1.811501  2.629575 2.63
898 0.818071 -1.802864  2.620935 2.62
899 0.818078 -1.790107  2.608185 2.61
900 0.818088 -1.773407  2.591495 2.59
901 0.818099 -1.753034  2.571133 2.57
902 0.818108 -1.729299  2.547407 2.55
903 0.818119 -1.702537  2.520655 2.52
904 0.818131 -1.673111  2.491243 2.49
905 0.818151 -1.641454  2.459605 2.46
906 0.818184 -1.608116  2.426300 2.43
907 0.818234 -1.573845  2.392079 2.39
908 0.818306 -1.539649  2.357955 2.36
909 0.818395 -1.506833  2.325229 2.33
910 0.818492 -1.476937  2.295429 2.30
911 0.818577 -1.451555  2.270132 2.27
912 0.818630 -1.432061  2.250691 2.25
913 0.818640 -1.419312  2.237952 2.24
914 0.818608 -1.413479  2.232087 2.23
915 0.818548 -1.414074  2.232622 2.23
916 0.818479 -1.420146  2.238625 2.24
917 0.818418 -1.430567  2.248985 2.25
918 0.818373 -1.444279  2.262652 2.26
919 0.818347 -1.460436  2.278783 2.28
920 0.818337 -1.478446  2.296783 2.30
921 0.818336 -1.497941  2.316277 2.32
922 0.818341 -1.518704  2.337044 2.34
923 0.818343 -1.540583  2.358927 2.36
924 0.818339 -1.563408  2.381747 2.38
925 0.818323 -1.586901  2.405224 2.41
926 0.818293 -1.610616  2.428909 2.43
927 0.818249 -1.633910  2.452159 2.45
928 0.818195 -1.655954  2.474149 2.47
929 0.818135 -1.675787  2.493922 2.49
930 0.818073 -1.692390  2.510463 2.51
931 0.818012 -1.704751  2.522763 2.52
932 0.817954 -1.711929  2.529883 2.53
933 0.817901 -1.713094  2.530995 2.53
934 0.817856 -1.707574  2.525430 2.53
935 0.817829 -1.694928  2.512757 2.51
936 0.817836 -1.675096  2.492932 2.49
937 0.817898 -1.648635  2.466533 2.47
938 0.818034 -1.617010  2.435043 2.44
939 0.818236 -1.582794  2.401030 2.40
940 0.818458 -1.549497  2.367955 2.37
941 0.818614 -1.520794  2.339408 2.34
942 0.818632 -1.499279  2.317911 2.32
943 0.818502 -1.485403  2.303905 2.30
944 0.818288 -1.477342  2.295630 2.30
945 0.818084 -1.471927  2.290011 2.29
946 0.817956 -1.466004  2.283960 2.28
947 0.817926 -1.457463  2.275389 2.28
948 0.817980 -1.445616  2.263596 2.26
949 0.818091 -1.431063  2.249154 2.25
950 0.818226 -1.415297  2.233523 2.23
951 0.818353 -1.400223  2.218576 2.22
952 0.818445 -1.387669  2.206115 2.21
953 0.818486 -1.378974  2.197460 2.20
954 0.818474 -1.374730  2.193204 2.19
955 0.818424 -1.374756  2.193180 2.19
956 0.818356 -1.378292  2.196649 2.20
957 0.818292 -1.384310  2.202602 2.20
958 0.818244 -1.391816  2.210060 2.21
959 0.818217 -1.400054  2.218272 2.22
960 0.818210 -1.408590  2.226800 2.23
961 0.818218 -1.417292  2.235510 2.24
962 0.818235 -1.426274  2.244510 2.24
963 0.818259 -1.435823  2.254082 2.25
964 0.818284 -1.446330  2.264614 2.26
965 0.818308 -1.458226  2.276534 2.28
966 0.818326 -1.471922  2.290247 2.29
967 0.818336 -1.487740  2.306076 2.31
968 0.818339 -1.505884  2.324222 2.32
969 0.818337 -1.526428  2.344764 2.34
970 0.818332 -1.549350  2.367682 2.37
971 0.818323 -1.574551  2.392874 2.39
972 0.818302 -1.601824  2.420125 2.42
973 0.818258 -1.630744  2.449002 2.45
974 0.818187 -1.660535  2.478722 2.48
975 0.818093 -1.689998  2.508091 2.51
976 0.817991 -1.717588  2.535579 2.54
977 0.817902 -1.741653  2.559554 2.56
978 0.817843 -1.760739  2.578582 2.58
979 0.817824 -1.773858  2.591681 2.59
980 0.817841 -1.780625  2.598466 2.60
981 0.817885 -1.781234  2.599119 2.60
982 0.817940 -1.776307  2.594248 2.59
983 0.817994 -1.766682  2.584675 2.58
984 0.818037 -1.753215  2.571252 2.57
985 0.818071 -1.736671  2.554742 2.55
986 0.818100 -1.717711  2.535811 2.54
987 0.818134 -1.696967  2.515101 2.52
988 0.818178 -1.675147  2.493324 2.49
989 0.818231 -1.653107  2.471338 2.47
990 0.818285 -1.631836  2.450122 2.45
991 0.818326 -1.612325  2.430652 2.43
992 0.818338 -1.595356  2.413694 2.41
993 0.818309 -1.581264  2.399573 2.40
994 0.818241 -1.569783  2.388023 2.39
995 0.818148 -1.560063  2.378210 2.38
996 0.818056 -1.550894  2.368950 2.37
997 0.817992 -1.541082  2.359074 2.36
998 0.817975 -1.529833  2.347808 2.35
999 0.818002 -1.517003  2.335005 2.34
1000 0.818057 -1.503080  2.321137 2.32
1001 0.818119 -1.488949  2.307068 2.31
1002 0.818170 -1.475564  2.293734 2.29
1003 0.818208 -1.463714  2.281922 2.28
1004 0.818240 -1.453974  2.272214 2.27
1005 0.818269 -1.446782  2.265051 2.27
1006 0.818292 -1.442498  2.260791 2.26
1007 0.818300 -1.441356  2.259656 2.26
1008 0.818282 -1.443331  2.261613 2.26
1009 0.818238 -1.448022  2.266260 2.27
1010 0.818175 -1.454639  2.272815 2.27
1011 0.818110 -1.462131  2.280241 2.28
1012 0.818057 -1.469405  2.287462 2.29
1013 0.818029 -1.475574  2.293602 2.29
1014 0.818030 -1.480131  2.298161 2.30
1015 0.818057 -1.483021  2.301077 2.30
1016 0.818101 -1.484591  2.302692 2.30
1017 0.818153 -1.485471  2.303624 2.30
1018 0.818202 -1.486418  2.304620 2.30
1019 0.818241 -1.488167  2.306408 2.31
1020 0.818263 -1.491300  2.309563 2.31
1021 0.818264 -1.496139  2.314404 2.31
1022 0.818248 -1.502696  2.320944 2.32
1023 0.818220 -1.510702  2.328922 2.33
1024 0.818192 -1.519715  2.337906 2.34
1025 0.818169 -1.529258  2.347427 2.35
1026 0.818153 -1.538929  2.357082 2.36
1027 0.818143 -1.548432  2.366576 2.37
1028 0.818137 -1.557568  2.375705 2.38
1029 0.818132 -1.566197  2.384330 2.38
1030 0.818131 -1.574232  2.392364 2.39
1031 0.818135 -1.581644  2.399779 2.40
1032 0.818144 -1.588476  2.406620 2.41
1033 0.818158 -1.594845  2.413003 2.41
1034 0.818178 -1.600940  2.419118 2.42
1035 0.818201 -1.607008  2.425209 2.43
1036 0.818225 -1.613335  2.431559 2.43
1037 0.818241 -1.620188  2.438429 2.44
1038 0.818243 -1.627719  2.445961 2.45
1039 0.818225 -1.635855  2.454079 2.45
1040 0.818188 -1.644243  2.462432 2.46
1041 0.818141 -1.652274  2.470416 2.47
1042 0.818093 -1.659189  2.477282 2.48
1043 0.818053 -1.664225  2.482279 2.48
1044 0.818030 -1.666766  2.484796 2.48
1045 0.818029 -1.666457  2.484486 2.48
1046 0.818051 -1.663284  2.481335 2.48
1047 0.818096 -1.657604  2.475700 2.48
1048 0.818158 -1.650118  2.468275 2.47
1049 0.818227 -1.641775  2.460002 2.46
1050 0.818295 -1.633645  2.451939 2.45
1051 0.818358 -1.626783  2.445141 2.45
1052 0.818416 -1.622165  2.440582 2.44
1053 0.818471 -1.620673  2.439144 2.44
1054 0.818519 -1.623092  2.441611 2.44
1055 0.818551 -1.630053  2.448604 2.45
1056 0.818551 -1.641882  2.460433 2.46
1057 0.818511 -1.658400  2.476911 2.48
1058 0.818430 -1.678790  2.497220 2.50
1059 0.818319 -1.701603  2.519922 2.52
1060 0.818195 -1.724934  2.543129 2.54
1061 0.818075 -1.746689  2.564764 2.56
1062 0.817973 -1.764860  2.582832 2.58
1063 0.817898 -1.777749  2.595647 2.60
1064 0.817860 -1.784147  2.602007 2.60
1065 0.817866 -1.783471  2.601337 2.60
1066 0.817924 -1.775899  2.593823 2.59
1067 0.818039 -1.762477  2.580516 2.58
1068 0.818199 -1.745133  2.563332 2.56
1069 0.818374 -1.726480  2.544854 2.54
1070 0.818518 -1.709332  2.527850 2.53
1071 0.818590 -1.696010  2.514600 2.51
1072 0.818571 -1.687715  2.506286 2.51
1073 0.818478 -1.684260  2.502738 2.50
1074 0.818349 -1.684307  2.502656 2.50
1075 0.818219 -1.685914  2.504133 2.50
1076 0.818110 -1.687078  2.505187 2.51
1077 0.818025 -1.686073  2.504098 2.50
1078 0.817963 -1.681563  2.499526 2.50
1079 0.817921 -1.672596  2.490517 2.49
1080 0.817897 -1.658575  2.476473 2.48
1081 0.817895 -1.639255  2.457150 2.46
1082 0.817913 -1.614761  2.432675 2.43
1083 0.817950 -1.585585  2.403535 2.40
1084 0.817997 -1.552529  2.370526 2.37
1085 0.818044 -1.516590  2.334634 2.33
1086 0.818084 -1.478798  2.296883 2.30
1087 0.818119 -1.440116  2.258235 2.26
1088 0.818157 -1.401433  2.219590 2.22
1089 0.818215 -1.363705  2.181920 2.18
1090 0.818300 -1.328142  2.146442 2.15
1091 0.818404 -1.296297  2.114701 2.11
1092 0.818502 -1.269928  2.088430 2.09
1093 0.818565 -1.250618  2.069184 2.07
1094 0.818576 -1.239363  2.057939 2.06
1095 0.818540 -1.236329  2.054869 2.05
1096 0.818474 -1.240918  2.059393 2.06
1097 0.818399 -1.252039  2.070438 2.07
1098 0.818324 -1.268391  2.086715 2.09
1099 0.818252 -1.288646  2.106899 2.11
1100 0.818184 -1.311517  2.129702 2.13
1101 0.818122 -1.335779  2.153901 2.15
1102 0.818070 -1.360307  2.178376 2.18
1103 0.818032 -1.384137  2.202169 2.20
1104 0.818011 -1.406540  2.224550 2.22
1105 0.818004 -1.427047  2.245051 2.25
1106 0.818005 -1.445421  2.263426 2.26
1107 0.818009 -1.461571  2.279580 2.28
1108 0.818012 -1.475467  2.293479 2.29
1109 0.818016 -1.487093  2.305109 2.31
1110 0.818026 -1.496466  2.314492 2.31
1111 0.818046 -1.503705  2.321751 2.32
1112 0.818079 -1.509091  2.327170 2.33
1113 0.818120 -1.513081  2.331200 2.33
1114 0.818164 -1.516255  2.334419 2.33
1115 0.818208 -1.519247  2.337455 2.34
1116 0.818250 -1.522672  2.340923 2.34
1117 0.818290 -1.527101  2.345391 2.35
1118 0.818326 -1.533046  2.351372 2.35
1119 0.818354 -1.540935  2.359289 2.36
1120 0.818368 -1.551051  2.369419 2.37
1121 0.818362 -1.563434  2.381796 2.38
1122 0.818335 -1.577810  2.396144 2.40
1123 0.818289 -1.593565  2.411854 2.41
1124 0.818233 -1.609811  2.428044 2.43
1125 0.818177 -1.625505  2.443682 2.44
1126 0.818127 -1.639598  2.457725 2.46
1127 0.818090 -1.651159  2.469248 2.47
1128 0.818067 -1.659463  2.477530 2.48
1129 0.818059 -1.664041  2.482100 2.48
1130 0.818066 -1.664696  2.482763 2.48
1131 0.818090 -1.661517  2.479607 2.48
1132 0.818131 -1.654887  2.473019 2.47
1133 0.818188 -1.645486  2.463674 2.46
1134 0.818257 -1.634264  2.452521 2.45
1135 0.818333 -1.622386  2.440719 2.44
1136 0.818406 -1.611121  2.429527 2.43
1137 0.818465 -1.601687  2.420152 2.42
1138 0.818495 -1.595053  2.413548 2.41
1139 0.818487 -1.591731  2.410217 2.41
1140 0.818439 -1.591631  2.410070 2.41
1141 0.818363 -1.594047  2.412410 2.41
1142 0.818277 -1.597807  2.416084 2.42
1143 0.818201 -1.601566  2.419768 2.42
1144 0.818152 -1.604114  2.422266 2.42
1145 0.818133 -1.604609  2.422741 2.42
1146 0.818142 -1.602664  2.420806 2.42
1147 0.818171 -1.598324  2.416494 2.42
1148 0.818210 -1.591945  2.410155 2.41
1149 0.818251 -1.584068  2.402319 2.40
1150 0.818288 -1.575290  2.393579 2.39
1151 0.818317 -1.566166  2.384483 2.38
1152 0.818334 -1.557139  2.375473 2.38
1153 0.818340 -1.548494  2.366834 2.37
1154 0.818334 -1.540352  2.358686 2.36
1155 0.818320 -1.532674  2.350994 2.35
1156 0.818302 -1.525304  2.343606 2.34
1157 0.818285 -1.518031  2.336317 2.34
1158 0.818273 -1.510659  2.328932 2.33
1159 0.818270 -1.503071  2.321341 2.32
1160 0.818277 -1.495284  2.313561 2.31
1161 0.818294 -1.487474  2.305768 2.31
1162 0.818318 -1.479966  2.298284 2.30
1163 0.818344 -1.473188  2.291532 2.29
1164 0.818366 -1.467599  2.285966 2.29
1165 0.818379 -1.463601  2.281980 2.28
1166 0.818378 -1.461452  2.279830 2.28
1167 0.818363 -1.461209  2.279572 2.28
1168 0.818335 -1.462716  2.281051 2.28
1169 0.818298 -1.465628  2.283926 2.28
1170 0.818257 -1.469469  2.287726 2.29
1171 0.818214 -1.473695  2.291909 2.29
1172 0.818170 -1.477731  2.295901 2.30
1173 0.818124 -1.480985  2.299109 2.30
1174 0.818077 -1.482851  2.300929 2.30
1175 0.818035 -1.482731  2.300766 2.30
1176 0.818005 -1.480101  2.298106 2.30
1177 0.817998 -1.474638  2.292636 2.29
1178 0.818024 -1.466379  2.284403 2.28
1179 0.818088 -1.455854  2.273942 2.27
1180 0.818187 -1.444154  2.262341 2.26
1181 0.818308 -1.432871  2.251180 2.25
1182 0.818435 -1.423921  2.242356 2.24
1183 0.818542 -1.419252  2.237794 2.24
1184 0.818610 -1.420494  2.239104 2.24
1185 0.818621 -1.428635  2.247256 2.25
1186 0.818574 -1.443780  2.262354 2.26
1187 0.818479 -1.465111  2.283590 2.28
1188 0.818357 -1.491045  2.309402 2.31
1189 0.818233 -1.519559  2.337792 2.34
1190 0.818127 -1.548565  2.366693 2.37
1191 0.818053 -1.576237  2.394290 2.39
1192 0.818014 -1.601214  2.419228 2.42
1193 0.818007 -1.622676  2.440684 2.44
1194 0.818025 -1.640311  2.458336 2.46
1195 0.818057 -1.654209  2.472266 2.47
1196 0.818097 -1.664731  2.482828 2.48
1197 0.818136 -1.672377  2.490513 2.49
1198 0.818171 -1.677680  2.495851 2.50
1199 0.818203 -1.681148  2.499351 2.50
1200 0.818234 -1.683257  2.501491 2.50
1201 0.818267 -1.684481  2.502748 2.50
1202 0.818303 -1.685329  2.503632 2.50
1203 0.818343 -1.686366  2.504710 2.50
1204 0.818382 -1.688198  2.506580 2.51
1205 0.818413 -1.691402  2.509815 2.51
1206 0.818429 -1.696437  2.514866 2.51
1207 0.818425 -1.703538  2.521962 2.52
1208 0.818398 -1.712640  2.531038 2.53
1209 0.818348 -1.723347  2.541695 2.54
1210 0.818282 -1.734946  2.553228 2.55
1211 0.818207 -1.746493  2.564700 2.56
1212 0.818135 -1.756942  2.575077 2.58
1213 0.818080 -1.765326  2.583407 2.58
1214 0.818056 -1.770963  2.589020 2.59
1215 0.818070 -1.773646  2.591716 2.59
1216 0.818117 -1.773733  2.591850 2.59
1217 0.818174 -1.772051  2.590225 2.59
1218 0.818212 -1.769562  2.587774 2.59
1219 0.818204 -1.766900  2.585104 2.59
1220 0.818145 -1.763998  2.582143 2.58
1221 0.818057 -1.760031  2.578088 2.58
1222 0.817971 -1.753711  2.571681 2.57
1223 0.817911 -1.743746  2.561657 2.56
1224 0.817889 -1.729230  2.547120 2.55
1225 0.817902 -1.709821  2.527723 2.53
1226 0.817942 -1.685723  2.503666 2.50
1227 0.818001 -1.657591  2.475592 2.48
1228 0.818072 -1.626403  2.444476 2.44
1229 0.818151 -1.593369  2.411520 2.41
1230 0.818229 -1.559826  2.378055 2.38
1231 0.818297 -1.527123  2.345420 2.35
1232 0.818347 -1.496474  2.314821 2.31
1233 0.818370 -1.468814  2.287184 2.29
1234 0.818365 -1.444689  2.263054 2.26
1235 0.818334 -1.424219  2.242553 2.24
1236 0.818283 -1.407130  2.225413 2.23
1237 0.818222 -1.392857  2.211078 2.21
1238 0.818162 -1.380679  2.198840 2.20
1239 0.818118 -1.369904  2.188022 2.19
1240 0.818107 -1.360087  2.178193 2.18
1241 0.818144 -1.351269  2.169413 2.17
1242 0.818235 -1.344184  2.162420 2.16
1243 0.818368 -1.340309  2.158677 2.16
1244 0.818508 -1.341650  2.160158 2.16
1245 0.818609 -1.350226  2.168834 2.17
1246 0.818629 -1.367367  2.185996 2.19
1247 0.818556 -1.393140  2.211696 2.21
1248 0.818414 -1.426177  2.244591 2.24
1249 0.818245 -1.464011  2.282256 2.28
1250 0.818092 -1.503713  2.321805 2.32
1251 0.817982 -1.542541  2.360523 2.36
1252 0.817919 -1.578350  2.396269 2.40
1253 0.817897 -1.609722  2.427619 2.43
1254 0.817901 -1.635877  2.453778 2.45
1255 0.817918 -1.656495  2.474413 2.47
1256 0.817939 -1.671521  2.489460 2.49
1257 0.817957 -1.681026  2.498983 2.50
1258 0.817971 -1.685116  2.503087 2.50
1259 0.817984 -1.683911  2.501894 2.50
1260 0.817996 -1.677552  2.495549 2.50
1261 0.818013 -1.666245  2.484258 2.48
1262 0.818036 -1.650295  2.468331 2.47
1263 0.818068 -1.630147  2.448215 2.45
1264 0.818108 -1.606399  2.424506 2.42
1265 0.818154 -1.579794  2.397948 2.40
1266 0.818203 -1.551191  2.369395 2.37
1267 0.818252 -1.521511  2.339763 2.34
1268 0.818298 -1.491678  2.309976 2.31
1269 0.818338 -1.462569  2.280907 2.28
1270 0.818370 -1.434967  2.253337 2.25
1271 0.818393 -1.409530  2.227923 2.23
1272 0.818406 -1.386770  2.205176 2.21
1273 0.818408 -1.367029  2.185437 2.19
1274 0.818400 -1.350468  2.168868 2.17
1275 0.818383 -1.337072  2.155455 2.16
1276 0.818362 -1.326684  2.145046 2.15
1277 0.818342 -1.319073  2.137414 2.14
1278 0.818325 -1.314004  2.132329 2.13
1279 0.818313 -1.311290  2.129603 2.13
1280 0.818302 -1.310795  2.129097 2.13
1281 0.818288 -1.312397  2.130686 2.13
1282 0.818270 -1.315936  2.134206 2.13
1283 0.818249 -1.321184  2.139434 2.14
1284 0.818231 -1.327878  2.146110 2.15
1285 0.818223 -1.335791  2.154014 2.15
1286 0.818230 -1.344834  2.163065 2.16
1287 0.818255 -1.355137  2.173392 2.17
1288 0.818296 -1.367076  2.185372 2.19
1289 0.818345 -1.381239  2.199584 2.20
1290 0.818393 -1.398317  2.216711 2.22
1291 0.818428 -1.418950  2.237378 2.24
1292 0.818438 -1.443545  2.261983 2.26
1293 0.818419 -1.472124  2.290543 2.29
1294 0.818372 -1.504243  2.322615 2.32
1295 0.818304 -1.539013  2.357317 2.36
1296 0.818227 -1.575213  2.393440 2.39
1297 0.818152 -1.611462  2.429614 2.43
1298 0.818087 -1.646386  2.464473 2.46
1299 0.818035 -1.678751  2.496787 2.50
1300 0.817999 -1.707538  2.525537 2.53
1301 0.817977 -1.731973  2.549950 2.55
1302 0.817968 -1.751526  2.569494 2.57
1303 0.817969 -1.765901  2.583870 2.58
1304 0.817978 -1.775006  2.592984 2.59
1305 0.817994 -1.778927  2.596921 2.60
1306 0.818013 -1.777896  2.595909 2.60
1307 0.818035 -1.772261  2.590296 2.59
1308 0.818060 -1.762469  2.580529 2.58
1309 0.818090 -1.749070  2.567160 2.57
1310 0.818128 -1.732743  2.550872 2.55
1311 0.818174 -1.714320  2.532494 2.53
1312 0.818222 -1.694770  2.512992 2.51
1313 0.818261 -1.675108  2.493369 2.49
1314 0.818276 -1.656224  2.474500 2.47
1315 0.818254 -1.638650  2.456904 2.46
1316 0.818188 -1.622372  2.440560 2.44
1317 0.818084 -1.606741  2.424824 2.42
1318 0.817958 -1.590564  2.408522 2.41
1319 0.817840 -1.572375  2.390215 2.39
1320 0.817769 -1.550872  2.368641 2.37
1321 0.817785 -1.525498  2.343283 2.34
1322 0.817913 -1.497005  2.314918 2.31
1323 0.818135 -1.467749  2.285884 2.29
1324 0.818378 -1.441357  2.259736 2.26
1325 0.818541 -1.421616  2.240157 2.24
1326 0.818557 -1.410999  2.229556 2.23
1327 0.818444 -1.409726  2.228170 2.23
1328 0.818283 -1.416000  2.234283 2.23
1329 0.818154 -1.427156  2.245310 2.25
1330 0.818093 -1.440856  2.258949 2.26
1331 0.818089 -1.455672  2.273761 2.27
1332 0.818111 -1.471013  2.289124 2.29
1333 0.818128 -1.486713  2.304841 2.30
1334 0.818124 -1.502619  2.320743 2.32
1335 0.818097 -1.518348  2.336445 2.34
1336 0.818051 -1.533238  2.351289 2.35
1337 0.817990 -1.546397  2.364387 2.36
1338 0.817920 -1.556789  2.374710 2.37
1339 0.817846 -1.563309  2.381155 2.38
1340 0.817777 -1.564865  2.382642 2.38
1341 0.817727 -1.560521  2.378248 2.38
1342 0.817720 -1.549724  2.367444 2.37
1343 0.817776 -1.532617  2.350393 2.35
1344 0.817909 -1.510336  2.328245 2.33
1345 0.818100 -1.485130  2.303231 2.30
1346 0.818303 -1.460075  2.278378 2.28
1347 0.818453 -1.438342  2.256795 2.26
1348 0.818507 -1.422265  2.240772 2.24
1349 0.818470 -1.412720  2.231191 2.23
1350 0.818387 -1.409180  2.227566 2.23
1351 0.818305 -1.410322  2.228627 2.23
1352 0.818253 -1.414757  2.233009 2.23
1353 0.818231 -1.421449  2.239681 2.24
1354 0.818229 -1.429795  2.248024 2.25
1355 0.818232 -1.439476  2.257708 2.26
1356 0.818232 -1.450288  2.268520 2.27
1357 0.818227 -1.462020  2.280248 2.28
1358 0.818216 -1.474409  2.292625 2.29
1359 0.818201 -1.487130  2.305331 2.31
1360 0.818182 -1.499815  2.317997 2.32
1361 0.818160 -1.512067  2.330227 2.33
1362 0.818138 -1.523477  2.341615 2.34
1363 0.818117 -1.533648  2.351765 2.35
1364 0.818100 -1.542234  2.360334 2.36
1365 0.818091 -1.548978  2.367069 2.37
1366 0.818088 -1.553749  2.371837 2.37
1367 0.818087 -1.556534  2.374621 2.37
1368 0.818083 -1.557387  2.375470 2.38
1369 0.818067 -1.556328  2.374395 2.37
1370 0.818036 -1.553249  2.371285 2.37
1371 0.817993 -1.547861  2.365855 2.37
1372 0.817950 -1.539756  2.357706 2.36
1373 0.817927 -1.528581  2.346508 2.35
1374 0.817943 -1.514317  2.332261 2.33
1375 0.818014 -1.497570  2.315585 2.32
1376 0.818138 -1.479753  2.297891 2.30
1377 0.818291 -1.463026  2.281317 2.28
1378 0.818432 -1.449917  2.268349 2.27
1379 0.818520 -1.442704  2.261223 2.26
1380 0.818533 -1.442805  2.261338 2.26
1381 0.818481 -1.450473  2.268954 2.27
1382 0.818387 -1.464885  2.283272 2.28
1383 0.818277 -1.484501  2.302778 2.30
1384 0.818171 -1.507462  2.325633 2.33
1385 0.818083 -1.531908  2.349991 2.35
1386 0.818024 -1.556218  2.374242 2.37
1387 0.817997 -1.579174  2.397171 2.40
1388 0.818001 -1.600043  2.418044 2.42
1389 0.818026 -1.618552  2.436578 2.44
1390 0.818059 -1.634756  2.452814 2.45
1391 0.818088 -1.648857  2.466944 2.47
1392 0.818106 -1.661031  2.479137 2.48
1393 0.818111 -1.671325  2.489436 2.49
1394 0.818105 -1.679622  2.497728 2.50
1395 0.818092 -1.685678  2.503771 2.50
1396 0.818076 -1.689171  2.507247 2.51
1397 0.818058 -1.689759  2.507817 2.51
1398 0.818041 -1.687123  2.505165 2.51
1399 0.818030 -1.681020  2.499050 2.50
1400 0.818029 -1.671337  2.489366 2.49
1401 0.818046 -1.658174  2.476220 2.48
1402 0.818084 -1.641930  2.460014 2.46
1403 0.818147 -1.623374  2.441522 2.44
1404 0.818231 -1.603666  2.421897 2.42
1405 0.818326 -1.584283  2.402609 2.40
1406 0.818414 -1.566852  2.385266 2.39
1407 0.818481 -1.552896  2.371377 2.37
1408 0.818515 -1.543587  2.362101 2.36
1409 0.818512 -1.539568  2.358081 2.36
1410 0.818477 -1.540902  2.359379 2.36
1411 0.818411 -1.547091  2.365502 2.37
1412 0.818317 -1.557116  2.375433 2.38
1413 0.818202 -1.569490  2.387692 2.39
1414 0.818078 -1.582367  2.400446 2.40
1415 0.817969 -1.593771  2.411741 2.41
1416 0.817898 -1.601938  2.419836 2.42
1417 0.817879 -1.605665  2.423544 2.42
1418 0.817920 -1.604564  2.422483 2.42
1419 0.818014 -1.599151  2.417164 2.42
1420 0.818147 -1.590774  2.408922 2.41
1421 0.818300 -1.581401  2.399701 2.40
1422 0.818449 -1.573299  2.391748 2.39
1423 0.818568 -1.568671  2.387238 2.39
1424 0.818637 -1.569268  2.387905 2.39
1425 0.818644 -1.576086  2.394731 2.39
1426 0.818591 -1.589182  2.407774 2.41
1427 0.818489 -1.607681  2.426170 2.43
1428 0.818358 -1.629951  2.448309 2.45
1429 0.818221 -1.653907  2.472128 2.47
1430 0.818096 -1.677344  2.495440 2.50
1431 0.817998 -1.698236  2.516234 2.52
1432 0.817933 -1.714952  2.532885 2.53
1433 0.817904 -1.726380  2.544284 2.54
1434 0.817912 -1.731983  2.549896 2.55
1435 0.817955 -1.731808  2.549763 2.55
1436 0.818027 -1.726444  2.544471 2.54
1437 0.818119 -1.716947  2.535066 2.54
1438 0.818219 -1.704697  2.522917 2.52
1439 0.818312 -1.691204  2.509516 2.51
1440 0.818382 -1.677862  2.496244 2.50
1441 0.818420 -1.665725  2.484145 2.48
1442 0.818422 -1.655354  2.473775 2.47
1443 0.818394 -1.646774  2.465169 2.47
1444 0.818348 -1.639562  2.457910 2.46
1445 0.818293 -1.632992  2.451285 2.45
1446 0.818240 -1.626208  2.444448 2.44
1447 0.818191 -1.618356  2.436547 2.44
1448 0.818151 -1.608668  2.426819 2.43
1449 0.818120 -1.596514  2.414634 2.41
1450 0.818097 -1.581416  2.399513 2.40
1451 0.818083 -1.563058  2.381141 2.38
1452 0.818078 -1.541292  2.359369 2.36
1453 0.818082 -1.516142  2.334224 2.33
1454 0.818099 -1.487823  2.305922 2.31
1455 0.818131 -1.456774  2.274904 2.27
1456 0.818182 -1.423696  2.241878 2.24
1457 0.818255 -1.389609  2.207865 2.21
1458 0.818350 -1.355876  2.174225 2.17
1459 0.818458 -1.324167  2.142625 2.14
1460 0.818565 -1.296339  2.114904 2.11
1461 0.818651 -1.274199  2.092851 2.09
1462 0.818700 -1.259218  2.077918 2.08
1463 0.818701 -1.252263  2.070964 2.07
1464 0.818658 -1.253465  2.072124 2.07
1465 0.818589 -1.262277  2.080866 2.08
1466 0.818517 -1.277716  2.096233 2.10
1467 0.818463 -1.298705  2.117169 2.12
1468 0.818441 -1.324395  2.142836 2.14
1469 0.818450 -1.354347  2.172796 2.17
1470 0.818475 -1.388524  2.206998 2.21
1471 0.818495 -1.427092  2.245586 2.25
1472 0.818489 -1.470107  2.288597 2.29
1473 0.818448 -1.517229  2.335677 2.34
1474 0.818372 -1.567554  2.385927 2.39
1475 0.818275 -1.619657  2.437933 2.44
1476 0.818175 -1.671778  2.489953 2.49
1477 0.818087 -1.722088  2.540175 2.54
1478 0.818022 -1.768941  2.586963 2.59
1479 0.817984 -1.811039  2.629024 2.63
1480 0.817972 -1.847504  2.665477 2.67
1481 0.817982 -1.877875  2.695857 2.70
1482 0.818008 -1.902051  2.720059 2.72
1483 0.818045 -1.920219  2.738264 2.74
1484 0.818089 -1.932778  2.750866 2.75
1485 0.818135 -1.940261  2.758396 2.76
1486 0.818179 -1.943278  2.761457 2.76
1487 0.818220 -1.942455  2.760675 2.76
1488 0.818254 -1.938387  2.756641 2.76
1489 0.818280 -1.931606  2.749886 2.75
1490 0.818299 -1.922548  2.740847 2.74
1491 0.818309 -1.911552  2.729861 2.73
1492 0.818313 -1.898857  2.717170 2.72
1493 0.818312 -1.884625  2.702938 2.70
1494 0.818309 -1.868966  2.687276 2.69
1495 0.818306 -1.851963  2.670269 2.67
1496 0.818302 -1.833697  2.651999 2.65
1497 0.818300 -1.814261  2.632561 2.63
1498 0.818299 -1.793773  2.612072 2.61
1499 0.818301 -1.772383  2.590684 2.59
1500 0.818307 -1.750283  2.568589 2.57
1501 0.818317 -1.727722  2.546038 2.55
1502 0.818331 -1.705018  2.523349 2.52
1503 0.818351 -1.682564  2.500914 2.50
1504 0.818373 -1.660816  2.479189 2.48
1505 0.818397 -1.640278  2.458675 2.46
1506 0.818421 -1.621471  2.439892 2.44
1507 0.818443 -1.604908  2.423351 2.42
1508 0.818459 -1.591053  2.409512 2.41
1509 0.818463 -1.580258  2.398720 2.40
1510 0.818448 -1.572671  2.391119 2.39
1511 0.818411 -1.568147  2.386558 2.39
1512 0.818352 -1.566186  2.384538 2.38
1513 0.818277 -1.565950  2.384227 2.38
1514 0.818194 -1.566357  2.384551 2.38
1515 0.818110 -1.566201  2.384311 2.38
1516 0.818027 -1.564263  2.382290 2.38
1517 0.817946 -1.559368  2.377313 2.38
1518 0.817866 -1.550404  2.368270 2.37
1519 0.817791 -1.536344  2.354134 2.35
1520 0.817727 -1.516295  2.334022 2.33
1521 0.817688 -1.489620  2.307308 2.31
1522 0.817689 -1.456118  2.273807 2.27
1523 0.817748 -1.416260  2.234008 2.23
1524 0.817876 -1.371415  2.189290 2.19
1525 0.818071 -1.323981  2.142052 2.14
1526 0.818314 -1.277331  2.095645 2.10
1527 0.818568 -1.235472  2.054040 2.05
1528 0.818785 -1.202472  2.021257 2.02
1529 0.818925 -1.181751  2.000676 2.00
1530 0.818965 -1.175472  1.994437 1.99
1531 0.818906 -1.184194  2.003100 2.00
1532 0.818767 -1.206869  2.025636 2.03
1533 0.818580 -1.241141  2.059721 2.06
1534 0.818378 -1.283821  2.102198 2.10
1535 0.818188 -1.331406  2.149594 2.15
1536 0.818030 -1.380524  2.198554 2.20
1537 0.817911 -1.428234  2.246146 2.25
1538 0.817831 -1.472180  2.290011 2.29
1539 0.817785 -1.510614  2.328399 2.33
1540 0.817766 -1.542352  2.360118 2.36
1541 0.817769 -1.566689  2.384457 2.38
1542 0.817788 -1.583318  2.401106 2.40
1543 0.817821 -1.592269  2.410090 2.41
1544 0.817867 -1.593864  2.411731 2.41
1545 0.817926 -1.588697  2.406623 2.41
1546 0.817999 -1.577627  2.395625 2.40
1547 0.818086 -1.561785  2.379871 2.38
1548 0.818187 -1.542578  2.360765 2.36
1549 0.818300 -1.521658  2.339958 2.34
1550 0.818415 -1.500861  2.319276 2.32
1551 0.818518 -1.482059  2.300577 2.30
1552 0.818594 -1.466944  2.285537 2.29
1553 0.818625 -1.456771  2.275397 2.28
1554 0.818605 -1.452122  2.270727 2.27
1555 0.818536 -1.452780  2.271316 2.27
1556 0.818434 -1.457785  2.276219 2.28
1557 0.818321 -1.465658  2.283979 2.28
1558 0.818221 -1.474736  2.292958 2.29
1559 0.818152 -1.483527  2.301679 2.30
1560 0.818121 -1.490968  2.309089 2.31
1561 0.818125 -1.496553  2.314678 2.31
1562 0.818155 -1.500313  2.318468 2.32
1563 0.818195 -1.502664  2.320860 2.32
1564 0.818228 -1.504192  2.322420 2.32
1565 0.818241 -1.505403  2.323644 2.32
1566 0.818225 -1.506529  2.324755 2.32
1567 0.818182 -1.507414  2.325597 2.33
1568 0.818120 -1.507524  2.325644 2.33
1569 0.818054 -1.506075  2.324129 2.32
1570 0.818002 -1.502256  2.320258 2.32
1571 0.817980 -1.495486  2.313466 2.31
1572 0.817995 -1.485637  2.303631 2.30
1573 0.818045 -1.473141  2.291186 2.29
1574 0.818118 -1.458961  2.277078 2.28
1575 0.818196 -1.444399  2.262595 2.26
1576 0.818265 -1.430844  2.249108 2.25
1577 0.818321 -1.419556  2.237877 2.24
1578 0.818375 -1.411616  2.229991 2.23
1579 0.818441 -1.408042  2.226483 2.23
1580 0.818524 -1.409968  2.228492 2.23
1581 0.818607 -1.418680  2.237288 2.24
1582 0.818657 -1.435356  2.254013 2.25
1583 0.818640 -1.460566  2.279207 2.28
1584 0.818547 -1.493803  2.312350 2.31
1585 0.818400 -1.533359  2.351759 2.35
1586 0.818241 -1.576670  2.394911 2.39
1587 0.818105 -1.620915  2.439020 2.44
1588 0.818011 -1.663571  2.481582 2.48
1589 0.817960 -1.702725  2.520685 2.52
1590 0.817942 -1.737119  2.555060 2.56
1591 0.817944 -1.766039  2.583982 2.58
1592 0.817955 -1.789143  2.607097 2.61
1593 0.817966 -1.806301  2.624267 2.62
1594 0.817973 -1.817469  2.635442 2.64
1595 0.817971 -1.822612  2.640584 2.64
1596 0.817963 -1.821658  2.639621 2.64
1597 0.817949 -1.814498  2.632447 2.63
1598 0.817934 -1.801019  2.618953 2.62
1599 0.817924 -1.781162  2.599086 2.60
1600 0.817926 -1.755009  2.572936 2.57
1601 0.817949 -1.722894  2.540844 2.54
1602 0.817999 -1.685505  2.503504 2.50
1603 0.818081 -1.643971  2.462052 2.46
1604 0.818193 -1.599911  2.418104 2.42
1605 0.818329 -1.555402  2.373731 2.37
1606 0.818478 -1.512868  2.331346 2.33
1607 0.818621 -1.474877  2.293498 2.29
1608 0.818736 -1.443852  2.262588 2.26
1609 0.818802 -1.421731  2.240533 2.24
1610 0.818800 -1.409629  2.228429 2.23
1611 0.818728 -1.407595  2.226323 2.23
1612 0.818597 -1.414557  2.233154 2.23
1613 0.818431 -1.428505  2.246936 2.25
1614 0.818263 -1.446867  2.265129 2.27
1615 0.818121 -1.466989  2.285110 2.29
1616 0.818025 -1.486584  2.304609 2.30
1617 0.817985 -1.504043  2.322027 2.32
1618 0.817998 -1.518588  2.336586 2.34
1619 0.818054 -1.530262  2.348316 2.35
1620 0.818135 -1.539766  2.357901 2.36
1621 0.818220 -1.548196  2.366416 2.37
1622 0.818286 -1.556716  2.375002 2.38
1623 0.818321 -1.566239  2.384561 2.38
1624 0.818323 -1.577226  2.395549 2.40
1625 0.818303 -1.589651  2.407954 2.41
1626 0.818275 -1.603145  2.421420 2.42
1627 0.818252 -1.617208  2.435460 2.44
1628 0.818238 -1.631388  2.449625 2.45
1629 0.818226 -1.645333  2.463559 2.46
1630 0.818209 -1.658733  2.476943 2.48
1631 0.818180 -1.671201  2.489381 2.49
1632 0.818136 -1.682182  2.500318 2.50
1633 0.818081 -1.690938  2.509019 2.51
1634 0.818020 -1.696593  2.514614 2.51
1635 0.817960 -1.698226  2.516187 2.52
1636 0.817907 -1.694969  2.512876 2.51
1637 0.817868 -1.686110  2.503978 2.50
1638 0.817853 -1.671212  2.489065 2.49
1639 0.817870 -1.650241  2.468111 2.47
1640 0.817928 -1.623701  2.441629 2.44
1641 0.818032 -1.592751  2.410783 2.41
1642 0.818176 -1.559243  2.377420 2.38
1643 0.818346 -1.525627  2.343972 2.34
1644 0.818512 -1.494683  2.313195 2.31
1645 0.818642 -1.469098  2.287740 2.29
1646 0.818707 -1.450966  2.269673 2.27
1647 0.818692 -1.441356  2.260047 2.26
1648 0.818600 -1.440087  2.258688 2.26
1649 0.818454 -1.445791  2.264245 2.26
1650 0.818283 -1.456226  2.274509 2.27
1651 0.818119 -1.468742  2.286861 2.29
1652 0.817985 -1.480753  2.298737 2.30
1653 0.817894 -1.490105  2.307999 2.31
1654 0.817851 -1.495303  2.313154 2.31
1655 0.817855 -1.495601  2.313456 2.31
1656 0.817899 -1.490990  2.308889 2.31
1657 0.817975 -1.482108  2.300084 2.30
1658 0.818070 -1.470104  2.288175 2.29
1659 0.818171 -1.456449  2.274620 2.27
1660 0.818264 -1.442720  2.260983 2.26
1661 0.818333 -1.430375  2.248709 2.25
1662 0.818370 -1.420534  2.238904 2.24
1663 0.818367 -1.413807  2.232174 2.23
1664 0.818328 -1.410208  2.228536 2.23
1665 0.818265 -1.409194  2.227459 2.23
1666 0.818197 -1.409842  2.228039 2.23
1667 0.818145 -1.411130  2.229276 2.23
1668 0.818125 -1.412245  2.230370 2.23
1669 0.818138 -1.412791  2.230928 2.23
1670 0.818176 -1.412844  2.231020 2.23
1671 0.818224 -1.412835  2.231058 2.23
1672 0.818263 -1.413313  2.231576 2.23
1673 0.818282 -1.414705  2.232987 2.23
1674 0.818276 -1.417135  2.235411 2.24
1675 0.818249 -1.420365  2.238613 2.24
1676 0.818209 -1.423848  2.242058 2.24
1677 0.818167 -1.426866  2.245034 2.25
1678 0.818133 -1.428681  2.246814 2.25
1679 0.818112 -1.428685  2.246797 2.25
1680 0.818109 -1.426505  2.244614 2.24
1681 0.818122 -1.422062  2.240184 2.24
1682 0.818148 -1.415563  2.233711 2.23
1683 0.818179 -1.407440  2.225620 2.23
1684 0.818204 -1.398226  2.216430 2.22
1685 0.818211 -1.388382  2.206593 2.21
1686 0.818195 -1.378135  2.196330 2.20
1687 0.818157 -1.367384  2.185541 2.19
1688 0.818110 -1.355736  2.173846 2.17
1689 0.818073 -1.342686  2.160759 2.16
1690 0.818066 -1.327892  2.145958 2.15
1691 0.818106 -1.311481  2.129587 2.13
1692 0.818199 -1.294273  2.112472 2.11
1693 0.818334 -1.277844  2.096178 2.10
1694 0.818483 -1.264353  2.082835 2.08
1695 0.818606 -1.256108  2.074714 2.07
1696 0.818663 -1.254966  2.073629 2.07
1697 0.818632 -1.261741  2.080372 2.08
1698 0.818519 -1.275883  2.094402 2.09
1699 0.818357 -1.295580  2.113937 2.11
1700 0.818190 -1.318231  2.136421 2.14
1701 0.818055 -1.341103  2.159158 2.16
1702 0.817973 -1.361906  2.179879 2.18
1703 0.817949 -1.379137  2.197086 2.20
1704 0.817977 -1.392179  2.210156 2.21
1705 0.818043 -1.401219  2.219261 2.22
1706 0.818132 -1.407069  2.225201 2.23
1707 0.818228 -1.410936  2.229165 2.23
1708 0.818315 -1.414166  2.232481 2.23
1709 0.818376 -1.417982  2.236358 2.24
1710 0.818404 -1.423260  2.241664 2.24
1711 0.818397 -1.430385  2.248782 2.25
1712 0.818361 -1.439230  2.257592 2.26
1713 0.818310 -1.449253  2.267563 2.27
1714 0.818253 -1.459665  2.277918 2.28
1715 0.818199 -1.469601  2.287800 2.29
1716 0.818151 -1.478245  2.296396 2.30
1717 0.818110 -1.484886  2.302996 2.30
1718 0.818073 -1.488933  2.307006 2.31
1719 0.818039 -1.489898  2.307936 2.31
1720 0.818007 -1.487383  2.305390 2.31
1721 0.817978 -1.481082  2.299060 2.30
1722 0.817954 -1.470790  2.288744 2.29
1723 0.817942 -1.456454  2.274396 2.27
1724 0.817954 -1.438274  2.256227 2.26
1725 0.818006 -1.416874  2.234880 2.23
1726 0.818115 -1.393532  2.211647 2.21
1727 0.818286 -1.370380  2.188666 2.19
1728 0.818499 -1.350422  2.168922 2.17
1729 0.818705 -1.337187  2.155892 2.16
1730 0.818837 -1.333963  2.152800 2.15
1731 0.818840 -1.342809  2.161648 2.16
1732 0.818700 -1.363758  2.182458 2.18
1733 0.818452 -1.394629  2.213081 2.21
1734 0.818160 -1.431533  2.249692 2.25
1735 0.817885 -1.469812  2.287697 2.29
1736 0.817674 -1.505007  2.322681 2.32
1737 0.817548 -1.533575  2.351123 2.35
1738 0.817513 -1.553275  2.370788 2.37
1739 0.817559 -1.563278  2.380838 2.38
1740 0.817672 -1.564065  2.381737 2.38
1741 0.817829 -1.557188  2.375016 2.38
1742 0.818000 -1.544917  2.362918 2.36
1743 0.818160 -1.529815  2.347975 2.35
1744 0.818287 -1.514302  2.332588 2.33
1745 0.818371 -1.500331  2.318702 2.32
1746 0.818417 -1.489238  2.307655 2.31
1747 0.818433 -1.481759  2.300192 2.30
1748 0.818429 -1.478161  2.296590 2.30
1749 0.818414 -1.478383  2.296798 2.30
1750 0.818392 -1.482158  2.300550 2.30
1751 0.818365 -1.489080  2.307445 2.31
1752 0.818334 -1.498646  2.316980 2.32
1753 0.818300 -1.510272  2.328572 2.33
1754 0.818265 -1.523318  2.341583 2.34
1755 0.818234 -1.537125  2.355360 2.36
1756 0.818212 -1.551092  2.369304 2.37
1757 0.818202 -1.564742  2.382943 2.38
1758 0.818204 -1.577779  2.395983 2.40
1759 0.818217 -1.590103  2.408319 2.41
1760 0.818236 -1.601774  2.420010 2.42
1761 0.818256 -1.612961  2.431217 2.43
1762 0.818274 -1.623866  2.442140 2.44
1763 0.818287 -1.634665  2.452951 2.45
1764 0.818292 -1.645466  2.463758 2.46
1765 0.818291 -1.656283  2.474574 2.47
1766 0.818282 -1.667024  2.485306 2.49
1767 0.818266 -1.677489  2.495755 2.50
1768 0.818245 -1.687382  2.505627 2.51
1769 0.818219 -1.696328  2.514548 2.51
1770 0.818193 -1.703912  2.522105 2.52
1771 0.818169 -1.709716  2.527885 2.53
1772 0.818150 -1.713375  2.531524 2.53
1773 0.818138 -1.714618  2.532756 2.53
1774 0.818138 -1.713323  2.531461 2.53
1775 0.818154 -1.709570  2.527724 2.53
1776 0.818190 -1.703701  2.521891 2.52
1777 0.818246 -1.696365  2.514612 2.51
1778 0.818319 -1.688523  2.506843 2.51
1779 0.818396 -1.681366  2.499762 2.50
1780 0.818459 -1.676119  2.494579 2.49
1781 0.818489 -1.673770  2.492259 2.49
1782 0.818474 -1.674779  2.493253 2.49
1783 0.818416 -1.678914  2.497330 2.50
1784 0.818332 -1.685288  2.503620 2.50
1785 0.818241 -1.692590  2.510831 2.51
1786 0.818166 -1.699408  2.517574 2.52
1787 0.818118 -1.704542  2.522660 2.52
1788 0.818102 -1.707201  2.525303 2.53
1789 0.818115 -1.707077  2.525192 2.53
1790 0.818148 -1.704312  2.522460 2.52
1791 0.818194 -1.699386  2.517580 2.52
1792 0.818242 -1.692980  2.511222 2.51
1793 0.818285 -1.685831  2.504116 2.50
1794 0.818317 -1.678612  2.496929 2.50
1795 0.818338 -1.671850  2.490188 2.49
1796 0.818348 -1.665898  2.484246 2.48
1797 0.818349 -1.660933  2.479282 2.48
1798 0.818342 -1.656980  2.475323 2.48
1799 0.818329 -1.653938  2.472267 2.47
1800 0.818308 -1.651586  2.469894 2.47
1801 0.818279 -1.649581  2.467861 2.47
1802 0.818243 -1.647455  2.465697 2.47
1803 0.818202 -1.644627  2.462828 2.46
1804 0.818160 -1.640452  2.458613 2.46
1805 0.818125 -1.634297  2.452422 2.45
1806 0.818101 -1.625628  2.443728 2.44
1807 0.818093 -1.614102  2.432195 2.43
1808 0.818103 -1.599639  2.417742 2.42
1809 0.818133 -1.582456  2.400588 2.40
1810 0.818179 -1.563071  2.381251 2.38
1811 0.818239 -1.542278  2.360517 2.36
1812 0.818306 -1.521075  2.339381 2.34
1813 0.818373 -1.500578  2.318951 2.32
1814 0.818432 -1.481908  2.300340 2.30
1815 0.818478 -1.466069  2.284547 2.28
1816 0.818505 -1.453848  2.272354 2.27
1817 0.818512 -1.445740  2.264252 2.26
1818 0.818498 -1.441911  2.260408 2.26
1819 0.818464 -1.442191  2.260656 2.26
1820 0.818414 -1.446104  2.264518 2.26
1821 0.818351 -1.452901  2.271252 2.27
1822 0.818281 -1.461629  2.279910 2.28
1823 0.818214 -1.471234  2.289447 2.29
1824 0.818160 -1.480697  2.298857 2.30
1825 0.818130 -1.489206  2.307336 2.31
1826 0.818133 -1.496312  2.314445 2.31
1827 0.818167 -1.502032  2.320199 2.32
1828 0.818225 -1.506846  2.325071 2.33
1829 0.818292 -1.511580  2.329873 2.33
1830 0.818352 -1.517189  2.335540 2.34
1831 0.818387 -1.524488  2.342875 2.34
1832 0.818389 -1.533930  2.352319 2.35
1833 0.818359 -1.545472  2.363831 2.36
1834 0.818302 -1.558567  2.376869 2.38
1835 0.818230 -1.572267  2.390497 2.39
1836 0.818156 -1.585397  2.403552 2.40
1837 0.818090 -1.596738  2.414827 2.41
1838 0.818041 -1.605206  2.423246 2.42
1839 0.818012 -1.609971  2.427983 2.43
1840 0.818004 -1.610529  2.428533 2.43
1841 0.818015 -1.606711  2.424726 2.42
1842 0.818040 -1.598651  2.416691 2.42
1843 0.818072 -1.586721  2.404793 2.40
1844 0.818107 -1.571438  2.389545 2.39
1845 0.818139 -1.553376  2.371515 2.37
1846 0.818165 -1.533092  2.351257 2.35
1847 0.818188 -1.511085  2.329273 2.33
1848 0.818208 -1.487807  2.306016 2.31
1849 0.818232 -1.463698  2.281929 2.28
1850 0.818261 -1.439241  2.257502 2.26
1851 0.818296 -1.415008  2.233304 2.23
1852 0.818338 -1.391669  2.210007 2.21
1853 0.818384 -1.369985  2.188369 2.19
1854 0.818430 -1.350767  2.169197 2.17
1855 0.818471 -1.334819  2.153291 2.15
1856 0.818503 -1.322870  2.141373 2.14
1857 0.818522 -1.315490  2.134013 2.13
1858 0.818527 -1.313041  2.131568 2.13
1859 0.818519 -1.315648  2.134167 2.13
1860 0.818503 -1.323235  2.141738 2.14
1861 0.818486 -1.335587  2.154072 2.15
1862 0.818468 -1.352424  2.170892 2.17
1863 0.818448 -1.373432  2.191880 2.19
1864 0.818421 -1.398234  2.216655 2.22
1865 0.818377 -1.426307  2.244684 2.24
1866 0.818311 -1.456870  2.275181 2.28
1867 0.818222 -1.488817  2.307040 2.31
1868 0.818117 -1.520715  2.338833 2.34
1869 0.818006 -1.550901  2.368907 2.37
1870 0.817902 -1.577648  2.395550 2.40
1871 0.817819 -1.599375  2.417194 2.42
1872 0.817768 -1.614856  2.432624 2.43
1873 0.817758 -1.623392  2.441150 2.44
1874 0.817790 -1.624934  2.442724 2.44
1875 0.817859 -1.620107  2.437965 2.44
1876 0.817952 -1.610125  2.428078 2.43
1877 0.818051 -1.596592  2.414643 2.41
1878 0.818133 -1.581202  2.399336 2.40
1879 0.818187 -1.565438  2.383624 2.38
1880 0.818206 -1.550356  2.368563 2.37
1881 0.818199 -1.536529  2.354728 2.35
1882 0.818179 -1.524126  2.342306 2.34
1883 0.818165 -1.513123  2.331288 2.33
1884 0.818176 -1.503563  2.321739 2.32
1885 0.818225 -1.495829  2.314053 2.31
1886 0.818306 -1.490800  2.309106 2.31
1887 0.818390 -1.489742  2.308132 2.31
1888 0.818430 -1.493835  2.312264 2.31
1889 0.818390 -1.503509  2.321900 2.32
1890 0.818276 -1.517967  2.336243 2.34
1891 0.818125 -1.535241  2.353366 2.35
1892 0.817988 -1.552779  2.370767 2.37
1893 0.817899 -1.568180  2.386079 2.39
1894 0.817867 -1.579735  2.397601 2.40
1895 0.817884 -1.586609  2.404493 2.40
1896 0.817936 -1.588769  2.406704 2.41
1897 0.818007 -1.586777  2.404784 2.40
1898 0.818085 -1.581574  2.399659 2.40
1899 0.818158 -1.574272  2.392430 2.39
1900 0.818216 -1.565975  2.384191 2.38
1901 0.818251 -1.557609  2.375860 2.38
1902 0.818259 -1.549796  2.368055 2.37
1903 0.818247 -1.542798  2.361045 2.36
1904 0.818228 -1.536589  2.354817 2.35
1905 0.818218 -1.531040  2.349257 2.35
1906 0.818230 -1.526150  2.344379 2.34
1907 0.818262 -1.522208  2.340471 2.34
1908 0.818300 -1.519770  2.338070 2.34
1909 0.818321 -1.519426  2.337747 2.34
1910 0.818311 -1.521491  2.339801 2.34
1911 0.818270 -1.525798  2.344068 2.34
1912 0.818215 -1.531727  2.349942 2.35
1913 0.818170 -1.538446  2.356616 2.36
1914 0.818149 -1.545236  2.363384 2.36
1915 0.818156 -1.551720  2.369876 2.37
1916 0.818182 -1.557929  2.376111 2.38
1917 0.818213 -1.564179  2.382391 2.38
1918 0.818232 -1.570854  2.389086 2.39
1919 0.818231 -1.578186  2.396418 2.40
1920 0.818212 -1.586122  2.404333 2.40
1921 0.818184 -1.594340  2.412524 2.41
1922 0.818164 -1.602406  2.420569 2.42
1923 0.818163 -1.609984  2.428147 2.43
1924 0.818186 -1.617018  2.435204 2.44
1925 0.818225 -1.623787  2.442012 2.44
1926 0.818263 -1.630789  2.449052 2.45
1927 0.818280 -1.638496  2.456776 2.46
1928 0.818261 -1.647068  2.465329 2.47
1929 0.818206 -1.656149  2.474355 2.47
1930 0.818124 -1.664850  2.482974 2.48
1931 0.818033 -1.671901  2.489934 2.49
1932 0.817951 -1.675913  2.493863 2.49
1933 0.817893 -1.675660  2.493553 2.49
1934 0.817870 -1.670316  2.488186 2.49
1935 0.817890 -1.659623  2.477513 2.48
1936 0.817955 -1.643999  2.461953 2.46
1937 0.818060 -1.624568  2.442629 2.44
1938 0.818193 -1.603087  2.421279 2.42
1939 0.818327 -1.581710  2.400037 2.40
1940 0.818432 -1.562612  2.381044 2.38
1941 0.818476 -1.547498  2.365974 2.37
1942 0.818443 -1.537163  2.355606 2.36
1943 0.818338 -1.531250  2.349588 2.35
1944 0.818189 -1.528337  2.346526 2.35
1945 0.818039 -1.526351  2.344390 2.34
1946 0.817931 -1.523195  2.341125 2.34
1947 0.817900 -1.517407  2.335307 2.34
1948 0.817965 -1.508684  2.326649 2.33
1949 0.818122 -1.498146  2.316268 2.32
1950 0.818339 -1.488255  2.306594 2.31
1951 0.818559 -1.482322  2.300881 2.30
1952 0.818713 -1.483630  2.302344 2.30
1953 0.818750 -1.494425  2.313175 2.31
1954 0.818661 -1.515158  2.333819 2.33
1955 0.818480 -1.544348  2.362828 2.36
1956 0.818261 -1.579072  2.397333 2.40
1957 0.818055 -1.615764  2.433819 2.43
1958 0.817891 -1.650979  2.468871 2.47
1959 0.817781 -1.681876  2.499657 2.50
1960 0.817722 -1.706422  2.524144 2.52
1961 0.817704 -1.723386  2.541090 2.54
1962 0.817714 -1.732212  2.549927 2.55
1963 0.817742 -1.732847  2.550589 2.55
1964 0.817779 -1.725579  2.543358 2.54
1965 0.817823 -1.710924  2.528747 2.53
1966 0.817878 -1.689594  2.507472 2.51
1967 0.817950 -1.662540  2.480490 2.48
1968 0.818047 -1.631043  2.449090 2.45
1969 0.818167 -1.596791  2.414959 2.41
1970 0.818302 -1.561857  2.380159 2.38
1971 0.818428 -1.528522  2.346950 2.35
1972 0.818519 -1.498936  2.317455 2.32
1973 0.818557 -1.474713  2.293270 2.29
1974 0.818540 -1.456654  2.275194 2.28
1975 0.818485 -1.444712  2.263197 2.26
1976 0.818416 -1.438222  2.256638 2.26
1977 0.818352 -1.436250  2.254602 2.25
1978 0.818302 -1.437890  2.256192 2.26
1979 0.818267 -1.442409  2.260675 2.26
1980 0.818240 -1.449262  2.267503 2.27
1981 0.818218 -1.458042  2.276260 2.28
1982 0.818195 -1.468397  2.286592 2.29
1983 0.818170 -1.479970  2.298140 2.30
1984 0.818142 -1.492361  2.310503 2.31
1985 0.818118 -1.505140  2.323258 2.32
1986 0.818103 -1.517918  2.336021 2.34
1987 0.818098 -1.530414  2.348513 2.35
1988 0.818096 -1.542460  2.360556 2.36
1989 0.818086 -1.553897  2.371983 2.37
1990 0.818063 -1.564443  2.382507 2.38
1991 0.818028 -1.573612  2.391640 2.39
1992 0.817987 -1.580735  2.398722 2.40
1993 0.817946 -1.585064  2.403009 2.40
1994 0.817907 -1.585863  2.403769 2.40
1995 0.817871 -1.582473  2.400345 2.40
1996 0.817842 -1.574343  2.392185 2.39
1997 0.817826 -1.561080  2.378906 2.38
1998 0.817833 -1.542557  2.360390 2.36
1999 0.817878 -1.519072  2.336950 2.34
