#Step   Etot   PotE Ktot  T
0 0.818295 -2.635669  3.453964 3.45
1 0.818276 -2.628280  3.446556 3.45
2 0.818243 -2.615711  3.433954 3.43
3 0.818196 -2.597583  3.415779 3.42
4 0.818135 -2.573358  3.391493 3.39
5 0.818059 -2.542348  3.360408 3.36
6 0.817972 -2.503723  3.321695 3.32
7 0.817876 -2.456549  3.274425 3.27
8 0.817780 -2.399859  3.217639 3.22
9 0.817697 -2.332781  3.150477 3.15
10 0.817646 -2.254742  3.072388 3.07
11 0.817654 -2.165763  2.983417 2.98
12 0.817748 -2.066821  2.884569 2.88
13 0.817944 -1.960209  2.778152 2.78
14 0.818236 -1.849733  2.667970 2.67
15 0.818585 -1.740559  2.559145 2.56
16 0.818920 -1.638555  2.457475 2.46
17 0.819167 -1.549232  2.368399 2.37
18 0.819281 -1.476642  2.295923 2.30
19 0.819263 -1.422713  2.241975 2.24
20 0.819151 -1.387250  2.206402 2.21
21 0.818995 -1.368495  2.187490 2.19
22 0.818830 -1.363838  2.182668 2.18
23 0.818674 -1.370397  2.189071 2.19
24 0.818530 -1.385337  2.203867 2.20
25 0.818396 -1.405975  2.224371 2.22
26 0.818269 -1.429792  2.248061 2.25
27 0.818144 -1.454405  2.272549 2.27
28 0.818020 -1.477545  2.295565 2.30
29 0.817898 -1.497061  2.314959 2.31
30 0.817782 -1.510954  2.328736 2.33
31 0.817681 -1.517457  2.335138 2.34
32 0.817611 -1.515186  2.332797 2.33
33 0.817597 -1.503396  2.320993 2.32
34 0.817672 -1.482354  2.300026 2.30
35 0.817862 -1.453778  2.271640 2.27
36 0.818156 -1.421132  2.239288 2.24
37 0.818485 -1.389379  2.207864 2.21
38 0.818720 -1.363854  2.182575 2.18
39 0.818746 -1.348385  2.167131 2.17
40 0.818542 -1.343632  2.162174 2.16
41 0.818206 -1.346827  2.165034 2.17
42 0.817880 -1.353137  2.171017 2.17
43 0.817673 -1.357735  2.175408 2.18
44 0.817633 -1.357463  2.175095 2.18
45 0.817753 -1.351608  2.169361 2.17
46 0.817989 -1.341863  2.159853 2.16
47 0.818267 -1.331663  2.149930 2.15
48 0.818500 -1.325061  2.143561 2.14
49 0.818626 -1.325454  2.144081 2.14
50 0.818635 -1.334647  2.153282 2.15
51 0.818562 -1.352643  2.171204 2.17
52 0.818456 -1.378120  2.196576 2.20
53 0.818350 -1.409133  2.227483 2.23
54 0.818251 -1.443603  2.261855 2.26
55 0.818157 -1.479495  2.297652 2.30
56 0.818066 -1.514822  2.332888 2.33
57 0.817986 -1.547680  2.365666 2.37
58 0.817927 -1.576372  2.394300 2.39
59 0.817899 -1.599583  2.417482 2.42
60 0.817904 -1.616504  2.434408 2.43
61 0.817939 -1.626887  2.444827 2.44
62 0.817999 -1.631004  2.449003 2.45
63 0.818074 -1.629549  2.447624 2.45
64 0.818156 -1.623511  2.441668 2.44
65 0.818237 -1.614031  2.432268 2.43
66 0.818310 -1.602270  2.420579 2.42
67 0.818368 -1.589293  2.407661 2.41
68 0.818410 -1.575984  2.394394 2.39
69 0.818436 -1.562995  2.381430 2.38
70 0.818447 -1.550742  2.369189 2.37
71 0.818447 -1.539433  2.357880 2.36
72 0.818439 -1.529112  2.347552 2.35
73 0.818428 -1.519723  2.338152 2.34
74 0.818417 -1.511161  2.329578 2.33
75 0.818407 -1.503320  2.321727 2.32
76 0.818402 -1.496137  2.314539 2.31
77 0.818404 -1.489626  2.308031 2.31
78 0.818415 -1.483913  2.302327 2.30
79 0.818433 -1.479247  2.297680 2.30
80 0.818454 -1.475991  2.294446 2.29
81 0.818472 -1.474546  2.293018 2.29
82 0.818476 -1.475233  2.293709 2.29
83 0.818458 -1.478149  2.296607 2.30
84 0.818417 -1.483056  2.301473 2.30
85 0.818360 -1.489370  2.307729 2.31
86 0.818297 -1.496247  2.314545 2.31
87 0.818241 -1.502759  2.320999 2.32
88 0.818198 -1.508055  2.326253 2.33
89 0.818172 -1.511492  2.329663 2.33
90 0.818158 -1.512667  2.330825 2.33
91 0.818153 -1.511392  2.329545 2.33
92 0.818151 -1.507625  2.325776 2.33
93 0.818150 -1.501400  2.319550 2.32
94 0.818149 -1.492789  2.310938 2.31
95 0.818154 -1.481909  2.300062 2.30
96 0.818171 -1.468988  2.287159 2.29
97 0.818207 -1.454464  2.272671 2.27
98 0.818267 -1.439071  2.257338 2.26
99 0.818349 -1.423893  2.242242 2.24
100 0.818443 -1.410317  2.228759 2.23
101 0.818533 -1.399882  2.218415 2.22
102 0.818600 -1.394040  2.212640 2.21
103 0.818628 -1.393867  2.212495 2.21
104 0.818608 -1.399817  2.218425 2.22
105 0.818542 -1.411593  2.230134 2.23
106 0.818443 -1.428183  2.246625 2.25
107 0.818329 -1.448053  2.266382 2.27
108 0.818221 -1.469431  2.287652 2.29
109 0.818133 -1.490599  2.308732 2.31
110 0.818076 -1.510138  2.328214 2.33
111 0.818056 -1.527091  2.345147 2.35
112 0.818074 -1.541062  2.359136 2.36
113 0.818129 -1.552242  2.370370 2.37
114 0.818213 -1.561375  2.379588 2.38
115 0.818312 -1.569640  2.387951 2.39
116 0.818407 -1.578422  2.396829 2.40
117 0.818477 -1.589024  2.407501 2.41
118 0.818509 -1.602366  2.420875 2.42
119 0.818503 -1.618790  2.437293 2.44
120 0.818468 -1.638045  2.456513 2.46
121 0.818419 -1.659425  2.477844 2.48
122 0.818371 -1.682002  2.500372 2.50
123 0.818333 -1.704846  2.523178 2.52
124 0.818308 -1.727175  2.545483 2.55
125 0.818296 -1.748417  2.566713 2.57
126 0.818291 -1.768197  2.586488 2.59
127 0.818288 -1.786282  2.604570 2.60
128 0.818283 -1.802503  2.620786 2.62
129 0.818272 -1.816688  2.634959 2.63
130 0.818252 -1.828600  2.646852 2.65
131 0.818223 -1.837911  2.656134 2.66
132 0.818187 -1.844196  2.662383 2.66
133 0.818148 -1.846961  2.665109 2.67
134 0.818109 -1.845691  2.663800 2.66
135 0.818077 -1.839917  2.657994 2.66
136 0.818054 -1.829290  2.647344 2.65
137 0.818045 -1.813637  2.631682 2.63
138 0.818050 -1.793015  2.611064 2.61
139 0.818068 -1.767719  2.585788 2.59
140 0.818098 -1.738274  2.556371 2.56
141 0.818134 -1.705384  2.523518 2.52
142 0.818174 -1.669882  2.488056 2.49
143 0.818216 -1.632669  2.450885 2.45
144 0.818257 -1.594675  2.412932 2.41
145 0.818297 -1.556829  2.375126 2.38
146 0.818338 -1.520055  2.338393 2.34
147 0.818380 -1.485274  2.303654 2.30
148 0.818421 -1.453403  2.271824 2.27
149 0.818460 -1.425335  2.243795 2.24
150 0.818492 -1.401889  2.220382 2.22
151 0.818512 -1.383741  2.202253 2.20
152 0.818517 -1.371344  2.189861 2.19
153 0.818509 -1.364892  2.183401 2.18
154 0.818491 -1.364328  2.182819 2.18
155 0.818465 -1.369385  2.187850 2.19
156 0.818430 -1.379620  2.198050 2.20
157 0.818386 -1.394420  2.212806 2.21
158 0.818331 -1.412987  2.231318 2.23
159 0.818265 -1.434324  2.252588 2.25
160 0.818193 -1.457265  2.275458 2.28
161 0.818124 -1.480564  2.298688 2.30
162 0.818063 -1.503005  2.321068 2.32
163 0.818016 -1.523517  2.341533 2.34
164 0.817983 -1.541252  2.359235 2.36
165 0.817961 -1.555597  2.373558 2.37
166 0.817943 -1.566140  2.384084 2.38
167 0.817926 -1.572594  2.390520 2.39
168 0.817906 -1.574729  2.392635 2.39
169 0.817886 -1.572348  2.390234 2.39
170 0.817872 -1.565315  2.383186 2.38
171 0.817874 -1.553658  2.371532 2.37
172 0.817908 -1.537731  2.355638 2.36
173 0.817988 -1.518415  2.336403 2.34
174 0.818125 -1.497322  2.315447 2.32
175 0.818306 -1.476876  2.295182 2.30
176 0.818495 -1.460106  2.278601 2.28
177 0.818630 -1.450040  2.268670 2.27
178 0.818658 -1.448801  2.267459 2.27
179 0.818567 -1.456834  2.275401 2.28
180 0.818392 -1.472726  2.291118 2.29
181 0.818194 -1.493735  2.311929 2.31
182 0.818016 -1.516648  2.334663 2.33
183 0.817878 -1.538484  2.356362 2.36
184 0.817779 -1.556842  2.374620 2.37
185 0.817711 -1.569943  2.387654 2.39
186 0.817673 -1.576579  2.394252 2.39
187 0.817664 -1.576076  2.393740 2.39
188 0.817695 -1.568338  2.386033 2.39
189 0.817779 -1.553973  2.371753 2.37
190 0.817930 -1.534476  2.352406 2.35
191 0.818144 -1.512371  2.330515 2.33
192 0.818391 -1.491115  2.309506 2.31
193 0.818601 -1.474545  2.293146 2.29
194 0.818701 -1.465856  2.284558 2.28
195 0.818661 -1.466532  2.285192 2.29
196 0.818513 -1.475888  2.294401 2.29
197 0.818333 -1.491558  2.309891 2.31
198 0.818184 -1.510562  2.328746 2.33
199 0.818094 -1.530279  2.348372 2.35
200 0.818054 -1.548902  2.366955 2.37
201 0.818040 -1.565386  2.383426 2.38
202 0.818028 -1.579138  2.397167 2.40
203 0.818004 -1.589690  2.407694 2.41
204 0.817963 -1.596486  2.414449 2.41
205 0.817912 -1.598826  2.416738 2.42
206 0.817864 -1.595958  2.413822 2.41
207 0.817838 -1.587271  2.405109 2.41
208 0.817847 -1.572536  2.390383 2.39
209 0.817901 -1.552115  2.370017 2.37
210 0.817995 -1.527070  2.345065 2.35
211 0.818110 -1.499067  2.317177 2.32
212 0.818219 -1.470088  2.288308 2.29
213 0.818298 -1.442023  2.260321 2.26
214 0.818335 -1.416300  2.234635 2.23
215 0.818336 -1.393720  2.212056 2.21
216 0.818317 -1.374521  2.192838 2.19
217 0.818292 -1.358582  2.176873 2.18
218 0.818269 -1.345633  2.163903 2.16
219 0.818254 -1.335406  2.153661 2.15
220 0.818248 -1.327702  2.145950 2.15
221 0.818250 -1.322420  2.140670 2.14
222 0.818259 -1.319567  2.137826 2.14
223 0.818272 -1.319243  2.137515 2.14
224 0.818280 -1.321576  2.139856 2.14
225 0.818273 -1.326605  2.144878 2.14
226 0.818244 -1.334129  2.152373 2.15
227 0.818195 -1.343618  2.161813 2.16
228 0.818138 -1.354243  2.172381 2.17
229 0.818089 -1.365055  2.183144 2.18
230 0.818061 -1.375213  2.193274 2.19
231 0.818058 -1.384172  2.202230 2.20
232 0.818077 -1.391757  2.209834 2.21
233 0.818111 -1.398127  2.216238 2.22
234 0.818151 -1.403662  2.221814 2.22
235 0.818190 -1.408841  2.227031 2.23
236 0.818224 -1.414129  2.232353 2.23
237 0.818253 -1.419925  2.238178 2.24
238 0.818277 -1.426548  2.244825 2.24
239 0.818297 -1.434241  2.252538 2.25
240 0.818311 -1.443181  2.261492 2.26
241 0.818314 -1.453442  2.271755 2.27
242 0.818301 -1.464935  2.283236 2.28
243 0.818271 -1.477348  2.295619 2.30
244 0.818228 -1.490128  2.308356 2.31
245 0.818181 -1.502545  2.320726 2.32
246 0.818143 -1.513831  2.331975 2.33
247 0.818127 -1.523371  2.341498 2.34
248 0.818137 -1.530864  2.349001 2.35
249 0.818171 -1.536414  2.354585 2.35
250 0.818218 -1.540481  2.358699 2.36
251 0.818261 -1.543719  2.361980 2.36
252 0.818287 -1.546742  2.365029 2.37
253 0.818286 -1.549907  2.368193 2.37
254 0.818260 -1.553195  2.371455 2.37
255 0.818220 -1.556233  2.374453 2.37
256 0.818182 -1.558446  2.376627 2.38
257 0.818159 -1.559280  2.377439 2.38
258 0.818161 -1.558418  2.376579 2.38
259 0.818190 -1.555911  2.374101 2.37
260 0.818238 -1.552200  2.370439 2.37
261 0.818293 -1.548011  2.366304 2.37
262 0.818340 -1.544167  2.362508 2.36
263 0.818368 -1.541382  2.359750 2.36
264 0.818371 -1.540083  2.358453 2.36
265 0.818347 -1.540318  2.358666 2.36
266 0.818303 -1.541756  2.360058 2.36
267 0.818245 -1.543747  2.361993 2.36
268 0.818184 -1.545456  2.363640 2.36
269 0.818128 -1.545993  2.364122 2.36
270 0.818086 -1.544566  2.362652 2.36
271 0.818064 -1.540602  2.358666 2.36
272 0.818068 -1.533862  2.351931 2.35
273 0.818104 -1.524530  2.342634 2.34
274 0.818169 -1.513259  2.331428 2.33
275 0.818254 -1.501144  2.319398 2.32
276 0.818341 -1.489571  2.307913 2.31
277 0.818405 -1.479928  2.298333 2.30
278 0.818425 -1.473225  2.291650 2.29
279 0.818393 -1.469793  2.288186 2.29
280 0.818325 -1.469190  2.287515 2.29
281 0.818244 -1.470399  2.288644 2.29
282 0.818178 -1.472200  2.290378 2.29
283 0.818141 -1.473547  2.291688 2.29
284 0.818137 -1.473819  2.291956 2.29
285 0.818162 -1.472887  2.291049 2.29
286 0.818205 -1.471059  2.289264 2.29
287 0.818257 -1.468938  2.287195 2.29
288 0.818306 -1.467267  2.285574 2.29
289 0.818345 -1.466771  2.285117 2.29
290 0.818368 -1.468022  2.286390 2.29
291 0.818369 -1.471337  2.289706 2.29
292 0.818351 -1.476722  2.295073 2.30
293 0.818317 -1.483876  2.302193 2.30
294 0.818274 -1.492250  2.310524 2.31
295 0.818231 -1.501146  2.319377 2.32
296 0.818192 -1.509832  2.328024 2.33
297 0.818162 -1.517636  2.335798 2.34
298 0.818143 -1.524011  2.342154 2.34
299 0.818133 -1.528563  2.346696 2.35
300 0.818133 -1.531048  2.349181 2.35
301 0.818140 -1.531365  2.349504 2.35
302 0.818153 -1.529533  2.347686 2.35
303 0.818171 -1.525681  2.343852 2.34
304 0.818193 -1.520022  2.338215 2.34
305 0.818216 -1.512837  2.331053 2.33
306 0.818238 -1.504444  2.322683 2.32
307 0.818260 -1.495178  2.313438 2.31
308 0.818281 -1.485371  2.303652 2.30
309 0.818302 -1.475359  2.293661 2.29
310 0.818324 -1.465487  2.283810 2.28
311 0.818348 -1.456129  2.274477 2.27
312 0.818374 -1.447700  2.266075 2.27
313 0.818402 -1.440649  2.259051 2.26
314 0.818427 -1.435435  2.253863 2.25
315 0.818448 -1.432484  2.250933 2.25
316 0.818462 -1.432138  2.250599 2.25
317 0.818464 -1.434599  2.253062 2.25
318 0.818453 -1.439884  2.258336 2.26
319 0.818427 -1.447788  2.266215 2.27
320 0.818388 -1.457874  2.276262 2.28
321 0.818339 -1.469492  2.287831 2.29
322 0.818284 -1.481835  2.300119 2.30
323 0.818228 -1.494007  2.312235 2.31
324 0.818174 -1.505105  2.323279 2.32
325 0.818124 -1.514283  2.332407 2.33
326 0.818081 -1.520796  2.338877 2.34
327 0.818045 -1.524042  2.342088 2.34
328 0.818022 -1.523600  2.341622 2.34
329 0.818019 -1.519302  2.337321 2.34
330 0.818047 -1.511358  2.329405 2.33
331 0.818119 -1.500514  2.318632 2.32
332 0.818239 -1.488204  2.306442 2.31
333 0.818389 -1.476564  2.294953 2.29
334 0.818528 -1.468128  2.286655 2.29
335 0.818597 -1.465162  2.283760 2.28
336 0.818564 -1.468843  2.287407 2.29
337 0.818438 -1.478741  2.297179 2.30
338 0.818274 -1.492992  2.311266 2.31
339 0.818131 -1.509063  2.327194 2.33
340 0.818048 -1.524643  2.342691 2.34
341 0.818029 -1.538227  2.356256 2.36
342 0.818057 -1.549240  2.367297 2.37
343 0.818110 -1.557835  2.375945 2.38
344 0.818165 -1.564569  2.382734 2.38
345 0.818209 -1.570097  2.388306 2.39
346 0.818230 -1.574939  2.393170 2.39
347 0.818226 -1.579339  2.397565 2.40
348 0.818197 -1.583194  2.401390 2.40
349 0.818147 -1.586061  2.404207 2.40
350 0.818085 -1.587229  2.405314 2.41
351 0.818026 -1.585862  2.403888 2.40
352 0.817983 -1.581193  2.399176 2.40
353 0.817974 -1.572754  2.390728 2.39
354 0.818011 -1.560613  2.378624 2.38
355 0.818102 -1.545563  2.363665 2.36
356 0.818242 -1.529210  2.347452 2.35
357 0.818408 -1.513867  2.332274 2.33
358 0.818559 -1.502179  2.320738 2.32
359 0.818651 -1.496518  2.315169 2.32
360 0.818654 -1.498314  2.316968 2.32
361 0.818570 -1.507625  2.326195 2.33
362 0.818432 -1.523168  2.341601 2.34
363 0.818283 -1.542781  2.361063 2.36
364 0.818156 -1.564051  2.382207 2.38
365 0.818069 -1.584852  2.402921 2.40
366 0.818021 -1.603607  2.421628 2.42
367 0.818001 -1.619313  2.437315 2.44
368 0.817998 -1.631414  2.449411 2.45
369 0.818000 -1.639627  2.457628 2.46
370 0.818006 -1.643820  2.461826 2.46
371 0.818015 -1.643946  2.461961 2.46
372 0.818031 -1.640060  2.458091 2.46
373 0.818058 -1.632366  2.450424 2.45
374 0.818097 -1.621265  2.439362 2.44
375 0.818144 -1.607362  2.425506 2.43
376 0.818194 -1.591424  2.409619 2.41
377 0.818243 -1.574301  2.392543 2.39
378 0.818285 -1.556839  2.375124 2.38
379 0.818322 -1.539830  2.358153 2.36
380 0.818358 -1.524002  2.342360 2.34
381 0.818396 -1.510061  2.328457 2.33
382 0.818440 -1.498749  2.317189 2.32
383 0.818490 -1.490877  2.309367 2.31
384 0.818538 -1.487302  2.305840 2.31
385 0.818576 -1.488824  2.307399 2.31
386 0.818591 -1.496036  2.314627 2.31
387 0.818576 -1.509161  2.327737 2.33
388 0.818529 -1.527931  2.346460 2.35
389 0.818452 -1.551551  2.370003 2.37
390 0.818354 -1.578751  2.397105 2.40
391 0.818245 -1.607908  2.426153 2.43
392 0.818135 -1.637204  2.455339 2.46
393 0.818033 -1.664798  2.482831 2.48
394 0.817950 -1.688985  2.506935 2.51
395 0.817892 -1.708349  2.526241 2.53
396 0.817864 -1.721878  2.539742 2.54
397 0.817866 -1.729043  2.546909 2.55
398 0.817895 -1.729812  2.547708 2.55
399 0.817945 -1.724615  2.542560 2.54
400 0.818004 -1.714231  2.532235 2.53
401 0.818059 -1.699629  2.517688 2.52
402 0.818095 -1.681764  2.499859 2.50
403 0.818102 -1.661359  2.479462 2.48
404 0.818075 -1.638748  2.456823 2.46
405 0.818018 -1.613800  2.431818 2.43
406 0.817945 -1.585998  2.403943 2.40
407 0.817879 -1.554648  2.372527 2.37
408 0.817842 -1.519191  2.337033 2.34
409 0.817855 -1.479547  2.297402 2.30
410 0.817930 -1.436406  2.254336 2.25
411 0.818069 -1.391399  2.209468 2.21
412 0.818259 -1.347098  2.165357 2.17
413 0.818473 -1.306800  2.125273 2.13
414 0.818674 -1.274097  2.092771 2.09
415 0.818820 -1.252289  2.071109 2.07
416 0.818880 -1.243757  2.062637 2.06
417 0.818840 -1.249479  2.068319 2.07
418 0.818707 -1.268814  2.087521 2.09
419 0.818503 -1.299596  2.118098 2.12
420 0.818258 -1.338468  2.156725 2.16
421 0.818007 -1.381367  2.199374 2.20
422 0.817782 -1.424065  2.241847 2.24
423 0.817608 -1.462682  2.280290 2.28
424 0.817497 -1.494094  2.311592 2.31
425 0.817451 -1.516163  2.333614 2.33
426 0.817462 -1.527782  2.345244 2.35
427 0.817519 -1.528789  2.346309 2.35
428 0.817612 -1.519817  2.337429 2.34
429 0.817732 -1.502135  2.319867 2.32
430 0.817874 -1.477525  2.295399 2.30
431 0.818031 -1.448165  2.266196 2.27
