#Step   Etot   PotE Ktot  T
0 0.818303 -2.635729  3.454032 3.45
1 0.818293 -2.628582  3.446875 3.45
2 0.818272 -2.616552  3.434824 3.43
3 0.818241 -2.599406  3.417647 3.42
4 0.818200 -2.576794  3.394994 3.39
5 0.818148 -2.548254  3.366402 3.37
6 0.818087 -2.513220  3.331307 3.33
7 0.818020 -2.471049  3.289070 3.29
8 0.817953 -2.421069  3.239022 3.24
9 0.817893 -2.362663  3.180555 3.18
10 0.817854 -2.295403  3.113257 3.11
11 0.817853 -2.219250  3.037104 3.04
12 0.817909 -2.134796  2.952704 2.95
13 0.818030 -2.043492  2.861522 2.86
14 0.818210 -1.947764  2.765974 2.77
15 0.818417 -1.850854  2.669272 2.67
16 0.818607 -1.756340  2.574948 2.57
17 0.818741 -1.667454  2.486195 2.49
18 0.818808 -1.586508  2.405315 2.41
19 0.818825 -1.514727  2.333553 2.33
20 0.818824 -1.452506  2.271330 2.27
21 0.818824 -1.399832  2.218656 2.22
22 0.818827 -1.356593  2.175420 2.18
23 0.818825 -1.322652  2.141476 2.14
24 0.818807 -1.297748  2.116555 2.12
25 0.818769 -1.281381  2.100150 2.10
26 0.818713 -1.272750  2.091463 2.09
27 0.818645 -1.270785  2.089430 2.09
28 0.818573 -1.274244  2.092817 2.09
29 0.818503 -1.281829  2.100333 2.10
30 0.818442 -1.292294  2.110736 2.11
31 0.818389 -1.304516  2.122905 2.12
32 0.818345 -1.317526  2.135871 2.14
33 0.818308 -1.330503  2.148811 2.15
34 0.818277 -1.342756  2.161032 2.16
35 0.818250 -1.353702  2.171952 2.17
36 0.818230 -1.362867  2.181097 2.18
37 0.818218 -1.369899  2.188118 2.19
38 0.818218 -1.374605  2.192823 2.19
39 0.818231 -1.376982  2.195213 2.20
40 0.818258 -1.377251  2.195509 2.20
41 0.818299 -1.375865  2.194164 2.19
42 0.818351 -1.373498  2.191849 2.19
43 0.818409 -1.370997  2.189406 2.19
44 0.818466 -1.369307  2.187774 2.19
45 0.818514 -1.369360  2.187874 2.19
46 0.818544 -1.371939  2.190483 2.19
47 0.818548 -1.377550  2.196098 2.20
48 0.818526 -1.386317  2.204843 2.20
49 0.818480 -1.397958  2.216438 2.22
50 0.818419 -1.411826  2.230245 2.23
51 0.818355 -1.427051  2.245406 2.25
52 0.818301 -1.442708  2.261009 2.26
53 0.818265 -1.458005  2.276270 2.28
54 0.818251 -1.472414  2.290664 2.29
55 0.818257 -1.485727  2.303984 2.30
56 0.818277 -1.498042  2.316319 2.32
57 0.818302 -1.509666  2.327968 2.33
58 0.818323 -1.520986  2.339308 2.34
59 0.818328 -1.532312  2.350640 2.35
60 0.818311 -1.543729  2.362040 2.36
61 0.818269 -1.554987  2.373257 2.37
62 0.818208 -1.565472  2.383680 2.38
63 0.818138 -1.574276  2.392415 2.39
64 0.818076 -1.580374  2.398450 2.40
65 0.818033 -1.582839  2.400872 2.40
66 0.818021 -1.581060  2.399081 2.40
67 0.818044 -1.574888  2.392932 2.39
68 0.818101 -1.564708  2.382810 2.38
69 0.818187 -1.551430  2.369617 2.37
70 0.818293 -1.536401  2.354694 2.35
71 0.818407 -1.521275  2.339682 2.34
72 0.818515 -1.507823  2.326338 2.33
73 0.818601 -1.497712  2.316313 2.32
74 0.818653 -1.492269  2.310922 2.31
75 0.818664 -1.492297  2.310962 2.31
76 0.818636 -1.497967  2.316603 2.32
77 0.818576 -1.508832  2.327408 2.33
78 0.818498 -1.523954  2.342451 2.34
79 0.818416 -1.542101  2.360517 2.36
80 0.818342 -1.561961  2.380302 2.38
81 0.818281 -1.582306  2.400587 2.40
82 0.818235 -1.602102  2.420337 2.42
83 0.818202 -1.620536  2.438738 2.44
84 0.818179 -1.637001  2.455179 2.46
85 0.818159 -1.651037  2.469196 2.47
86 0.818139 -1.662268  2.480407 2.48
87 0.818115 -1.670333  2.488447 2.49
88 0.818087 -1.674850  2.492937 2.49
89 0.818059 -1.675420  2.493479 2.49
90 0.818037 -1.671680  2.489718 2.49
91 0.818028 -1.663390  2.481418 2.48
92 0.818037 -1.650534  2.468570 2.47
93 0.818063 -1.633386  2.451448 2.45
94 0.818102 -1.612512  2.430614 2.43
95 0.818147 -1.588699  2.406846 2.41
96 0.818189 -1.562835  2.381025 2.38
97 0.818227 -1.535796  2.354023 2.35
98 0.818260 -1.508391  2.326651 2.33
99 0.818292 -1.481367  2.299659 2.30
100 0.818321 -1.455431  2.273752 2.27
101 0.818343 -1.431231  2.249574 2.25
102 0.818352 -1.409277  2.227628 2.23
103 0.818343 -1.389849  2.208191 2.21
104 0.818321 -1.372954  2.191274 2.19
105 0.818294 -1.358383  2.176677 2.18
106 0.818275 -1.345845  2.164120 2.16
107 0.818268 -1.335124  2.153392 2.15
108 0.818274 -1.326174  2.144449 2.14
109 0.818286 -1.319123  2.137409 2.14
110 0.818290 -1.314156  2.132447 2.13
111 0.818275 -1.311345  2.129621 2.13
112 0.818235 -1.310475  2.128710 2.13
113 0.818172 -1.310962  2.129135 2.13
114 0.818101 -1.311916  2.130017 2.13
115 0.818038 -1.312328  2.130366 2.13
116 0.818001 -1.311340  2.129341 2.13
117 0.817999 -1.308486  2.126484 2.13
118 0.818030 -1.303828  2.121857 2.12
119 0.818084 -1.297938  2.116022 2.12
120 0.818144 -1.291742  2.109886 2.11
121 0.818196 -1.286275  2.104472 2.10
122 0.818231 -1.282452  2.100683 2.10
123 0.818251 -1.280932  2.099183 2.10
124 0.818266 -1.282143  2.100409 2.10
125 0.818290 -1.286417  2.104707 2.10
126 0.818330 -1.294167  2.112497 2.11
127 0.818383 -1.305986  2.124369 2.12
128 0.818435 -1.322589  2.141024 2.14
129 0.818465 -1.344604  2.163069 2.16
130 0.818455 -1.372273  2.190728 2.19
131 0.818397 -1.405206  2.223602 2.22
132 0.818296 -1.442265  2.260561 2.26
133 0.818170 -1.481667  2.299837 2.30
134 0.818041 -1.521245  2.339286 2.34
135 0.817927 -1.558776  2.376702 2.38
136 0.817837 -1.592260  2.410097 2.41
137 0.817776 -1.620096  2.437872 2.44
138 0.817741 -1.641141  2.458882 2.46
139 0.817731 -1.654708  2.472439 2.47
140 0.817744 -1.660544  2.478288 2.48
141 0.817781 -1.658819  2.476600 2.48
142 0.817844 -1.650133  2.467978 2.47
143 0.817934 -1.635536  2.453470 2.45
144 0.818048 -1.616519  2.434567 2.43
145 0.818180 -1.594972  2.413152 2.41
146 0.818318 -1.573064  2.391382 2.39
147 0.818446 -1.553048  2.371494 2.37
148 0.818545 -1.537006  2.355551 2.36
149 0.818600 -1.526573  2.345173 2.35
150 0.818600 -1.522681  2.341281 2.34
151 0.818539 -1.525393  2.343932 2.34
152 0.818425 -1.533841  2.352266 2.35
153 0.818272 -1.546323  2.364596 2.36
154 0.818105 -1.560548  2.378653 2.38
155 0.817949 -1.573988  2.391937 2.39
156 0.817829 -1.584286  2.402115 2.40
157 0.817764 -1.589641  2.407405 2.41
158 0.817761 -1.589083  2.406844 2.41
159 0.817813 -1.582592  2.400405 2.40
160 0.817901 -1.570999  2.388900 2.39
161 0.817993 -1.555686  2.373679 2.37
162 0.818060 -1.538142  2.356201 2.36
163 0.818084 -1.519526  2.337610 2.34
164 0.818067 -1.500418  2.318485 2.32
165 0.818026 -1.480832  2.298858 2.30
166 0.817987 -1.460471  2.278459 2.28
167 0.817981 -1.439119  2.257100 2.26
168 0.818032 -1.417064  2.235097 2.24
169 0.818156 -1.395475  2.213631 2.21
170 0.818337 -1.376549  2.194886 2.19
171 0.818520 -1.363225  2.181746 2.18
172 0.818634 -1.358354  2.176988 2.18
173 0.818631 -1.363634  2.182265 2.18
174 0.818523 -1.378938  2.197461 2.20
175 0.818364 -1.402460  2.220823 2.22
176 0.818208 -1.431493  2.249701 2.25
177 0.818085 -1.463255  2.281340 2.28
178 0.817998 -1.495361  2.313359 2.31
179 0.817942 -1.525951  2.343894 2.34
180 0.817911 -1.553659  2.371570 2.37
181 0.817895 -1.577536  2.395431 2.40
182 0.817886 -1.596950  2.414836 2.41
183 0.817872 -1.611447  2.429319 2.43
184 0.817845 -1.620600  2.438445 2.44
185 0.817801 -1.623892  2.441692 2.44
186 0.817743 -1.620678  2.438422 2.44
187 0.817685 -1.610256  2.427941 2.43
188 0.817649 -1.592057  2.409706 2.41
189 0.817665 -1.565979  2.383644 2.38
190 0.817768 -1.532826  2.350594 2.35
191 0.817978 -1.494762  2.312739 2.31
192 0.818276 -1.455527  2.273802 2.27
193 0.818589 -1.420071  2.238660 2.24
194 0.818812 -1.393419  2.212231 2.21
195 0.818864 -1.379103  2.197967 2.20
196 0.818745 -1.378014  2.196759 2.20
197 0.818524 -1.388373  2.206896 2.21
198 0.818282 -1.406708  2.224990 2.22
199 0.818074 -1.429086  2.247159 2.25
200 0.817917 -1.451963  2.269880 2.27
201 0.817812 -1.472548  2.290360 2.29
202 0.817754 -1.488863  2.306617 2.31
203 0.817743 -1.499721  2.317464 2.32
204 0.817775 -1.504708  2.322483 2.32
205 0.817849 -1.504157  2.322006 2.32
206 0.817955 -1.499082  2.317037 2.32
207 0.818077 -1.491030  2.309107 2.31
208 0.818194 -1.481822  2.300016 2.30
209 0.818289 -1.473244  2.291534 2.29
210 0.818349 -1.466755  2.285104 2.29
211 0.818372 -1.463286  2.281658 2.28
212 0.818360 -1.463191  2.281551 2.28
213 0.818324 -1.466291  2.284614 2.28
214 0.818271 -1.471995  2.290266 2.29
215 0.818214 -1.479448  2.297662 2.30
216 0.818163 -1.487701  2.305864 2.31
217 0.818124 -1.495873  2.313997 2.31
218 0.818100 -1.503268  2.321369 2.32
219 0.818089 -1.509426  2.327516 2.33
220 0.818085 -1.514089  2.332174 2.33
221 0.818084 -1.517132  2.335215 2.34
222 0.818082 -1.518500  2.336582 2.34
223 0.818081 -1.518172  2.336253 2.34
224 0.818081 -1.516160  2.334241 2.33
225 0.818081 -1.512512  2.330593 2.33
226 0.818078 -1.507294  2.325371 2.33
227 0.818066 -1.500537  2.318604 2.32
228 0.818043 -1.492177  2.310220 2.31
229 0.818011 -1.482012  2.300023 2.30
230 0.817978 -1.469748  2.287726 2.29
231 0.817959 -1.455123  2.273082 2.27
232 0.817974 -1.438144  2.256119 2.26
233 0.818043 -1.419368  2.237411 2.24
234 0.818174 -1.400164  2.218338 2.22
235 0.818353 -1.382803  2.201156 2.20
236 0.818537 -1.370196  2.188733 2.19
237 0.818663 -1.365221  2.183885 2.18
238 0.818683 -1.369807  2.188490 2.19
239 0.818588 -1.384224  2.202812 2.20
240 0.818412 -1.406957  2.225370 2.23
241 0.818206 -1.435196  2.253403 2.25
242 0.818011 -1.465591  2.283603 2.28
243 0.817848 -1.494894  2.312742 2.31
244 0.817723 -1.520318  2.338041 2.34
245 0.817638 -1.539691  2.357329 2.36
246 0.817598 -1.551518  2.369116 2.37
247 0.817608 -1.555057  2.372665 2.37
248 0.817674 -1.550401  2.368075 2.37
249 0.817793 -1.538538  2.356331 2.36
250 0.817955 -1.521308  2.339264 2.34
251 0.818140 -1.501233  2.319373 2.32
252 0.818319 -1.481178  2.299498 2.30
253 0.818463 -1.463922  2.282385 2.28
254 0.818550 -1.451702  2.270252 2.27
255 0.818569 -1.445873  2.264442 2.26
256 0.818526 -1.446745  2.265271 2.27
257 0.818438 -1.453656  2.272093 2.27
258 0.818328 -1.465208  2.283536 2.28
259 0.818218 -1.479622  2.297840 2.30
260 0.818124 -1.495074  2.313198 2.31
261 0.818055 -1.509957  2.328012 2.33
262 0.818010 -1.523023  2.341033 2.34
263 0.817986 -1.533401  2.351387 2.35
264 0.817977 -1.540555  2.358532 2.36
265 0.817980 -1.544223  2.362202 2.36
266 0.817995 -1.544371  2.362366 2.36
267 0.818028 -1.541211  2.359239 2.36
268 0.818080 -1.535235  2.353315 2.35
269 0.818151 -1.527253  2.345404 2.35
270 0.818237 -1.518376  2.336613 2.34
271 0.818325 -1.509926  2.328251 2.33
272 0.818399 -1.503246  2.321645 2.32
273 0.818443 -1.499464  2.317907 2.32
274 0.818446 -1.499248  2.317694 2.32
275 0.818404 -1.502643  2.321047 2.32
276 0.818324 -1.509027  2.327350 2.33
277 0.818217 -1.517197  2.335415 2.34
278 0.818101 -1.525567  2.343669 2.34
279 0.817989 -1.532401  2.350391 2.35
280 0.817892 -1.536038  2.353931 2.35
281 0.817820 -1.535071  2.352891 2.35
282 0.817777 -1.528483  2.346259 2.35
283 0.817768 -1.515741  2.333509 2.33
284 0.817798 -1.496878  2.314676 2.31
285 0.817868 -1.472536  2.290404 2.29
286 0.817972 -1.443977  2.261950 2.26
287 0.818102 -1.413002  2.231105 2.23
288 0.818241 -1.381781  2.200022 2.20
289 0.818369 -1.352593  2.170962 2.17
290 0.818468 -1.327527  2.145995 2.15
291 0.818525 -1.308192  2.126717 2.13
292 0.818535 -1.295518  2.114053 2.11
293 0.818503 -1.289677  2.108179 2.11
294 0.818442 -1.290156  2.108598 2.11
295 0.818370 -1.295959  2.114329 2.11
296 0.818302 -1.305872  2.124174 2.12
297 0.818249 -1.318702  2.136951 2.14
298 0.818214 -1.333445  2.151659 2.15
299 0.818196 -1.349366  2.167562 2.17
300 0.818194 -1.365996  2.184190 2.18
301 0.818201 -1.383106  2.201307 2.20
302 0.818215 -1.400643  2.218858 2.22
303 0.818229 -1.418662  2.236891 2.24
304 0.818239 -1.437248  2.255487 2.26
305 0.818239 -1.456433  2.274671 2.27
306 0.818226 -1.476120  2.294345 2.29
307 0.818196 -1.496023  2.314219 2.31
308 0.818150 -1.515625  2.333775 2.33
309 0.818088 -1.534164  2.352252 2.35
310 0.818017 -1.550671  2.368687 2.37
311 0.817943 -1.564046  2.381989 2.38
312 0.817878 -1.573190  2.391068 2.39
313 0.817830 -1.577154  2.394984 2.39
314 0.817808 -1.575291  2.393099 2.39
315 0.817819 -1.567382  2.385200 2.39
316 0.817866 -1.553732  2.371597 2.37
317 0.817950 -1.535221  2.353171 2.35
318 0.818068 -1.513310  2.331377 2.33
319 0.818209 -1.489972  2.308182 2.31
320 0.818357 -1.467533  2.285891 2.29
321 0.818488 -1.448388  2.266877 2.27
322 0.818579 -1.434647  2.253226 2.25
323 0.818613 -1.427782  2.246395 2.25
324 0.818591 -1.428399  2.246990 2.25
325 0.818525 -1.436218  2.254743 2.25
326 0.818435 -1.450246  2.268681 2.27
327 0.818341 -1.469078  2.287419 2.29
328 0.818258 -1.491194  2.309453 2.31
329 0.818193 -1.515193  2.333386 2.33
330 0.818144 -1.539897  2.358041 2.36
331 0.818104 -1.564351  2.382455 2.38
332 0.818063 -1.587737  2.405799 2.41
333 0.818014 -1.609246  2.427261 2.43
334 0.817954 -1.627994  2.445949 2.45
335 0.817884 -1.642975  2.460859 2.46
336 0.817808 -1.653090  2.470898 2.47
337 0.817733 -1.657221  2.474954 2.47
338 0.817669 -1.654346  2.472015 2.47
339 0.817628 -1.643692  2.461320 2.46
340 0.817627 -1.624936  2.442563 2.44
341 0.817681 -1.598441  2.416122 2.42
342 0.817798 -1.565461  2.383259 2.38
343 0.817967 -1.528211  2.346178 2.35
344 0.818158 -1.489680  2.307838 2.31
345 0.818327 -1.453151  2.271478 2.27
346 0.818436 -1.421538  2.239973 2.24
347 0.818474 -1.396819  2.215293 2.22
348 0.818467 -1.379876  2.198343 2.20
349 0.818453 -1.370808  2.189261 2.19
350 0.818461 -1.369478  2.187939 2.19
351 0.818492 -1.375925  2.194417 2.19
352 0.818524 -1.390385  2.208909 2.21
353 0.818529 -1.413008  2.231537 2.23
354 0.818490 -1.443486  2.261976 2.26
355 0.818403 -1.480808  2.299211 2.30
356 0.818277 -1.523230  2.341507 2.34
357 0.818128 -1.568412  2.386540 2.39
358 0.817975 -1.613674  2.431649 2.43
359 0.817840 -1.656311  2.474151 2.47
360 0.817741 -1.693923  2.511664 2.51
361 0.817692 -1.724698  2.542390 2.54
362 0.817697 -1.747621  2.565318 2.57
363 0.817756 -1.762557  2.580313 2.58
364 0.817855 -1.770211  2.588067 2.59
365 0.817977 -1.771953  2.589930 2.59
366 0.818097 -1.769522  2.587619 2.59
367 0.818192 -1.764668  2.582860 2.58
368 0.818245 -1.758803  2.577048 2.58
369 0.818252 -1.752748  2.571000 2.57
370 0.818220 -1.746667  2.564886 2.56
371 0.818165 -1.740167  2.558332 2.56
372 0.818109 -1.732546  2.550655 2.55
373 0.818071 -1.723095  2.541166 2.54
374 0.818066 -1.711396  2.529462 2.53
375 0.818105 -1.697557  2.515662 2.52
376 0.818183 -1.682336  2.500519 2.50
377 0.818282 -1.667075  2.485357 2.49
378 0.818369 -1.653401  2.471770 2.47
379 0.818408 -1.642737  2.461145 2.46
380 0.818379 -1.635771  2.454150 2.45
381 0.818293 -1.632183  2.450475 2.45
382 0.818180 -1.630768  2.448949 2.45
383 0.818080 -1.629904  2.447984 2.45
384 0.818016 -1.628099  2.446115 2.45
385 0.817996 -1.624370  2.442366 2.44
386 0.818010 -1.618360  2.436370 2.44
387 0.818040 -1.610211  2.428251 2.43
388 0.818068 -1.600323  2.418391 2.42
389 0.818081 -1.589094  2.407174 2.41
390 0.818073 -1.576735  2.394808 2.39
391 0.818047 -1.563203  2.381250 2.38
392 0.818009 -1.548230  2.366239 2.37
393 0.817971 -1.531447  2.349418 2.35
394 0.817948 -1.512559  2.330508 2.33
395 0.817963 -1.491592  2.309555 2.31
396 0.818043 -1.469217  2.287259 2.29
397 0.818207 -1.447118  2.265325 2.27
398 0.818443 -1.428210  2.246653 2.25
399 0.818688 -1.416364  2.235053 2.24
400 0.818838 -1.415400  2.234238 2.23
401 0.818810 -1.427561  2.246371 2.25
402 0.818609 -1.452355  2.270964 2.27
403 0.818321 -1.486607  2.304928 2.30
404 0.818052 -1.525701  2.343753 2.34
405 0.817865 -1.565125  2.382990 2.38
406 0.817772 -1.601477  2.419249 2.42
407 0.817753 -1.632732  2.450485 2.45
408 0.817781 -1.658018  2.475798 2.48
409 0.817831 -1.677251  2.495082 2.50
410 0.817884 -1.690785  2.508669 2.51
411 0.817925 -1.699113  2.517038 2.52
412 0.817943 -1.702639  2.520581 2.52
413 0.817931 -1.701498  2.519429 2.52
414 0.817892 -1.695475  2.513366 2.51
415 0.817833 -1.684019  2.501852 2.50
416 0.817768 -1.666374  2.484142 2.48
417 0.817712 -1.641774  2.459485 2.46
418 0.817679 -1.609668  2.427347 2.43
419 0.817683 -1.569948  2.387631 2.39
420 0.817734 -1.523133  2.340868 2.34
421 0.817838 -1.470517  2.288355 2.29
422 0.817991 -1.414220  2.232211 2.23
423 0.818182 -1.357127  2.175309 2.18
424 0.818386 -1.302658  2.121044 2.12
425 0.818571 -1.254373  2.072943 2.07
426 0.818701 -1.215453  2.034154 2.03
427 0.818744 -1.188133  2.006877 2.01
428 0.818687 -1.173207  1.991894 1.99
429 0.818544 -1.169833  1.988377 1.99
430 0.818358 -1.175768  1.994126 1.99
431 0.818178 -1.188003  2.006181 2.01
