#Step   Etot   PotE Ktot  T
0 0.818307 -2.635352  3.453659 3.45
1 0.818297 -2.627100  3.445397 3.45
2 0.818272 -2.613235  3.431506 3.43
3 0.818233 -2.593474  3.411707 3.41
4 0.818179 -2.567378  3.385557 3.39
5 0.818113 -2.534353  3.352466 3.35
6 0.818035 -2.493673  3.311708 3.31
7 0.817949 -2.444511  3.262461 3.26
8 0.817862 -2.385998  3.203859 3.20
9 0.817782 -2.317321  3.135103 3.14
10 0.817727 -2.237890  3.055617 3.06
11 0.817717 -2.147568  2.965285 2.97
12 0.817774 -2.046967  2.864741 2.86
13 0.817915 -1.937756  2.755671 2.76
14 0.818139 -1.822851  2.640990 2.64
15 0.818415 -1.706341  2.524757 2.52
16 0.818692 -1.593013  2.411705 2.41
17 0.818911 -1.487536  2.306447 2.31
18 0.819035 -1.393596  2.212632 2.21
19 0.819065 -1.313353  2.132418 2.13
20 0.819030 -1.247430  2.066460 2.07
21 0.818965 -1.195328  2.014293 2.01
22 0.818893 -1.155951  1.974844 1.97
23 0.818824 -1.127990  1.946814 1.95
24 0.818756 -1.110099  1.928855 1.93
25 0.818689 -1.100930  1.919619 1.92
26 0.818625 -1.099150  1.917775 1.92
27 0.818571 -1.103494  1.922064 1.92
28 0.818531 -1.112856  1.931388 1.93
29 0.818509 -1.126380  1.944889 1.94
30 0.818500 -1.143476  1.961975 1.96
31 0.818493 -1.163759  1.982252 1.98
32 0.818479 -1.186897  2.005376 2.01
33 0.818451 -1.212455  2.030906 2.03
34 0.818410 -1.239800  2.058210 2.06
35 0.818362 -1.268114  2.086476 2.09
36 0.818316 -1.296494  2.114810 2.11
37 0.818279 -1.324087  2.142366 2.14
38 0.818253 -1.350190  2.168443 2.17
39 0.818240 -1.374312  2.192551 2.19
40 0.818242 -1.396201  2.214443 2.21
41 0.818265 -1.415897  2.234162 2.23
42 0.818316 -1.433801  2.252117 2.25
43 0.818397 -1.450765  2.269161 2.27
44 0.818498 -1.468085  2.286583 2.29
45 0.818595 -1.487342  2.305937 2.31
46 0.818654 -1.510008  2.328662 2.33
47 0.818648 -1.536940  2.355588 2.36
48 0.818574 -1.567991  2.386564 2.39
49 0.818455 -1.601962  2.420417 2.42
50 0.818328 -1.636944  2.455272 2.46
51 0.818223 -1.670855  2.489079 2.49
52 0.818158 -1.701917  2.520075 2.52
53 0.818132 -1.728919  2.547052 2.55
54 0.818139 -1.751262  2.569401 2.57
55 0.818166 -1.768858  2.587025 2.59
56 0.818204 -1.781982  2.600186 2.60
57 0.818244 -1.791111  2.609355 2.61
58 0.818279 -1.796802  2.615081 2.62
59 0.818306 -1.799583  2.617889 2.62
60 0.818324 -1.799901  2.618225 2.62
61 0.818334 -1.798097  2.616431 2.62
62 0.818341 -1.794430  2.612771 2.61
63 0.818351 -1.789133  2.607483 2.61
64 0.818367 -1.782486  2.600853 2.60
65 0.818393 -1.774885  2.593278 2.59
66 0.818426 -1.766864  2.585290 2.59
67 0.818458 -1.759049  2.577508 2.58
68 0.818476 -1.752030  2.570506 2.57
69 0.818465 -1.746158  2.564623 2.56
70 0.818419 -1.741358  2.559777 2.56
71 0.818340 -1.737020  2.555359 2.56
72 0.818239 -1.732044  2.550283 2.55
73 0.818135 -1.725028  2.543164 2.54
74 0.818046 -1.714536  2.532582 2.53
75 0.817984 -1.699375  2.517359 2.52
76 0.817962 -1.678822  2.496784 2.50
77 0.817986 -1.652794  2.470780 2.47
78 0.818059 -1.621953  2.440013 2.44
79 0.818181 -1.587759  2.405940 2.41
80 0.818341 -1.552422  2.370763 2.37
81 0.818518 -1.518729  2.337248 2.34
82 0.818680 -1.489687  2.308366 2.31
83 0.818786 -1.467997  2.286783 2.29
84 0.818806 -1.455461  2.274266 2.27
85 0.818732 -1.452500  2.271231 2.27
86 0.818588 -1.458052  2.276640 2.28
87 0.818420 -1.469926  2.288346 2.29
88 0.818270 -1.485458  2.303728 2.30
89 0.818160 -1.502160  2.320320 2.32
90 0.818092 -1.518088  2.336180 2.34
91 0.818055 -1.531907  2.349961 2.35
92 0.818034 -1.542760  2.360794 2.36
93 0.818021 -1.550097  2.368118 2.37
94 0.818012 -1.553551  2.371563 2.37
95 0.818006 -1.552877  2.370883 2.37
96 0.818002 -1.547935  2.365938 2.37
97 0.818002 -1.538691  2.356693 2.36
98 0.818007 -1.525218  2.343225 2.34
99 0.818019 -1.507722  2.325741 2.33
100 0.818046 -1.486586  2.304632 2.30
101 0.818093 -1.462448  2.280541 2.28
102 0.818167 -1.436291  2.254458 2.25
103 0.818268 -1.409508  2.227776 2.23
104 0.818389 -1.383886  2.202274 2.20
105 0.818510 -1.361466  2.179976 2.18
106 0.818609 -1.344264  2.162872 2.16
107 0.818660 -1.333894  2.152553 2.15
108 0.818648 -1.331209  2.149857 2.15
109 0.818573 -1.336082  2.154655 2.15
110 0.818450 -1.347401  2.165851 2.17
111 0.818305 -1.363304  2.181608 2.18
112 0.818165 -1.381565  2.199730 2.20
113 0.818055 -1.400029  2.218083 2.22
114 0.817985 -1.416965  2.234950 2.23
115 0.817956 -1.431258  2.249214 2.25
116 0.817957 -1.442413  2.260370 2.26
117 0.817975 -1.450406  2.268381 2.27
118 0.818002 -1.455494  2.273496 2.27
119 0.818037 -1.458088  2.276124 2.28
120 0.818083 -1.458727  2.276811 2.28
121 0.818142 -1.458124  2.276266 2.28
122 0.818208 -1.457164  2.275372 2.28
123 0.818266 -1.456815  2.275081 2.28
124 0.818300 -1.457919  2.276220 2.28
125 0.818297 -1.460955  2.279252 2.28
126 0.818254 -1.465856  2.284110 2.28
127 0.818181 -1.471984  2.290165 2.29
128 0.818096 -1.478259  2.296355 2.30
129 0.818020 -1.483435  2.301455 2.30
130 0.817969 -1.486406  2.304374 2.30
131 0.817947 -1.486446  2.304393 2.30
132 0.817949 -1.483290  2.301239 2.30
133 0.817960 -1.477040  2.295000 2.30
134 0.817969 -1.467974  2.285943 2.29
135 0.817978 -1.456392  2.274369 2.27
136 0.818003 -1.442646  2.260649 2.26
137 0.818069 -1.427370  2.245439 2.25
138 0.818183 -1.411773  2.229956 2.23
139 0.818328 -1.397730  2.216059 2.22
140 0.818460 -1.387487  2.205947 2.21
141 0.818531 -1.383016  2.201547 2.20
142 0.818517 -1.385327  2.203844 2.20
143 0.818426 -1.394115  2.212541 2.21
144 0.818288 -1.407865  2.226154 2.23
145 0.818141 -1.424314  2.242455 2.24
146 0.818013 -1.441004  2.259017 2.26
147 0.817922 -1.455747  2.273669 2.27
148 0.817874 -1.466913  2.284787 2.28
149 0.817866 -1.473551  2.291417 2.29
150 0.817891 -1.475367  2.293258 2.29
151 0.817939 -1.472621  2.290560 2.29
152 0.818004 -1.465987  2.283992 2.28
153 0.818082 -1.456441  2.274522 2.27
154 0.818168 -1.445179  2.263347 2.26
155 0.818257 -1.433556  2.251813 2.25
156 0.818335 -1.422957  2.241292 2.24
157 0.818380 -1.414577  2.232958 2.23
158 0.818375 -1.409113  2.227489 2.23
159 0.818314 -1.406511  2.224824 2.22
160 0.818209 -1.405891  2.224100 2.22
161 0.818086 -1.405749  2.223835 2.22
162 0.817979 -1.404353  2.222332 2.22
163 0.817916 -1.400234  2.218150 2.22
164 0.817919 -1.392630  2.210548 2.21
165 0.818001 -1.381813  2.199814 2.20
166 0.818160 -1.369274  2.187434 2.19
167 0.818365 -1.357623  2.175988 2.18
168 0.818555 -1.350090  2.168645 2.17
169 0.818659 -1.349596  2.168255 2.17
170 0.818635 -1.357708  2.176344 2.18
171 0.818501 -1.374036  2.192537 2.19
172 0.818318 -1.396469  2.214787 2.21
173 0.818153 -1.422067  2.240220 2.24
174 0.818046 -1.448063  2.266109 2.27
175 0.818002 -1.472476  2.290478 2.29
176 0.818006 -1.494260  2.312266 2.31
177 0.818037 -1.513117  2.331155 2.33
178 0.818078 -1.529214  2.347292 2.35
179 0.818117 -1.542920  2.361038 2.36
180 0.818149 -1.554634  2.372783 2.37
181 0.818174 -1.564695  2.382869 2.38
182 0.818195 -1.573367  2.391562 2.39
183 0.818216 -1.580872  2.399088 2.40
184 0.818242 -1.587451  2.405693 2.41
185 0.818276 -1.593425  2.411701 2.41
186 0.818315 -1.599222  2.417536 2.42
187 0.818353 -1.605345  2.423698 2.42
188 0.818380 -1.612278  2.430658 2.43
189 0.818387 -1.620347  2.438734 2.44
190 0.818368 -1.629581  2.447949 2.45
191 0.818322 -1.639628  2.457950 2.46
192 0.818251 -1.649735  2.467986 2.47
193 0.818163 -1.658807  2.476970 2.48
194 0.818068 -1.665528  2.483596 2.48
195 0.817980 -1.668526  2.486505 2.49
196 0.817909 -1.666557  2.484466 2.48
197 0.817868 -1.658705  2.476573 2.48
198 0.817869 -1.644564  2.462433 2.46
199 0.817919 -1.624405  2.442323 2.44
200 0.818017 -1.599270  2.417286 2.42
201 0.818148 -1.570931  2.389078 2.39
202 0.818282 -1.541640  2.359922 2.36
203 0.818386 -1.513674  2.332061 2.33
204 0.818437 -1.488827  2.307264 2.31
205 0.818435 -1.468060  2.286495 2.29
206 0.818402 -1.451498  2.269899 2.27
207 0.818362 -1.438716  2.257078 2.26
208 0.818332 -1.429110  2.247442 2.25
209 0.818316 -1.422153  2.240468 2.24
210 0.818308 -1.417467  2.235775 2.24
211 0.818301 -1.414777  2.233077 2.23
212 0.818287 -1.413799  2.232087 2.23
213 0.818264 -1.414167  2.232431 2.23
214 0.818231 -1.415382  2.233613 2.23
215 0.818192 -1.416824  2.235017 2.24
216 0.818154 -1.417817  2.235971 2.24
217 0.818124 -1.417730  2.235854 2.24
218 0.818111 -1.416106  2.234217 2.23
219 0.818120 -1.412780  2.230900 2.23
220 0.818153 -1.407953  2.226106 2.23
221 0.818208 -1.402211  2.220419 2.22
222 0.818278 -1.396475  2.214753 2.21
223 0.818351 -1.391879  2.210230 2.21
224 0.818411 -1.389578  2.207988 2.21
225 0.818434 -1.390462  2.208896 2.21
226 0.818406 -1.394839  2.213245 2.21
227 0.818326 -1.402197  2.220523 2.22
228 0.818213 -1.411213  2.229426 2.23
229 0.818101 -1.420054  2.238155 2.24
230 0.818017 -1.426852  2.244869 2.24
231 0.817978 -1.430152  2.248130 2.25
232 0.817982 -1.429160  2.247142 2.25
233 0.818022 -1.423775  2.241797 2.24
234 0.818085 -1.414475  2.232559 2.23
235 0.818160 -1.402141  2.220302 2.22
236 0.818242 -1.387915  2.206158 2.21
237 0.818327 -1.373084  2.191412 2.19
238 0.818411 -1.359005  2.177416 2.18
239 0.818486 -1.347017  2.165503 2.17
240 0.818542 -1.338316  2.156857 2.16
241 0.818566 -1.333782  2.152347 2.15
242 0.818549 -1.333801  2.152351 2.15
243 0.818491 -1.338136  2.156627 2.16
244 0.818400 -1.345913  2.164312 2.16
245 0.818292 -1.355756  2.174048 2.17
246 0.818189 -1.366048  2.184237 2.18
247 0.818110 -1.375242  2.193352 2.19
248 0.818064 -1.382142  2.200206 2.20
249 0.818053 -1.386066  2.204119 2.20
250 0.818070 -1.386875  2.204945 2.20
251 0.818102 -1.384865  2.202966 2.20
252 0.818136 -1.380587  2.198723 2.20
253 0.818169 -1.374679  2.192848 2.19
254 0.818204 -1.367789  2.185993 2.19
255 0.818252 -1.360626  2.178878 2.18
256 0.818321 -1.354089  2.172411 2.17
257 0.818411 -1.349374  2.167784 2.17
258 0.818505 -1.347928  2.166433 2.17
259 0.818578 -1.351217  2.169796 2.17
260 0.818606 -1.360335  2.178941 2.18
261 0.818576 -1.375649  2.194225 2.19
262 0.818495 -1.396628  2.215123 2.22
263 0.818382 -1.421941  2.240323 2.24
264 0.818259 -1.449739  2.267998 2.27
265 0.818144 -1.477996  2.296140 2.30
266 0.818047 -1.504793  2.322840 2.32
267 0.817973 -1.528496  2.346469 2.35
268 0.817926 -1.547859  2.365785 2.37
269 0.817908 -1.562091  2.379999 2.38
270 0.817924 -1.570909  2.388834 2.39
271 0.817978 -1.574600  2.392578 2.39
272 0.818069 -1.574062  2.392131 2.39
273 0.818190 -1.570787  2.388977 2.39
274 0.818322 -1.566713  2.385035 2.39
275 0.818435 -1.563919  2.382354 2.38
276 0.818501 -1.564182  2.382684 2.38
277 0.818501 -1.568543  2.387043 2.39
278 0.818431 -1.577011  2.395442 2.40
279 0.818308 -1.588544  2.406851 2.41
280 0.818157 -1.601273  2.419430 2.42
281 0.818006 -1.612904  2.430910 2.43
282 0.817879 -1.621137  2.439016 2.44
283 0.817790 -1.624037  2.441827 2.44
284 0.817748 -1.620287  2.438035 2.44
285 0.817758 -1.609335  2.427093 2.43
286 0.817821 -1.591468  2.409288 2.41
287 0.817935 -1.567822  2.385757 2.39
288 0.818092 -1.540348  2.358440 2.36
289 0.818274 -1.511657  2.329931 2.33
290 0.818445 -1.484703  2.303148 2.30
291 0.818562 -1.462236  2.280799 2.28
292 0.818590 -1.446155  2.264746 2.26
293 0.818520 -1.436989  2.255509 2.26
294 0.818375 -1.433764  2.252140 2.25
295 0.818205 -1.434372  2.252577 2.25
296 0.818058 -1.436266  2.254324 2.25
297 0.817971 -1.437218  2.255189 2.26
298 0.817956 -1.435864  2.253819 2.25
299 0.818003 -1.431903  2.249907 2.25
300 0.818090 -1.425982  2.244073 2.24
301 0.818192 -1.419355  2.237547 2.24
302 0.818290 -1.413516  2.231806 2.23
303 0.818377 -1.409921  2.228299 2.23
304 0.818453 -1.409860  2.228313 2.23
305 0.818513 -1.414409  2.232922 2.23
306 0.818552 -1.424373  2.242924 2.24
307 0.818561 -1.440189  2.258750 2.26
308 0.818537 -1.461815  2.280352 2.28
309 0.818482 -1.488674  2.307157 2.31
310 0.818408 -1.519714  2.338121 2.34
311 0.818325 -1.553549  2.371874 2.37
312 0.818246 -1.588658  2.406904 2.41
313 0.818178 -1.623553  2.441731 2.44
314 0.818123 -1.656903  2.475026 2.48
315 0.818082 -1.687589  2.505672 2.51
316 0.818056 -1.714731  2.532787 2.53
317 0.818044 -1.737689  2.555733 2.56
318 0.818047 -1.756072  2.574119 2.57
319 0.818063 -1.769737  2.587800 2.59
320 0.818092 -1.778783  2.596875 2.60
321 0.818127 -1.783512  2.601639 2.60
322 0.818164 -1.784358  2.602522 2.60
323 0.818197 -1.781811  2.600008 2.60
324 0.818223 -1.776328  2.594551 2.59
325 0.818242 -1.768284  2.586526 2.59
326 0.818257 -1.757973  2.576230 2.58
327 0.818274 -1.745649  2.563923 2.56
328 0.818296 -1.731596  2.549892 2.55
329 0.818324 -1.716180  2.534504 2.53
330 0.818353 -1.699854  2.518208 2.52
331 0.818378 -1.683100  2.501478 2.50
332 0.818387 -1.666319  2.484706 2.48
333 0.818377 -1.649710  2.468086 2.47
334 0.818345 -1.633185  2.451530 2.45
335 0.818298 -1.616365  2.434663 2.43
336 0.818244 -1.598655  2.416899 2.42
337 0.818194 -1.579385  2.397578 2.40
338 0.818157 -1.557971  2.376128 2.38
339 0.818141 -1.534065  2.352206 2.35
340 0.818148 -1.507660  2.325808 2.33
341 0.818178 -1.479135  2.297313 2.30
342 0.818226 -1.449256  2.267482 2.27
343 0.818285 -1.419105  2.237390 2.24
344 0.818344 -1.389962  2.208306 2.21
345 0.818388 -1.363142  2.181530 2.18
346 0.818409 -1.339803  2.158213 2.16
347 0.818404 -1.320801  2.139205 2.14
348 0.818388 -1.306661  2.125049 2.13
349 0.818395 -1.297789  2.116184 2.12
350 0.818462 -1.294933  2.113395 2.11
351 0.818596 -1.299636  2.118231 2.12
352 0.818731 -1.314191  2.132922 2.13
353 0.818757 -1.340646  2.159402 2.16
354 0.818597 -1.379192  2.197789 2.20
355 0.818288 -1.427150  2.245439 2.25
356 0.817953 -1.479506  2.297459 2.30
357 0.817702 -1.530666  2.348368 2.35
358 0.817579 -1.576134  2.393713 2.39
359 0.817564 -1.613251  2.430814 2.43
360 0.817614 -1.641034  2.458648 2.46
361 0.817692 -1.659623  2.477315 2.48
362 0.817775 -1.669736  2.487510 2.49
363 0.817852 -1.672311  2.490162 2.49
364 0.817923 -1.668339  2.486262 2.49
365 0.817992 -1.658829  2.476821 2.48
366 0.818065 -1.644845  2.462910 2.46
367 0.818148 -1.627568  2.445716 2.45
368 0.818244 -1.608361  2.426604 2.43
369 0.818348 -1.588774  2.407122 2.41
370 0.818451 -1.570482  2.388934 2.39
371 0.818539 -1.555120  2.373658 2.37
372 0.818593 -1.544040  2.362632 2.36
373 0.818602 -1.538063  2.356665 2.36
374 0.818563 -1.537306  2.355869 2.36
375 0.818485 -1.541142  2.359628 2.36
376 0.818381 -1.548326  2.366708 2.37
377 0.818267 -1.557198  2.375465 2.38
378 0.818155 -1.565924  2.384079 2.38
379 0.818057 -1.572717  2.390774 2.39
380 0.817981 -1.576009  2.393990 2.39
381 0.817935 -1.574597  2.392532 2.39
382 0.817924 -1.567754  2.385678 2.39
383 0.817953 -1.555325  2.373278 2.37
384 0.818023 -1.537782  2.355805 2.36
385 0.818130 -1.516236  2.334367 2.33
386 0.818264 -1.492367  2.310631 2.31
387 0.818408 -1.468253  2.286661 2.29
388 0.818541 -1.446111  2.264652 2.26
389 0.818644 -1.427984  2.246627 2.25
390 0.818704 -1.415443  2.234146 2.23
391 0.818719 -1.409401  2.228120 2.23
392 0.818697 -1.410075  2.228772 2.23
393 0.818652 -1.417094  2.235745 2.24
394 0.818599 -1.429704  2.248303 2.25
395 0.818550 -1.446995  2.265545 2.27
396 0.818510 -1.468070  2.286579 2.29
397 0.818478 -1.492129  2.310607 2.31
398 0.818449 -1.518471  2.336921 2.34
399 0.818418 -1.546432  2.364850 2.36
400 0.818379 -1.575302  2.393682 2.39
401 0.818333 -1.604280  2.422612 2.42
402 0.818281 -1.632457  2.450738 2.45
403 0.818229 -1.658869  2.477098 2.48
404 0.818181 -1.682567  2.500748 2.50
405 0.818143 -1.702700  2.520843 2.52
406 0.818117 -1.718590  2.536706 2.54
407 0.818104 -1.729773  2.547877 2.55
408 0.818104 -1.736028  2.554132 2.55
409 0.818115 -1.737367  2.555482 2.56
410 0.818135 -1.734013  2.552148 2.55
411 0.818160 -1.726366  2.544526 2.54
412 0.818185 -1.714940  2.533125 2.53
413 0.818206 -1.700301  2.518508 2.52
414 0.818221 -1.683002  2.501223 2.50
415 0.818227 -1.663532  2.481759 2.48
416 0.818229 -1.642305  2.460534 2.46
417 0.818233 -1.619699  2.437932 2.44
418 0.818246 -1.596142  2.414388 2.41
419 0.818276 -1.572214  2.390491 2.39
420 0.818326 -1.548739  2.367065 2.37
421 0.818389 -1.526790  2.345179 2.35
422 0.818454 -1.507601  2.326055 2.33
423 0.818505 -1.492384  2.310889 2.31
424 0.818526 -1.482082  2.300608 2.30
425 0.818506 -1.477133  2.295639 2.30
426 0.818443 -1.477309  2.295752 2.30
427 0.818347 -1.481696  2.300043 2.30
428 0.818236 -1.488849  2.307085 2.31
429 0.818134 -1.497082  2.315217 2.32
430 0.818060 -1.504824  2.322885 2.32
431 0.818025 -1.510908  2.328933 2.33
432 0.818027 -1.514732  2.332759 2.33
433 0.818059 -1.516263  2.334321 2.33
434 0.818109 -1.515924  2.334033 2.33
435 0.818166 -1.514434  2.332600 2.33
436 0.818218 -1.512617  2.330835 2.33
437 0.818252 -1.511220  2.329471 2.33
438 0.818257 -1.510711  2.328968 2.33
439 0.818231 -1.511133  2.329365 2.33
440 0.818180 -1.512051  2.330231 2.33
441 0.818120 -1.512652  2.330773 2.33
442 0.818069 -1.511976  2.330045 2.33
443 0.818037 -1.509165  2.327202 2.33
444 0.818030 -1.503650  2.321680 2.32
445 0.818045 -1.495224  2.313269 2.31
446 0.818078 -1.484019  2.302096 2.30
447 0.818125 -1.470455  2.288580 2.29
448 0.818185 -1.455190  2.273375 2.27
449 0.818255 -1.439074  2.257329 2.26
450 0.818329 -1.423109  2.241438 2.24
451 0.818403 -1.408378  2.226781 2.23
452 0.818469 -1.395958  2.214427 2.21
453 0.818520 -1.386804  2.205324 2.21
454 0.818547 -1.381631  2.200178 2.20
455 0.818546 -1.380804  2.199349 2.20
456 0.818515 -1.384265  2.202780 2.20
457 0.818459 -1.391520  2.209979 2.21
458 0.818383 -1.401682  2.220065 2.22
459 0.818297 -1.413578  2.231874 2.23
460 0.818211 -1.425890  2.244101 2.24
461 0.818135 -1.437314  2.255449 2.26
462 0.818079 -1.446714  2.264793 2.26
463 0.818051 -1.453258  2.271309 2.27
464 0.818055 -1.456540  2.274595 2.27
465 0.818093 -1.456647  2.274740 2.27
466 0.818159 -1.454169  2.272328 2.27
467 0.818241 -1.450111  2.268352 2.27
468 0.818318 -1.445693  2.264010 2.26
469 0.818368 -1.442053  2.260421 2.26
470 0.818374 -1.439928  2.258302 2.26
471 0.818330 -1.439408  2.257739 2.26
472 0.818247 -1.439865  2.258112 2.26
473 0.818143 -1.440094  2.258237 2.26
474 0.818044 -1.438612  2.256657 2.26
475 0.817971 -1.434027  2.251998 2.25
476 0.817940 -1.425358  2.243298 2.24
477 0.817957 -1.412269  2.230226 2.23
478 0.818023 -1.395182  2.213205 2.21
479 0.818130 -1.375271  2.193401 2.19
480 0.818262 -1.354330  2.172591 2.17
481 0.818397 -1.334521  2.152918 2.15
482 0.818512 -1.318031  2.136543 2.14
483 0.818593 -1.306720  2.125313 2.13
484 0.818634 -1.301881  2.120515 2.12
485 0.818640 -1.304156  2.122796 2.12
486 0.818619 -1.313593  2.132212 2.13
487 0.818576 -1.329752  2.148328 2.15
488 0.818514 -1.351797  2.170311 2.17
489 0.818440 -1.378574  2.197014 2.20
490 0.818360 -1.408704  2.227064 2.23
491 0.818280 -1.440703  2.258983 2.26
492 0.818206 -1.473088  2.291294 2.29
493 0.818140 -1.504472  2.322612 2.32
494 0.818081 -1.533606  2.351687 2.35
495 0.818027 -1.559385  2.377412 2.38
496 0.817976 -1.580832  2.398807 2.40
497 0.817925 -1.597065  2.414990 2.41
498 0.817878 -1.607295  2.425173 2.43
499 0.817838 -1.610846  2.428684 2.43
500 0.817812 -1.607230  2.425042 2.43
501 0.817811 -1.596256  2.414068 2.41
502 0.817842 -1.578160  2.396001 2.40
503 0.817906 -1.553693  2.371599 2.37
504 0.817998 -1.524142  2.342140 2.34
505 0.818103 -1.491218  2.309320 2.31
506 0.818200 -1.456817  2.275017 2.28
507 0.818270 -1.422714  2.240984 2.24
508 0.818305 -1.390268  2.208573 2.21
509 0.818307 -1.360281  2.178589 2.18
510 0.818291 -1.333047  2.151338 2.15
511 0.818272 -1.308543  2.126816 2.13
512 0.818259 -1.286660  2.104919 2.10
513 0.818253 -1.267338  2.085590 2.09
514 0.818254 -1.250615  2.068869 2.07
515 0.818265 -1.236641  2.054906 2.05
516 0.818291 -1.225709  2.044000 2.04
517 0.818338 -1.218329  2.036667 2.04
518 0.818403 -1.215291  2.033694 2.03
519 0.818474 -1.217608  2.036082 2.04
520 0.818525 -1.226302  2.044827 2.04
521 0.818533 -1.242044  2.060577 2.06
522 0.818486 -1.264806  2.083292 2.08
523 0.818391 -1.293698  2.112090 2.11
524 0.818269 -1.327077  2.145347 2.15
525 0.818144 -1.362857  2.181001 2.18
526 0.818031 -1.398866  2.216897 2.22
527 0.817938 -1.433111  2.251049 2.25
528 0.817867 -1.463919  2.281785 2.28
529 0.817817 -1.489983  2.307801 2.31
530 0.817792 -1.510396  2.328189 2.33
531 0.817794 -1.524679  2.342473 2.34
532 0.817825 -1.532825  2.350649 2.35
533 0.817880 -1.535310  2.353190 2.35
534 0.817951 -1.533035  2.350986 2.35
535 0.818024 -1.527171  2.345195 2.35
536 0.818084 -1.518946  2.337030 2.34
537 0.818121 -1.509414  2.327535 2.33
538 0.818130 -1.499296  2.317426 2.32
539 0.818116 -1.488909  2.307025 2.31
540 0.818088 -1.478228  2.296316 2.30
541 0.818058 -1.467012  2.285070 2.29
542 0.818037 -1.454981  2.273018 2.27
543 0.818034 -1.441982  2.260017 2.26
544 0.818052 -1.428118  2.246170 2.25
545 0.818086 -1.413782  2.231869 2.23
546 0.818128 -1.399599  2.217727 2.22
547 0.818165 -1.386274  2.204439 2.20
548 0.818189 -1.374426  2.192615 2.19
549 0.818195 -1.364449  2.182644 2.18
550 0.818181 -1.356437  2.174618 2.17
551 0.818151 -1.350165  2.168315 2.17
552 0.818115 -1.345146  2.163260 2.16
553 0.818089 -1.340801  2.158890 2.16
554 0.818091 -1.336701  2.154793 2.15
555 0.818131 -1.332821  2.150952 2.15
556 0.818207 -1.329681  2.147888 2.15
557 0.818304 -1.328326  2.146630 2.15
558 0.818401 -1.330111  2.148512 2.15
559 0.818475 -1.336373  2.154847 2.15
560 0.818510 -1.348094  2.166605 2.17
561 0.818504 -1.365683  2.184187 2.18
562 0.818464 -1.388916  2.207380 2.21
563 0.818400 -1.417037  2.235437 2.24
564 0.818320 -1.448906  2.267226 2.27
565 0.818226 -1.483119  2.301346 2.30
566 0.818119 -1.518063  2.336182 2.34
567 0.818002 -1.551939  2.369941 2.37
568 0.817886 -1.582835  2.400721 2.40
569 0.817787 -1.608897  2.426683 2.43
570 0.817724 -1.628578  2.446302 2.45
571 0.817712 -1.640926  2.458639 2.46
572 0.817757 -1.645793  2.463550 2.46
573 0.817852 -1.643914  2.461766 2.46
574 0.817976 -1.636788  2.454764 2.45
575 0.818102 -1.626378  2.444480 2.44
576 0.818202 -1.614685  2.432887 2.43
577 0.818255 -1.603324  2.421579 2.42
578 0.818255 -1.593214  2.411469 2.41
579 0.818206 -1.584451  2.402658 2.40
580 0.818124 -1.576376  2.394500 2.39
581 0.818033 -1.567806  2.385839 2.39
582 0.817961 -1.557408  2.375370 2.38
583 0.817931 -1.544115  2.362047 2.36
584 0.817950 -1.527456  2.345406 2.35
585 0.818008 -1.507671  2.325679 2.33
586 0.818083 -1.485581  2.303664 2.30
587 0.818156 -1.462291  2.280447 2.28
588 0.818211 -1.438884  2.257095 2.26
589 0.818246 -1.416215  2.234461 2.23
590 0.818261 -1.394839  2.213100 2.21
591 0.818263 -1.375032  2.193295 2.19
592 0.818258 -1.356869  2.175127 2.18
593 0.818254 -1.340322  2.158576 2.16
594 0.818258 -1.325383  2.143642 2.14
595 0.818275 -1.312171  2.130447 2.13
596 0.818303 -1.300986  2.119289 2.12
597 0.818332 -1.292270  2.110602 2.11
598 0.818352 -1.286487  2.104840 2.10
599 0.818355 -1.283966  2.102321 2.10
600 0.818336 -1.284767  2.103104 2.10
601 0.818298 -1.288639  2.106937 2.11
602 0.818243 -1.295027  2.113270 2.11
603 0.818174 -1.303126  2.121300 2.12
604 0.818096 -1.311927  2.130023 2.13
605 0.818018 -1.320303  2.138322 2.14
606 0.817961 -1.327175  2.145136 2.15
607 0.817947 -1.331794  2.149741 2.15
608 0.817993 -1.334064  2.152056 2.15
609 0.818094 -1.334749  2.152843 2.15
610 0.818223 -1.335401  2.153623 2.15
611 0.818339 -1.337932  2.156271 2.16
612 0.818408 -1.344020  2.162428 2.16
613 0.818420 -1.354611  2.173031 2.17
614 0.818392 -1.369782  2.188174 2.19
615 0.818349 -1.388953  2.207302 2.21
616 0.818311 -1.411266  2.229578 2.23
617 0.818287 -1.435891  2.254178 2.25
618 0.818272 -1.462159  2.280431 2.28
619 0.818256 -1.489534  2.307790 2.31
620 0.818226 -1.517469  2.335695 2.34
621 0.818174 -1.545236  2.363410 2.36
622 0.818097 -1.571808  2.389905 2.39
623 0.818002 -1.595829  2.413832 2.41
624 0.817903 -1.615727  2.433630 2.43
625 0.817819 -1.629918  2.447737 2.45
626 0.817767 -1.637098  2.454865 2.45
627 0.817764 -1.636515  2.454279 2.45
628 0.817814 -1.628189  2.446003 2.45
629 0.817912 -1.612989  2.430901 2.43
630 0.818041 -1.592543  2.410584 2.41
631 0.818178 -1.568978  2.387156 2.39
632 0.818301 -1.544562  2.362863 2.36
633 0.818399 -1.521375  2.339774 2.34
634 0.818472 -1.501116  2.319588 2.32
635 0.818526 -1.485077  2.303602 2.30
636 0.818565 -1.474212  2.292777 2.29
637 0.818585 -1.469181  2.287767 2.29
638 0.818579 -1.470297  2.288876 2.29
639 0.818537 -1.477406  2.295943 2.30
640 0.818461 -1.489789  2.308250 2.31
641 0.818356 -1.506166  2.324522 2.32
642 0.818239 -1.524826  2.343065 2.34
643 0.818124 -1.543853  2.361977 2.36
644 0.818026 -1.561374  2.379400 2.38
645 0.817950 -1.575765  2.393716 2.39
646 0.817901 -1.585776  2.403677 2.40
647 0.817879 -1.590592  2.408471 2.41
648 0.817883 -1.589849  2.407732 2.41
649 0.817912 -1.583630  2.401541 2.40
650 0.817964 -1.572443  2.390407 2.39
651 0.818034 -1.557184  2.375218 2.38
652 0.818115 -1.539049  2.357163 2.36
653 0.818199 -1.519422  2.337621 2.34
654 0.818282 -1.499754  2.318035 2.32
655 0.818361 -1.481472  2.299833 2.30
656 0.818441 -1.465945  2.284385 2.28
657 0.818520 -1.454495  2.273015 2.27
658 0.818596 -1.448392  2.266988 2.27
659 0.818655 -1.448772  2.267427 2.27
660 0.818679 -1.456438  2.275117 2.28
661 0.818655 -1.471608  2.290263 2.29
662 0.818584 -1.493731  2.312315 2.31
663 0.818480 -1.521507  2.339987 2.34
664 0.818368 -1.553116  2.371484 2.37
665 0.818269 -1.586577  2.404846 2.40
666 0.818195 -1.620070  2.438264 2.44
667 0.818145 -1.652129  2.470274 2.47
668 0.818116 -1.681678  2.499793 2.50
669 0.818097 -1.707964  2.526061 2.53
670 0.818082 -1.730450  2.548533 2.55
671 0.818067 -1.748719  2.566786 2.57
672 0.818050 -1.762407  2.580457 2.58
673 0.818031 -1.771192  2.589223 2.59
674 0.818016 -1.774800  2.592816 2.59
675 0.818008 -1.773069  2.591078 2.59
676 0.818018 -1.766028  2.584046 2.58
677 0.818053 -1.754016  2.572069 2.57
678 0.818118 -1.737791  2.555909 2.56
679 0.818211 -1.718586  2.536796 2.54
680 0.818312 -1.698024  2.516336 2.52
681 0.818394 -1.677839  2.496233 2.50
682 0.818431 -1.659459  2.477890 2.48
683 0.818413 -1.643615  2.462028 2.46
684 0.818353 -1.630198  2.448551 2.45
685 0.818279 -1.618444  2.436723 2.44
686 0.818216 -1.607331  2.425547 2.43
687 0.818179 -1.595964  2.414143 2.41
688 0.818166 -1.583791  2.401957 2.40
689 0.818173 -1.570629  2.388802 2.39
690 0.818195 -1.556600  2.374795 2.37
691 0.818230 -1.542066  2.360297 2.36
692 0.818280 -1.527607  2.345886 2.35
693 0.818341 -1.514009  2.332350 2.33
694 0.818408 -1.502233  2.320640 2.32
695 0.818469 -1.493298  2.311767 2.31
696 0.818513 -1.488118  2.306631 2.31
697 0.818530 -1.487315  2.305845 2.31
698 0.818519 -1.491086  2.309605 2.31
699 0.818482 -1.499171  2.317652 2.32
700 0.818427 -1.510901  2.329329 2.33
701 0.818364 -1.525322  2.343686 2.34
702 0.818298 -1.541322  2.359619 2.36
703 0.818234 -1.557745  2.375979 2.38
704 0.818176 -1.573481  2.391657 2.39
705 0.818125 -1.587518  2.405642 2.41
706 0.818082 -1.598978  2.417059 2.42
707 0.818047 -1.607139  2.425187 2.43
708 0.818024 -1.611461  2.429485 2.43
709 0.818014 -1.611602  2.429615 2.43
710 0.818019 -1.607459  2.425478 2.43
711 0.818043 -1.599203  2.417246 2.42
712 0.818088 -1.587310  2.405398 2.41
713 0.818153 -1.572583  2.390736 2.39
714 0.818234 -1.556134  2.374368 2.37
715 0.818323 -1.539313  2.357636 2.36
716 0.818406 -1.523573  2.341979 2.34
717 0.818468 -1.510264  2.328732 2.33
718 0.818495 -1.500407  2.318902 2.32
719 0.818478 -1.494478  2.312955 2.31
720 0.818416 -1.492280  2.310697 2.31
721 0.818320 -1.492953  2.311273 2.31
722 0.818205 -1.495111  2.313316 2.31
723 0.818092 -1.497101  2.315194 2.32
724 0.817999 -1.497304  2.315303 2.32
725 0.817940 -1.494407  2.312347 2.31
726 0.817923 -1.487623  2.305546 2.31
727 0.817952 -1.476823  2.294775 2.29
728 0.818025 -1.462591  2.280617 2.28
729 0.818133 -1.446185  2.264319 2.26
730 0.818260 -1.429394  2.247655 2.25
731 0.818383 -1.414283  2.232666 2.23
732 0.818478 -1.402842  2.221319 2.22
733 0.818525 -1.396616  2.215141 2.22
734 0.818517 -1.396419  2.214937 2.21
735 0.818462 -1.402223  2.220685 2.22
736 0.818374 -1.413238  2.231612 2.23
737 0.818268 -1.428124  2.246392 2.25
738 0.818155 -1.445218  2.263373 2.26
739 0.818044 -1.462711  2.280755 2.28
740 0.817942 -1.478788  2.296730 2.30
741 0.817864 -1.491787  2.309651 2.31
742 0.817826 -1.500415  2.318241 2.32
743 0.817841 -1.503999  2.321840 2.32
744 0.817915 -1.502682  2.320598 2.32
745 0.818040 -1.497503  2.315543 2.32
746 0.818192 -1.490253  2.308445 2.31
747 0.818335 -1.483121  2.301456 2.30
748 0.818434 -1.478160  2.296594 2.30
749 0.818464 -1.476749  2.295213 2.30
750 0.818426 -1.479245  2.297671 2.30
751 0.818341 -1.484985  2.303326 2.30
752 0.818240 -1.492591  2.310831 2.31
753 0.818149 -1.500422  2.318571 2.32
754 0.818085 -1.506986  2.325072 2.33
755 0.818056 -1.511208  2.329264 2.33
756 0.818063 -1.512554  2.330618 2.33
757 0.818104 -1.511070  2.329174 2.33
758 0.818173 -1.507337  2.325509 2.33
759 0.818259 -1.502380  2.320638 2.32
760 0.818347 -1.497500  2.315846 2.32
761 0.818419 -1.494036  2.312455 2.31
762 0.818459 -1.493088  2.311547 2.31
763 0.818456 -1.495269  2.313726 2.31
764 0.818412 -1.500555  2.318967 2.32
765 0.818337 -1.508295  2.326632 2.33
766 0.818250 -1.517374  2.335624 2.34
767 0.818169 -1.526479  2.344648 2.34
768 0.818110 -1.534378  2.352488 2.35
769 0.818082 -1.540160  2.358242 2.36
770 0.818083 -1.543354  2.361437 2.36
771 0.818107 -1.543935  2.362042 2.36
772 0.818143 -1.542227  2.360370 2.36
773 0.818179 -1.538746  2.356925 2.36
774 0.818205 -1.534026  2.352231 2.35
775 0.818216 -1.528470  2.346686 2.35
776 0.818212 -1.522278  2.340490 2.34
777 0.818199 -1.515445  2.333644 2.33
778 0.818186 -1.507843  2.326029 2.33
779 0.818181 -1.499351  2.317533 2.32
780 0.818192 -1.489983  2.308175 2.31
781 0.818219 -1.479971  2.298190 2.30
782 0.818259 -1.469785  2.288044 2.29
783 0.818303 -1.460070  2.278374 2.28
784 0.818346 -1.451541  2.269886 2.27
785 0.818380 -1.444868  2.263249 2.26
786 0.818406 -1.440604  2.259009 2.26
787 0.818424 -1.439147  2.257571 2.26
788 0.818439 -1.440777  2.259215 2.26
789 0.818452 -1.445690  2.264143 2.26
790 0.818461 -1.454027  2.272489 2.27
791 0.818461 -1.465831  2.284292 2.28
792 0.818443 -1.480964  2.299407 2.30
793 0.818406 -1.499014  2.317420 2.32
794 0.818353 -1.519264  2.337617 2.34
795 0.818294 -1.540748  2.359042 2.36
796 0.818241 -1.562397  2.380638 2.38
797 0.818204 -1.583225  2.401428 2.40
798 0.818188 -1.602480  2.420667 2.42
799 0.818193 -1.619732  2.437924 2.44
800 0.818214 -1.634878  2.453092 2.45
801 0.818243 -1.648078  2.466322 2.47
802 0.818274 -1.659647  2.477921 2.48
803 0.818299 -1.669944  2.488243 2.49
804 0.818317 -1.679286  2.497603 2.50
805 0.818327 -1.687904  2.506230 2.51
806 0.818331 -1.695945  2.514276 2.51
807 0.818331 -1.703494  2.521825 2.52
808 0.818326 -1.710589  2.528915 2.53
809 0.818311 -1.717198  2.535509 2.54
810 0.818281 -1.723164  2.541446 2.54
811 0.818233 -1.728126  2.546358 2.55
812 0.818166 -1.731466  2.549632 2.55
813 0.818090 -1.732337  2.550427 2.55
814 0.818016 -1.729772  2.547788 2.55
815 0.817962 -1.722885  2.540847 2.54
816 0.817940 -1.711107  2.529047 2.53
817 0.817960 -1.694390  2.512350 2.51
818 0.818024 -1.673340  2.491364 2.49
819 0.818124 -1.649233  2.467357 2.47
820 0.818249 -1.623905  2.442154 2.44
821 0.818383 -1.599564  2.417947 2.42
822 0.818508 -1.578529  2.397037 2.40
823 0.818607 -1.562956  2.381563 2.38
824 0.818662 -1.554552  2.373215 2.37
825 0.818657 -1.554294  2.372951 2.37
826 0.818580 -1.562152  2.380733 2.38
827 0.818440 -1.576951  2.395392 2.40
828 0.818270 -1.596507  2.414777 2.41
829 0.818117 -1.618114  2.436230 2.44
830 0.818018 -1.639234  2.457252 2.46
831 0.817990 -1.658084  2.476073 2.48
832 0.818020 -1.673875  2.491896 2.49
833 0.818085 -1.686694  2.504779 2.50
834 0.818157 -1.697151  2.515308 2.52
835 0.818220 -1.706015  2.524234 2.52
836 0.818265 -1.713955  2.532220 2.53
837 0.818291 -1.721420  2.539711 2.54
838 0.818299 -1.728598  2.546897 2.55
839 0.818287 -1.735422  2.553709 2.55
840 0.818257 -1.741565  2.559823 2.56
841 0.818213 -1.746469  2.564682 2.56
842 0.818161 -1.749395  2.567556 2.57
843 0.818110 -1.749532  2.567642 2.57
844 0.818070 -1.746132  2.564203 2.56
845 0.818049 -1.738653  2.556702 2.56
846 0.818051 -1.726866  2.544917 2.54
847 0.818076 -1.710926  2.529002 2.53
848 0.818123 -1.691376  2.509499 2.51
849 0.818189 -1.669120  2.487309 2.49
850 0.818272 -1.645374  2.463646 2.46
851 0.818365 -1.621600  2.439965 2.44
852 0.818460 -1.599416  2.417875 2.42
853 0.818541 -1.580441  2.398982 2.40
854 0.818587 -1.566055  2.384642 2.38
855 0.818580 -1.557086  2.375666 2.38
856 0.818509 -1.553527  2.372036 2.37
857 0.818385 -1.554417  2.372802 2.37
858 0.818231 -1.557973  2.376204 2.38
859 0.818081 -1.561962  2.380044 2.38
860 0.817964 -1.564184  2.382148 2.38
861 0.817898 -1.562911  2.380809 2.38
