#Step   Etot   PotE Ktot  T
0 4.333029 -2.638104  6.971133 6.97
1 4.333029 -2.638104  6.971133 6.97
2 4.333029 -2.638104  6.971133 6.97
3 4.333029 -2.638104  6.971133 6.97
4 4.333029 -2.638104  6.971133 6.97
5 4.333029 -2.638104  6.971133 6.97
6 4.333029 -2.638104  6.971133 6.97
7 4.333029 -2.638104  6.971133 6.97
8 4.333029 -2.638104  6.971133 6.97
9 4.333029 -2.638104  6.971133 6.97
10 4.333029 -2.638104  6.971133 6.97
11 4.333029 -2.638104  6.971133 6.97
12 4.333029 -2.638104  6.971133 6.97
13 4.333029 -2.638104  6.971133 6.97
14 4.333029 -2.638104  6.971133 6.97
15 4.333029 -2.638104  6.971133 6.97
16 4.333029 -2.638104  6.971133 6.97
17 4.333029 -2.638104  6.971133 6.97
18 4.333029 -2.638104  6.971133 6.97
19 4.333029 -2.638104  6.971133 6.97
20 4.333029 -2.638104  6.971133 6.97
21 4.333029 -2.638104  6.971133 6.97
22 4.333029 -2.638104  6.971133 6.97
23 4.333029 -2.638104  6.971133 6.97
24 4.333029 -2.638104  6.971133 6.97
25 4.333029 -2.638104  6.971133 6.97
26 4.333029 -2.638104  6.971133 6.97
27 4.333029 -2.638104  6.971133 6.97
28 4.333029 -2.638104  6.971133 6.97
29 4.333029 -2.638104  6.971133 6.97
30 4.333029 -2.638104  6.971133 6.97
31 4.333029 -2.638104  6.971133 6.97
32 4.333029 -2.638104  6.971133 6.97
33 4.333029 -2.638104  6.971133 6.97
34 4.333029 -2.638104  6.971133 6.97
35 4.333029 -2.638104  6.971133 6.97
36 4.333029 -2.638104  6.971133 6.97
37 4.333029 -2.638104  6.971133 6.97
38 4.333029 -2.638104  6.971133 6.97
39 4.333029 -2.638104  6.971133 6.97
40 4.333029 -2.638104  6.971133 6.97
41 4.333029 -2.638104  6.971133 6.97
42 4.333029 -2.638104  6.971133 6.97
43 4.333029 -2.638104  6.971133 6.97
44 4.333029 -2.638104  6.971133 6.97
45 4.333029 -2.638104  6.971133 6.97
46 4.333029 -2.638104  6.971133 6.97
47 4.333029 -2.638104  6.971133 6.97
48 4.333029 -2.638104  6.971133 6.97
49 4.333029 -2.638104  6.971133 6.97
50 4.333029 -2.638104  6.971133 6.97
51 4.333029 -2.638104  6.971133 6.97
52 4.333029 -2.638104  6.971133 6.97
53 4.333029 -2.638104  6.971133 6.97
54 4.333029 -2.638104  6.971133 6.97
55 4.333029 -2.638104  6.971133 6.97
56 4.333029 -2.638104  6.971133 6.97
57 4.333029 -2.638104  6.971133 6.97
58 4.333029 -2.638104  6.971133 6.97
59 4.333029 -2.638104  6.971133 6.97
60 4.333029 -2.638104  6.971133 6.97
61 4.333029 -2.638104  6.971133 6.97
62 4.333029 -2.638104  6.971133 6.97
63 4.333029 -2.638104  6.971133 6.97
64 4.333029 -2.638104  6.971133 6.97
65 4.333029 -2.638104  6.971133 6.97
66 4.333029 -2.638104  6.971133 6.97
67 4.333029 -2.638104  6.971133 6.97
68 4.333029 -2.638104  6.971133 6.97
69 4.333029 -2.638104  6.971133 6.97
70 4.333029 -2.638104  6.971133 6.97
71 4.333029 -2.638104  6.971133 6.97
72 4.333029 -2.638104  6.971133 6.97
73 4.333029 -2.638104  6.971133 6.97
74 4.333029 -2.638104  6.971133 6.97
75 4.333029 -2.638104  6.971133 6.97
76 4.333029 -2.638104  6.971133 6.97
77 4.333029 -2.638104  6.971133 6.97
78 4.333029 -2.638104  6.971133 6.97
79 4.333029 -2.638104  6.971133 6.97
80 4.333029 -2.638104  6.971133 6.97
81 4.333029 -2.638104  6.971133 6.97
82 4.333029 -2.638104  6.971133 6.97
83 4.333029 -2.638104  6.971133 6.97
84 4.333029 -2.638104  6.971133 6.97
85 4.333029 -2.638104  6.971133 6.97
86 4.333029 -2.638104  6.971133 6.97
87 4.333029 -2.638104  6.971133 6.97
88 4.333029 -2.638104  6.971133 6.97
89 4.333029 -2.638104  6.971133 6.97
90 4.333029 -2.638104  6.971133 6.97
91 4.333029 -2.638104  6.971133 6.97
92 4.333029 -2.638104  6.971133 6.97
93 4.333029 -2.638104  6.971133 6.97
94 4.333029 -2.638104  6.971133 6.97
95 4.333029 -2.638104  6.971133 6.97
96 4.333029 -2.638104  6.971133 6.97
97 4.333029 -2.638104  6.971133 6.97
98 4.333029 -2.638104  6.971133 6.97
99 4.333029 -2.638104  6.971133 6.97
100 4.333029 -2.638104  6.971133 6.97
101 4.333029 -2.638104  6.971133 6.97
102 4.333029 -2.638104  6.971133 6.97
103 4.333029 -2.638104  6.971133 6.97
104 4.333029 -2.638104  6.971133 6.97
105 4.333029 -2.638104  6.971133 6.97
106 4.333029 -2.638104  6.971133 6.97
107 4.333029 -2.638104  6.971133 6.97
108 4.333029 -2.638104  6.971133 6.97
109 4.333029 -2.638104  6.971133 6.97
110 4.333029 -2.638104  6.971133 6.97
111 4.333029 -2.638104  6.971133 6.97
112 4.333029 -2.638104  6.971133 6.97
113 4.333029 -2.638104  6.971133 6.97
114 4.333029 -2.638104  6.971133 6.97
115 4.333029 -2.638104  6.971133 6.97
116 4.333029 -2.638104  6.971133 6.97
117 4.333029 -2.638104  6.971133 6.97
118 4.333029 -2.638104  6.971133 6.97
119 4.333029 -2.638104  6.971133 6.97
120 4.333029 -2.638104  6.971133 6.97
121 4.333029 -2.638104  6.971133 6.97
122 4.333029 -2.638104  6.971133 6.97
123 4.333029 -2.638104  6.971133 6.97
124 4.333029 -2.638104  6.971133 6.97
125 4.333029 -2.638104  6.971133 6.97
126 4.333029 -2.638104  6.971133 6.97
127 4.333029 -2.638104  6.971133 6.97
128 4.333029 -2.638104  6.971133 6.97
129 4.333029 -2.638104  6.971133 6.97
130 4.333029 -2.638104  6.971133 6.97
131 4.333029 -2.638104  6.971133 6.97
132 4.333029 -2.638104  6.971133 6.97
133 4.333029 -2.638104  6.971133 6.97
134 4.333029 -2.638104  6.971133 6.97
135 4.333029 -2.638104  6.971133 6.97
136 4.333029 -2.638104  6.971133 6.97
137 4.333029 -2.638104  6.971133 6.97
138 4.333029 -2.638104  6.971133 6.97
139 4.333029 -2.638104  6.971133 6.97
140 4.333029 -2.638104  6.971133 6.97
141 4.333029 -2.638104  6.971133 6.97
142 4.333029 -2.638104  6.971133 6.97
143 4.333029 -2.638104  6.971133 6.97
144 4.333029 -2.638104  6.971133 6.97
145 4.333029 -2.638104  6.971133 6.97
146 4.333029 -2.638104  6.971133 6.97
147 4.333029 -2.638104  6.971133 6.97
148 4.333029 -2.638104  6.971133 6.97
149 4.333029 -2.638104  6.971133 6.97
150 4.333029 -2.638104  6.971133 6.97
151 4.333029 -2.638104  6.971133 6.97
152 4.333029 -2.638104  6.971133 6.97
153 4.333029 -2.638104  6.971133 6.97
154 4.333029 -2.638104  6.971133 6.97
155 4.333029 -2.638104  6.971133 6.97
156 4.333029 -2.638104  6.971133 6.97
157 4.333029 -2.638104  6.971133 6.97
158 4.333029 -2.638104  6.971133 6.97
159 4.333029 -2.638104  6.971133 6.97
160 4.333029 -2.638104  6.971133 6.97
161 4.333029 -2.638104  6.971133 6.97
162 4.333029 -2.638104  6.971133 6.97
163 4.333029 -2.638104  6.971133 6.97
164 4.333029 -2.638104  6.971133 6.97
165 4.333029 -2.638104  6.971133 6.97
166 4.333029 -2.638104  6.971133 6.97
167 4.333029 -2.638104  6.971133 6.97
168 4.333029 -2.638104  6.971133 6.97
169 4.333029 -2.638104  6.971133 6.97
170 4.333029 -2.638104  6.971133 6.97
171 4.333029 -2.638104  6.971133 6.97
172 4.333029 -2.638104  6.971133 6.97
173 4.333029 -2.638104  6.971133 6.97
174 4.333029 -2.638104  6.971133 6.97
175 4.333029 -2.638104  6.971133 6.97
176 4.333029 -2.638104  6.971133 6.97
177 4.333029 -2.638104  6.971133 6.97
178 4.333029 -2.638104  6.971133 6.97
179 4.333029 -2.638104  6.971133 6.97
180 4.333029 -2.638104  6.971133 6.97
181 4.333029 -2.638104  6.971133 6.97
182 4.333029 -2.638104  6.971133 6.97
183 4.333029 -2.638104  6.971133 6.97
184 4.333029 -2.638104  6.971133 6.97
185 4.333029 -2.638104  6.971133 6.97
186 4.333029 -2.638104  6.971133 6.97
187 4.333029 -2.638104  6.971133 6.97
188 4.333029 -2.638104  6.971133 6.97
189 4.333029 -2.638104  6.971133 6.97
190 4.333029 -2.638104  6.971133 6.97
191 4.333029 -2.638104  6.971133 6.97
192 4.333029 -2.638104  6.971133 6.97
193 4.333029 -2.638104  6.971133 6.97
194 4.333029 -2.638104  6.971133 6.97
195 4.333029 -2.638104  6.971133 6.97
196 4.333029 -2.638104  6.971133 6.97
197 4.333029 -2.638104  6.971133 6.97
198 4.333029 -2.638104  6.971133 6.97
199 4.333029 -2.638104  6.971133 6.97
200 4.333029 -2.638104  6.971133 6.97
201 4.333029 -2.638104  6.971133 6.97
202 4.333029 -2.638104  6.971133 6.97
203 4.333029 -2.638104  6.971133 6.97
204 4.333029 -2.638104  6.971133 6.97
205 4.333029 -2.638104  6.971133 6.97
206 4.333029 -2.638104  6.971133 6.97
207 4.333029 -2.638104  6.971133 6.97
208 4.333029 -2.638104  6.971133 6.97
209 4.333029 -2.638104  6.971133 6.97
210 4.333029 -2.638104  6.971133 6.97
211 4.333029 -2.638104  6.971133 6.97
212 4.333029 -2.638104  6.971133 6.97
213 4.333029 -2.638104  6.971133 6.97
214 4.333029 -2.638104  6.971133 6.97
215 4.333029 -2.638104  6.971133 6.97
216 4.333029 -2.638104  6.971133 6.97
217 4.333029 -2.638104  6.971133 6.97
218 4.333029 -2.638104  6.971133 6.97
219 4.333029 -2.638104  6.971133 6.97
220 4.333029 -2.638104  6.971133 6.97
221 4.333029 -2.638104  6.971133 6.97
222 4.333029 -2.638104  6.971133 6.97
223 4.333029 -2.638104  6.971133 6.97
224 4.333029 -2.638104  6.971133 6.97
225 4.333029 -2.638104  6.971133 6.97
226 4.333029 -2.638104  6.971133 6.97
227 4.333029 -2.638104  6.971133 6.97
228 4.333029 -2.638104  6.971133 6.97
229 4.333029 -2.638104  6.971133 6.97
230 4.333029 -2.638104  6.971133 6.97
231 4.333029 -2.638104  6.971133 6.97
232 4.333029 -2.638104  6.971133 6.97
233 4.333029 -2.638104  6.971133 6.97
234 4.333029 -2.638104  6.971133 6.97
235 4.333029 -2.638104  6.971133 6.97
236 4.333029 -2.638104  6.971133 6.97
237 4.333029 -2.638104  6.971133 6.97
238 4.333029 -2.638104  6.971133 6.97
239 4.333029 -2.638104  6.971133 6.97
240 4.333029 -2.638104  6.971133 6.97
241 4.333029 -2.638104  6.971133 6.97
242 4.333029 -2.638104  6.971133 6.97
243 4.333029 -2.638104  6.971133 6.97
244 4.333029 -2.638104  6.971133 6.97
245 4.333029 -2.638104  6.971133 6.97
246 4.333029 -2.638104  6.971133 6.97
247 4.333029 -2.638104  6.971133 6.97
248 4.333029 -2.638104  6.971133 6.97
249 4.333029 -2.638104  6.971133 6.97
250 4.333029 -2.638104  6.971133 6.97
251 4.333029 -2.638104  6.971133 6.97
252 4.333029 -2.638104  6.971133 6.97
253 4.333029 -2.638104  6.971133 6.97
254 4.333029 -2.638104  6.971133 6.97
255 4.333029 -2.638104  6.971133 6.97
256 4.333029 -2.638104  6.971133 6.97
257 4.333029 -2.638104  6.971133 6.97
258 4.333029 -2.638104  6.971133 6.97
259 4.333029 -2.638104  6.971133 6.97
260 4.333029 -2.638104  6.971133 6.97
261 4.333029 -2.638104  6.971133 6.97
262 4.333029 -2.638104  6.971133 6.97
263 4.333029 -2.638104  6.971133 6.97
264 4.333029 -2.638104  6.971133 6.97
265 4.333029 -2.638104  6.971133 6.97
266 4.333029 -2.638104  6.971133 6.97
267 4.333029 -2.638104  6.971133 6.97
268 4.333029 -2.638104  6.971133 6.97
269 4.333029 -2.638104  6.971133 6.97
270 4.333029 -2.638104  6.971133 6.97
271 4.333029 -2.638104  6.971133 6.97
272 4.333029 -2.638104  6.971133 6.97
273 4.333029 -2.638104  6.971133 6.97
274 4.333029 -2.638104  6.971133 6.97
275 4.333029 -2.638104  6.971133 6.97
276 4.333029 -2.638104  6.971133 6.97
277 4.333029 -2.638104  6.971133 6.97
278 4.333029 -2.638104  6.971133 6.97
279 4.333029 -2.638104  6.971133 6.97
280 4.333029 -2.638104  6.971133 6.97
281 4.333029 -2.638104  6.971133 6.97
282 4.333029 -2.638104  6.971133 6.97
283 4.333029 -2.638104  6.971133 6.97
284 4.333029 -2.638104  6.971133 6.97
285 4.333029 -2.638104  6.971133 6.97
286 4.333029 -2.638104  6.971133 6.97
287 4.333029 -2.638104  6.971133 6.97
288 4.333029 -2.638104  6.971133 6.97
289 4.333029 -2.638104  6.971133 6.97
290 4.333029 -2.638104  6.971133 6.97
291 4.333029 -2.638104  6.971133 6.97
292 4.333029 -2.638104  6.971133 6.97
293 4.333029 -2.638104  6.971133 6.97
294 4.333029 -2.638104  6.971133 6.97
295 4.333029 -2.638104  6.971133 6.97
296 4.333029 -2.638104  6.971133 6.97
297 4.333029 -2.638104  6.971133 6.97
298 4.333029 -2.638104  6.971133 6.97
299 4.333029 -2.638104  6.971133 6.97
300 4.333029 -2.638104  6.971133 6.97
301 4.333029 -2.638104  6.971133 6.97
302 4.333029 -2.638104  6.971133 6.97
303 4.333029 -2.638104  6.971133 6.97
304 4.333029 -2.638104  6.971133 6.97
305 4.333029 -2.638104  6.971133 6.97
306 4.333029 -2.638104  6.971133 6.97
307 4.333029 -2.638104  6.971133 6.97
308 4.333029 -2.638104  6.971133 6.97
309 4.333029 -2.638104  6.971133 6.97
310 4.333029 -2.638104  6.971133 6.97
311 4.333029 -2.638104  6.971133 6.97
312 4.333029 -2.638104  6.971133 6.97
313 4.333029 -2.638104  6.971133 6.97
314 4.333029 -2.638104  6.971133 6.97
315 4.333029 -2.638104  6.971133 6.97
316 4.333029 -2.638104  6.971133 6.97
317 4.333029 -2.638104  6.971133 6.97
318 4.333029 -2.638104  6.971133 6.97
319 4.333029 -2.638104  6.971133 6.97
320 4.333029 -2.638104  6.971133 6.97
321 4.333029 -2.638104  6.971133 6.97
322 4.333029 -2.638104  6.971133 6.97
323 4.333029 -2.638104  6.971133 6.97
324 4.333029 -2.638104  6.971133 6.97
325 4.333029 -2.638104  6.971133 6.97
326 4.333029 -2.638104  6.971133 6.97
327 4.333029 -2.638104  6.971133 6.97
328 4.333029 -2.638104  6.971133 6.97
329 4.333029 -2.638104  6.971133 6.97
330 4.333029 -2.638104  6.971133 6.97
331 4.333029 -2.638104  6.971133 6.97
332 4.333029 -2.638104  6.971133 6.97
333 4.333029 -2.638104  6.971133 6.97
334 4.333029 -2.638104  6.971133 6.97
335 4.333029 -2.638104  6.971133 6.97
336 4.333029 -2.638104  6.971133 6.97
337 4.333029 -2.638104  6.971133 6.97
338 4.333029 -2.638104  6.971133 6.97
339 4.333029 -2.638104  6.971133 6.97
340 4.333029 -2.638104  6.971133 6.97
341 4.333029 -2.638104  6.971133 6.97
342 4.333029 -2.638104  6.971133 6.97
343 4.333029 -2.638104  6.971133 6.97
344 4.333029 -2.638104  6.971133 6.97
345 4.333029 -2.638104  6.971133 6.97
346 4.333029 -2.638104  6.971133 6.97
347 4.333029 -2.638104  6.971133 6.97
348 4.333029 -2.638104  6.971133 6.97
349 4.333029 -2.638104  6.971133 6.97
350 4.333029 -2.638104  6.971133 6.97
351 4.333029 -2.638104  6.971133 6.97
352 4.333029 -2.638104  6.971133 6.97
353 4.333029 -2.638104  6.971133 6.97
354 4.333029 -2.638104  6.971133 6.97
355 4.333029 -2.638104  6.971133 6.97
356 4.333029 -2.638104  6.971133 6.97
357 4.333029 -2.638104  6.971133 6.97
358 4.333029 -2.638104  6.971133 6.97
359 4.333029 -2.638104  6.971133 6.97
360 4.333029 -2.638104  6.971133 6.97
361 4.333029 -2.638104  6.971133 6.97
362 4.333029 -2.638104  6.971133 6.97
363 4.333029 -2.638104  6.971133 6.97
364 4.333029 -2.638104  6.971133 6.97
365 4.333029 -2.638104  6.971133 6.97
366 4.333029 -2.638104  6.971133 6.97
367 4.333029 -2.638104  6.971133 6.97
368 4.333029 -2.638104  6.971133 6.97
369 4.333029 -2.638104  6.971133 6.97
370 4.333029 -2.638104  6.971133 6.97
371 4.333029 -2.638104  6.971133 6.97
372 4.333029 -2.638104  6.971133 6.97
373 4.333029 -2.638104  6.971133 6.97
374 4.333029 -2.638104  6.971133 6.97
375 4.333029 -2.638104  6.971133 6.97
376 4.333029 -2.638104  6.971133 6.97
377 4.333029 -2.638104  6.971133 6.97
378 4.333029 -2.638104  6.971133 6.97
379 4.333029 -2.638104  6.971133 6.97
380 4.333029 -2.638104  6.971133 6.97
381 4.333029 -2.638104  6.971133 6.97
382 4.333029 -2.638104  6.971133 6.97
383 4.333029 -2.638104  6.971133 6.97
384 4.333029 -2.638104  6.971133 6.97
385 4.333029 -2.638104  6.971133 6.97
386 4.333029 -2.638104  6.971133 6.97
387 4.333029 -2.638104  6.971133 6.97
388 4.333029 -2.638104  6.971133 6.97
389 4.333029 -2.638104  6.971133 6.97
390 4.333029 -2.638104  6.971133 6.97
391 4.333029 -2.638104  6.971133 6.97
392 4.333029 -2.638104  6.971133 6.97
393 4.333029 -2.638104  6.971133 6.97
394 4.333029 -2.638104  6.971133 6.97
395 4.333029 -2.638104  6.971133 6.97
396 4.333029 -2.638104  6.971133 6.97
397 4.333029 -2.638104  6.971133 6.97
398 4.333029 -2.638104  6.971133 6.97
399 4.333029 -2.638104  6.971133 6.97
400 4.333029 -2.638104  6.971133 6.97
401 4.333029 -2.638104  6.971133 6.97
402 4.333029 -2.638104  6.971133 6.97
403 4.333029 -2.638104  6.971133 6.97
404 4.333029 -2.638104  6.971133 6.97
405 4.333029 -2.638104  6.971133 6.97
406 4.333029 -2.638104  6.971133 6.97
407 4.333029 -2.638104  6.971133 6.97
408 4.333029 -2.638104  6.971133 6.97
409 4.333029 -2.638104  6.971133 6.97
410 4.333029 -2.638104  6.971133 6.97
411 4.333029 -2.638104  6.971133 6.97
412 4.333029 -2.638104  6.971133 6.97
413 4.333029 -2.638104  6.971133 6.97
414 4.333029 -2.638104  6.971133 6.97
415 4.333029 -2.638104  6.971133 6.97
416 4.333029 -2.638104  6.971133 6.97
417 4.333029 -2.638104  6.971133 6.97
418 4.333029 -2.638104  6.971133 6.97
419 4.333029 -2.638104  6.971133 6.97
420 4.333029 -2.638104  6.971133 6.97
421 4.333029 -2.638104  6.971133 6.97
422 4.333029 -2.638104  6.971133 6.97
423 4.333029 -2.638104  6.971133 6.97
424 4.333029 -2.638104  6.971133 6.97
425 4.333029 -2.638104  6.971133 6.97
426 4.333029 -2.638104  6.971133 6.97
427 4.333029 -2.638104  6.971133 6.97
428 4.333029 -2.638104  6.971133 6.97
429 4.333029 -2.638104  6.971133 6.97
430 4.333029 -2.638104  6.971133 6.97
431 4.333029 -2.638104  6.971133 6.97
432 4.333029 -2.638104  6.971133 6.97
433 4.333029 -2.638104  6.971133 6.97
434 4.333029 -2.638104  6.971133 6.97
435 4.333029 -2.638104  6.971133 6.97
436 4.333029 -2.638104  6.971133 6.97
437 4.333029 -2.638104  6.971133 6.97
438 4.333029 -2.638104  6.971133 6.97
439 4.333029 -2.638104  6.971133 6.97
440 4.333029 -2.638104  6.971133 6.97
441 4.333029 -2.638104  6.971133 6.97
442 4.333029 -2.638104  6.971133 6.97
443 4.333029 -2.638104  6.971133 6.97
444 4.333029 -2.638104  6.971133 6.97
445 4.333029 -2.638104  6.971133 6.97
446 4.333029 -2.638104  6.971133 6.97
447 4.333029 -2.638104  6.971133 6.97
448 4.333029 -2.638104  6.971133 6.97
449 4.333029 -2.638104  6.971133 6.97
450 4.333029 -2.638104  6.971133 6.97
451 4.333029 -2.638104  6.971133 6.97
452 4.333029 -2.638104  6.971133 6.97
453 4.333029 -2.638104  6.971133 6.97
454 4.333029 -2.638104  6.971133 6.97
455 4.333029 -2.638104  6.971133 6.97
456 4.333029 -2.638104  6.971133 6.97
457 4.333029 -2.638104  6.971133 6.97
458 4.333029 -2.638104  6.971133 6.97
459 4.333029 -2.638104  6.971133 6.97
460 4.333029 -2.638104  6.971133 6.97
461 4.333029 -2.638104  6.971133 6.97
462 4.333029 -2.638104  6.971133 6.97
463 4.333029 -2.638104  6.971133 6.97
464 4.333029 -2.638104  6.971133 6.97
465 4.333029 -2.638104  6.971133 6.97
466 4.333029 -2.638104  6.971133 6.97
467 4.333029 -2.638104  6.971133 6.97
468 4.333029 -2.638104  6.971133 6.97
469 4.333029 -2.638104  6.971133 6.97
470 4.333029 -2.638104  6.971133 6.97
471 4.333029 -2.638104  6.971133 6.97
472 4.333029 -2.638104  6.971133 6.97
473 4.333029 -2.638104  6.971133 6.97
474 4.333029 -2.638104  6.971133 6.97
475 4.333029 -2.638104  6.971133 6.97
476 4.333029 -2.638104  6.971133 6.97
477 4.333029 -2.638104  6.971133 6.97
478 4.333029 -2.638104  6.971133 6.97
479 4.333029 -2.638104  6.971133 6.97
480 4.333029 -2.638104  6.971133 6.97
481 4.333029 -2.638104  6.971133 6.97
482 4.333029 -2.638104  6.971133 6.97
483 4.333029 -2.638104  6.971133 6.97
484 4.333029 -2.638104  6.971133 6.97
485 4.333029 -2.638104  6.971133 6.97
486 4.333029 -2.638104  6.971133 6.97
487 4.333029 -2.638104  6.971133 6.97
488 4.333029 -2.638104  6.971133 6.97
489 4.333029 -2.638104  6.971133 6.97
490 4.333029 -2.638104  6.971133 6.97
491 4.333029 -2.638104  6.971133 6.97
492 4.333029 -2.638104  6.971133 6.97
493 4.333029 -2.638104  6.971133 6.97
494 4.333029 -2.638104  6.971133 6.97
495 4.333029 -2.638104  6.971133 6.97
496 4.333029 -2.638104  6.971133 6.97
497 4.333029 -2.638104  6.971133 6.97
498 4.333029 -2.638104  6.971133 6.97
499 4.333029 -2.638104  6.971133 6.97
500 4.333029 -2.638104  6.971133 6.97
501 4.333029 -2.638104  6.971133 6.97
502 4.333029 -2.638104  6.971133 6.97
503 4.333029 -2.638104  6.971133 6.97
504 4.333029 -2.638104  6.971133 6.97
505 4.333029 -2.638104  6.971133 6.97
506 4.333029 -2.638104  6.971133 6.97
507 4.333029 -2.638104  6.971133 6.97
508 4.333029 -2.638104  6.971133 6.97
509 4.333029 -2.638104  6.971133 6.97
510 4.333029 -2.638104  6.971133 6.97
511 4.333029 -2.638104  6.971133 6.97
512 4.333029 -2.638104  6.971133 6.97
513 4.333029 -2.638104  6.971133 6.97
514 4.333029 -2.638104  6.971133 6.97
515 4.333029 -2.638104  6.971133 6.97
516 4.333029 -2.638104  6.971133 6.97
517 4.333029 -2.638104  6.971133 6.97
518 4.333029 -2.638104  6.971133 6.97
519 4.333029 -2.638104  6.971133 6.97
520 4.333029 -2.638104  6.971133 6.97
521 4.333029 -2.638104  6.971133 6.97
522 4.333029 -2.638104  6.971133 6.97
523 4.333029 -2.638104  6.971133 6.97
524 4.333029 -2.638104  6.971133 6.97
525 4.333029 -2.638104  6.971133 6.97
526 4.333029 -2.638104  6.971133 6.97
527 4.333029 -2.638104  6.971133 6.97
528 4.333029 -2.638104  6.971133 6.97
529 4.333029 -2.638104  6.971133 6.97
530 4.333029 -2.638104  6.971133 6.97
531 4.333029 -2.638104  6.971133 6.97
532 4.333029 -2.638104  6.971133 6.97
533 4.333029 -2.638104  6.971133 6.97
534 4.333029 -2.638104  6.971133 6.97
535 4.333029 -2.638104  6.971133 6.97
536 4.333029 -2.638104  6.971133 6.97
537 4.333029 -2.638104  6.971133 6.97
538 4.333029 -2.638104  6.971133 6.97
539 4.333029 -2.638104  6.971133 6.97
540 4.333029 -2.638104  6.971133 6.97
541 4.333029 -2.638104  6.971133 6.97
542 4.333029 -2.638104  6.971133 6.97
543 4.333029 -2.638104  6.971133 6.97
544 4.333029 -2.638104  6.971133 6.97
545 4.333029 -2.638104  6.971133 6.97
546 4.333029 -2.638104  6.971133 6.97
547 4.333029 -2.638104  6.971133 6.97
548 4.333029 -2.638104  6.971133 6.97
549 4.333029 -2.638104  6.971133 6.97
550 4.333029 -2.638104  6.971133 6.97
551 4.333029 -2.638104  6.971133 6.97
552 4.333029 -2.638104  6.971133 6.97
553 4.333029 -2.638104  6.971133 6.97
554 4.333029 -2.638104  6.971133 6.97
555 4.333029 -2.638104  6.971133 6.97
556 4.333029 -2.638104  6.971133 6.97
557 4.333029 -2.638104  6.971133 6.97
558 4.333029 -2.638104  6.971133 6.97
559 4.333029 -2.638104  6.971133 6.97
560 4.333029 -2.638104  6.971133 6.97
561 4.333029 -2.638104  6.971133 6.97
562 4.333029 -2.638104  6.971133 6.97
563 4.333029 -2.638104  6.971133 6.97
564 4.333029 -2.638104  6.971133 6.97
565 4.333029 -2.638104  6.971133 6.97
566 4.333029 -2.638104  6.971133 6.97
567 4.333029 -2.638104  6.971133 6.97
568 4.333029 -2.638104  6.971133 6.97
569 4.333029 -2.638104  6.971133 6.97
570 4.333029 -2.638104  6.971133 6.97
571 4.333029 -2.638104  6.971133 6.97
572 4.333029 -2.638104  6.971133 6.97
573 4.333029 -2.638104  6.971133 6.97
574 4.333029 -2.638104  6.971133 6.97
575 4.333029 -2.638104  6.971133 6.97
576 4.333029 -2.638104  6.971133 6.97
577 4.333029 -2.638104  6.971133 6.97
578 4.333029 -2.638104  6.971133 6.97
579 4.333029 -2.638104  6.971133 6.97
580 4.333029 -2.638104  6.971133 6.97
581 4.333029 -2.638104  6.971133 6.97
582 4.333029 -2.638104  6.971133 6.97
583 4.333029 -2.638104  6.971133 6.97
584 4.333029 -2.638104  6.971133 6.97
585 4.333029 -2.638104  6.971133 6.97
586 4.333029 -2.638104  6.971133 6.97
587 4.333029 -2.638104  6.971133 6.97
588 4.333029 -2.638104  6.971133 6.97
589 4.333029 -2.638104  6.971133 6.97
590 4.333029 -2.638104  6.971133 6.97
591 4.333029 -2.638104  6.971133 6.97
592 4.333029 -2.638104  6.971133 6.97
593 4.333029 -2.638104  6.971133 6.97
594 4.333029 -2.638104  6.971133 6.97
595 4.333029 -2.638104  6.971133 6.97
596 4.333029 -2.638104  6.971133 6.97
597 4.333029 -2.638104  6.971133 6.97
598 4.333029 -2.638104  6.971133 6.97
599 4.333029 -2.638104  6.971133 6.97
600 4.333029 -2.638104  6.971133 6.97
601 4.333029 -2.638104  6.971133 6.97
602 4.333029 -2.638104  6.971133 6.97
603 4.333029 -2.638104  6.971133 6.97
604 4.333029 -2.638104  6.971133 6.97
605 4.333029 -2.638104  6.971133 6.97
606 4.333029 -2.638104  6.971133 6.97
607 4.333029 -2.638104  6.971133 6.97
608 4.333029 -2.638104  6.971133 6.97
609 4.333029 -2.638104  6.971133 6.97
610 4.333029 -2.638104  6.971133 6.97
611 4.333029 -2.638104  6.971133 6.97
612 4.333029 -2.638104  6.971133 6.97
613 4.333029 -2.638104  6.971133 6.97
614 4.333029 -2.638104  6.971133 6.97
615 4.333029 -2.638104  6.971133 6.97
616 4.333029 -2.638104  6.971133 6.97
617 4.333029 -2.638104  6.971133 6.97
618 4.333029 -2.638104  6.971133 6.97
619 4.333029 -2.638104  6.971133 6.97
620 4.333029 -2.638104  6.971133 6.97
621 4.333029 -2.638104  6.971133 6.97
622 4.333029 -2.638104  6.971133 6.97
623 4.333029 -2.638104  6.971133 6.97
624 4.333029 -2.638104  6.971133 6.97
625 4.333029 -2.638104  6.971133 6.97
626 4.333029 -2.638104  6.971133 6.97
627 4.333029 -2.638104  6.971133 6.97
628 4.333029 -2.638104  6.971133 6.97
629 4.333029 -2.638104  6.971133 6.97
630 4.333029 -2.638104  6.971133 6.97
631 4.333029 -2.638104  6.971133 6.97
632 4.333029 -2.638104  6.971133 6.97
633 4.333029 -2.638104  6.971133 6.97
634 4.333029 -2.638104  6.971133 6.97
635 4.333029 -2.638104  6.971133 6.97
636 4.333029 -2.638104  6.971133 6.97
637 4.333029 -2.638104  6.971133 6.97
638 4.333029 -2.638104  6.971133 6.97
639 4.333029 -2.638104  6.971133 6.97
640 4.333029 -2.638104  6.971133 6.97
641 4.333029 -2.638104  6.971133 6.97
642 4.333029 -2.638104  6.971133 6.97
643 4.333029 -2.638104  6.971133 6.97
644 4.333029 -2.638104  6.971133 6.97
645 4.333029 -2.638104  6.971133 6.97
646 4.333029 -2.638104  6.971133 6.97
647 4.333029 -2.638104  6.971133 6.97
648 4.333029 -2.638104  6.971133 6.97
649 4.333029 -2.638104  6.971133 6.97
650 4.333029 -2.638104  6.971133 6.97
651 4.333029 -2.638104  6.971133 6.97
652 4.333029 -2.638104  6.971133 6.97
653 4.333029 -2.638104  6.971133 6.97
654 4.333029 -2.638104  6.971133 6.97
655 4.333029 -2.638104  6.971133 6.97
656 4.333029 -2.638104  6.971133 6.97
657 4.333029 -2.638104  6.971133 6.97
658 4.333029 -2.638104  6.971133 6.97
659 4.333029 -2.638104  6.971133 6.97
660 4.333029 -2.638104  6.971133 6.97
661 4.333029 -2.638104  6.971133 6.97
662 4.333029 -2.638104  6.971133 6.97
663 4.333029 -2.638104  6.971133 6.97
664 4.333029 -2.638104  6.971133 6.97
665 4.333029 -2.638104  6.971133 6.97
666 4.333029 -2.638104  6.971133 6.97
667 4.333029 -2.638104  6.971133 6.97
668 4.333029 -2.638104  6.971133 6.97
669 4.333029 -2.638104  6.971133 6.97
670 4.333029 -2.638104  6.971133 6.97
671 4.333029 -2.638104  6.971133 6.97
672 4.333029 -2.638104  6.971133 6.97
673 4.333029 -2.638104  6.971133 6.97
674 4.333029 -2.638104  6.971133 6.97
675 4.333029 -2.638104  6.971133 6.97
676 4.333029 -2.638104  6.971133 6.97
677 4.333029 -2.638104  6.971133 6.97
678 4.333029 -2.638104  6.971133 6.97
679 4.333029 -2.638104  6.971133 6.97
680 4.333029 -2.638104  6.971133 6.97
681 4.333029 -2.638104  6.971133 6.97
682 4.333029 -2.638104  6.971133 6.97
683 4.333029 -2.638104  6.971133 6.97
684 4.333029 -2.638104  6.971133 6.97
685 4.333029 -2.638104  6.971133 6.97
686 4.333029 -2.638104  6.971133 6.97
687 4.333029 -2.638104  6.971133 6.97
688 4.333029 -2.638104  6.971133 6.97
689 4.333029 -2.638104  6.971133 6.97
690 4.333029 -2.638104  6.971133 6.97
691 4.333029 -2.638104  6.971133 6.97
692 4.333029 -2.638104  6.971133 6.97
693 4.333029 -2.638104  6.971133 6.97
694 4.333029 -2.638104  6.971133 6.97
695 4.333029 -2.638104  6.971133 6.97
696 4.333029 -2.638104  6.971133 6.97
697 4.333029 -2.638104  6.971133 6.97
698 4.333029 -2.638104  6.971133 6.97
699 4.333029 -2.638104  6.971133 6.97
700 4.333029 -2.638104  6.971133 6.97
701 4.333029 -2.638104  6.971133 6.97
702 4.333029 -2.638104  6.971133 6.97
703 4.333029 -2.638104  6.971133 6.97
704 4.333029 -2.638104  6.971133 6.97
705 4.333029 -2.638104  6.971133 6.97
706 4.333029 -2.638104  6.971133 6.97
707 4.333029 -2.638104  6.971133 6.97
708 4.333029 -2.638104  6.971133 6.97
709 4.333029 -2.638104  6.971133 6.97
710 4.333029 -2.638104  6.971133 6.97
711 4.333029 -2.638104  6.971133 6.97
712 4.333029 -2.638104  6.971133 6.97
713 4.333029 -2.638104  6.971133 6.97
714 4.333029 -2.638104  6.971133 6.97
715 4.333029 -2.638104  6.971133 6.97
716 4.333029 -2.638104  6.971133 6.97
717 4.333029 -2.638104  6.971133 6.97
718 4.333029 -2.638104  6.971133 6.97
719 4.333029 -2.638104  6.971133 6.97
720 4.333029 -2.638104  6.971133 6.97
721 4.333029 -2.638104  6.971133 6.97
722 4.333029 -2.638104  6.971133 6.97
723 4.333029 -2.638104  6.971133 6.97
724 4.333029 -2.638104  6.971133 6.97
725 4.333029 -2.638104  6.971133 6.97
726 4.333029 -2.638104  6.971133 6.97
727 4.333029 -2.638104  6.971133 6.97
728 4.333029 -2.638104  6.971133 6.97
729 4.333029 -2.638104  6.971133 6.97
730 4.333029 -2.638104  6.971133 6.97
731 4.333029 -2.638104  6.971133 6.97
732 4.333029 -2.638104  6.971133 6.97
733 4.333029 -2.638104  6.971133 6.97
734 4.333029 -2.638104  6.971133 6.97
735 4.333029 -2.638104  6.971133 6.97
736 4.333029 -2.638104  6.971133 6.97
737 4.333029 -2.638104  6.971133 6.97
738 4.333029 -2.638104  6.971133 6.97
739 4.333029 -2.638104  6.971133 6.97
740 4.333029 -2.638104  6.971133 6.97
741 4.333029 -2.638104  6.971133 6.97
742 4.333029 -2.638104  6.971133 6.97
743 4.333029 -2.638104  6.971133 6.97
744 4.333029 -2.638104  6.971133 6.97
745 4.333029 -2.638104  6.971133 6.97
746 4.333029 -2.638104  6.971133 6.97
747 4.333029 -2.638104  6.971133 6.97
748 4.333029 -2.638104  6.971133 6.97
749 4.333029 -2.638104  6.971133 6.97
750 4.333029 -2.638104  6.971133 6.97
751 4.333029 -2.638104  6.971133 6.97
752 4.333029 -2.638104  6.971133 6.97
753 4.333029 -2.638104  6.971133 6.97
754 4.333029 -2.638104  6.971133 6.97
755 4.333029 -2.638104  6.971133 6.97
756 4.333029 -2.638104  6.971133 6.97
757 4.333029 -2.638104  6.971133 6.97
758 4.333029 -2.638104  6.971133 6.97
759 4.333029 -2.638104  6.971133 6.97
760 4.333029 -2.638104  6.971133 6.97
761 4.333029 -2.638104  6.971133 6.97
762 4.333029 -2.638104  6.971133 6.97
763 4.333029 -2.638104  6.971133 6.97
764 4.333029 -2.638104  6.971133 6.97
765 4.333029 -2.638104  6.971133 6.97
766 4.333029 -2.638104  6.971133 6.97
767 4.333029 -2.638104  6.971133 6.97
768 4.333029 -2.638104  6.971133 6.97
769 4.333029 -2.638104  6.971133 6.97
770 4.333029 -2.638104  6.971133 6.97
771 4.333029 -2.638104  6.971133 6.97
772 4.333029 -2.638104  6.971133 6.97
773 4.333029 -2.638104  6.971133 6.97
774 4.333029 -2.638104  6.971133 6.97
775 4.333029 -2.638104  6.971133 6.97
776 4.333029 -2.638104  6.971133 6.97
777 4.333029 -2.638104  6.971133 6.97
778 4.333029 -2.638104  6.971133 6.97
779 4.333029 -2.638104  6.971133 6.97
780 4.333029 -2.638104  6.971133 6.97
781 4.333029 -2.638104  6.971133 6.97
782 4.333029 -2.638104  6.971133 6.97
783 4.333029 -2.638104  6.971133 6.97
784 4.333029 -2.638104  6.971133 6.97
785 4.333029 -2.638104  6.971133 6.97
786 4.333029 -2.638104  6.971133 6.97
787 4.333029 -2.638104  6.971133 6.97
788 4.333029 -2.638104  6.971133 6.97
789 4.333029 -2.638104  6.971133 6.97
790 4.333029 -2.638104  6.971133 6.97
791 4.333029 -2.638104  6.971133 6.97
792 4.333029 -2.638104  6.971133 6.97
793 4.333029 -2.638104  6.971133 6.97
794 4.333029 -2.638104  6.971133 6.97
795 4.333029 -2.638104  6.971133 6.97
796 4.333029 -2.638104  6.971133 6.97
797 4.333029 -2.638104  6.971133 6.97
798 4.333029 -2.638104  6.971133 6.97
799 4.333029 -2.638104  6.971133 6.97
800 4.333029 -2.638104  6.971133 6.97
801 4.333029 -2.638104  6.971133 6.97
802 4.333029 -2.638104  6.971133 6.97
803 4.333029 -2.638104  6.971133 6.97
804 4.333029 -2.638104  6.971133 6.97
805 4.333029 -2.638104  6.971133 6.97
806 4.333029 -2.638104  6.971133 6.97
807 4.333029 -2.638104  6.971133 6.97
808 4.333029 -2.638104  6.971133 6.97
809 4.333029 -2.638104  6.971133 6.97
810 4.333029 -2.638104  6.971133 6.97
811 4.333029 -2.638104  6.971133 6.97
812 4.333029 -2.638104  6.971133 6.97
813 4.333029 -2.638104  6.971133 6.97
814 4.333029 -2.638104  6.971133 6.97
815 4.333029 -2.638104  6.971133 6.97
816 4.333029 -2.638104  6.971133 6.97
817 4.333029 -2.638104  6.971133 6.97
818 4.333029 -2.638104  6.971133 6.97
819 4.333029 -2.638104  6.971133 6.97
820 4.333029 -2.638104  6.971133 6.97
821 4.333029 -2.638104  6.971133 6.97
822 4.333029 -2.638104  6.971133 6.97
823 4.333029 -2.638104  6.971133 6.97
824 4.333029 -2.638104  6.971133 6.97
825 4.333029 -2.638104  6.971133 6.97
826 4.333029 -2.638104  6.971133 6.97
827 4.333029 -2.638104  6.971133 6.97
828 4.333029 -2.638104  6.971133 6.97
829 4.333029 -2.638104  6.971133 6.97
830 4.333029 -2.638104  6.971133 6.97
831 4.333029 -2.638104  6.971133 6.97
832 4.333029 -2.638104  6.971133 6.97
833 4.333029 -2.638104  6.971133 6.97
834 4.333029 -2.638104  6.971133 6.97
835 4.333029 -2.638104  6.971133 6.97
836 4.333029 -2.638104  6.971133 6.97
837 4.333029 -2.638104  6.971133 6.97
838 4.333029 -2.638104  6.971133 6.97
839 4.333029 -2.638104  6.971133 6.97
840 4.333029 -2.638104  6.971133 6.97
841 4.333029 -2.638104  6.971133 6.97
842 4.333029 -2.638104  6.971133 6.97
843 4.333029 -2.638104  6.971133 6.97
844 4.333029 -2.638104  6.971133 6.97
845 4.333029 -2.638104  6.971133 6.97
846 4.333029 -2.638104  6.971133 6.97
847 4.333029 -2.638104  6.971133 6.97
848 4.333029 -2.638104  6.971133 6.97
849 4.333029 -2.638104  6.971133 6.97
850 4.333029 -2.638104  6.971133 6.97
851 4.333029 -2.638104  6.971133 6.97
852 4.333029 -2.638104  6.971133 6.97
853 4.333029 -2.638104  6.971133 6.97
854 4.333029 -2.638104  6.971133 6.97
855 4.333029 -2.638104  6.971133 6.97
856 4.333029 -2.638104  6.971133 6.97
857 4.333029 -2.638104  6.971133 6.97
858 4.333029 -2.638104  6.971133 6.97
859 4.333029 -2.638104  6.971133 6.97
860 4.333029 -2.638104  6.971133 6.97
861 4.333029 -2.638104  6.971133 6.97
862 4.333029 -2.638104  6.971133 6.97
863 4.333029 -2.638104  6.971133 6.97
864 4.333029 -2.638104  6.971133 6.97
865 4.333029 -2.638104  6.971133 6.97
866 4.333029 -2.638104  6.971133 6.97
867 4.333029 -2.638104  6.971133 6.97
868 4.333029 -2.638104  6.971133 6.97
869 4.333029 -2.638104  6.971133 6.97
870 4.333029 -2.638104  6.971133 6.97
871 4.333029 -2.638104  6.971133 6.97
872 4.333029 -2.638104  6.971133 6.97
873 4.333029 -2.638104  6.971133 6.97
874 4.333029 -2.638104  6.971133 6.97
875 4.333029 -2.638104  6.971133 6.97
876 4.333029 -2.638104  6.971133 6.97
877 4.333029 -2.638104  6.971133 6.97
878 4.333029 -2.638104  6.971133 6.97
879 4.333029 -2.638104  6.971133 6.97
880 4.333029 -2.638104  6.971133 6.97
881 4.333029 -2.638104  6.971133 6.97
882 4.333029 -2.638104  6.971133 6.97
883 4.333029 -2.638104  6.971133 6.97
884 4.333029 -2.638104  6.971133 6.97
885 4.333029 -2.638104  6.971133 6.97
886 4.333029 -2.638104  6.971133 6.97
887 4.333029 -2.638104  6.971133 6.97
888 4.333029 -2.638104  6.971133 6.97
889 4.333029 -2.638104  6.971133 6.97
890 4.333029 -2.638104  6.971133 6.97
891 4.333029 -2.638104  6.971133 6.97
892 4.333029 -2.638104  6.971133 6.97
893 4.333029 -2.638104  6.971133 6.97
894 4.333029 -2.638104  6.971133 6.97
895 4.333029 -2.638104  6.971133 6.97
896 4.333029 -2.638104  6.971133 6.97
897 4.333029 -2.638104  6.971133 6.97
898 4.333029 -2.638104  6.971133 6.97
899 4.333029 -2.638104  6.971133 6.97
900 4.333029 -2.638104  6.971133 6.97
901 4.333029 -2.638104  6.971133 6.97
902 4.333029 -2.638104  6.971133 6.97
903 4.333029 -2.638104  6.971133 6.97
904 4.333029 -2.638104  6.971133 6.97
905 4.333029 -2.638104  6.971133 6.97
906 4.333029 -2.638104  6.971133 6.97
907 4.333029 -2.638104  6.971133 6.97
908 4.333029 -2.638104  6.971133 6.97
909 4.333029 -2.638104  6.971133 6.97
910 4.333029 -2.638104  6.971133 6.97
911 4.333029 -2.638104  6.971133 6.97
912 4.333029 -2.638104  6.971133 6.97
913 4.333029 -2.638104  6.971133 6.97
914 4.333029 -2.638104  6.971133 6.97
915 4.333029 -2.638104  6.971133 6.97
916 4.333029 -2.638104  6.971133 6.97
917 4.333029 -2.638104  6.971133 6.97
918 4.333029 -2.638104  6.971133 6.97
919 4.333029 -2.638104  6.971133 6.97
920 4.333029 -2.638104  6.971133 6.97
921 4.333029 -2.638104  6.971133 6.97
922 4.333029 -2.638104  6.971133 6.97
923 4.333029 -2.638104  6.971133 6.97
924 4.333029 -2.638104  6.971133 6.97
925 4.333029 -2.638104  6.971133 6.97
926 4.333029 -2.638104  6.971133 6.97
927 4.333029 -2.638104  6.971133 6.97
928 4.333029 -2.638104  6.971133 6.97
929 4.333029 -2.638104  6.971133 6.97
930 4.333029 -2.638104  6.971133 6.97
931 4.333029 -2.638104  6.971133 6.97
932 4.333029 -2.638104  6.971133 6.97
933 4.333029 -2.638104  6.971133 6.97
934 4.333029 -2.638104  6.971133 6.97
935 4.333029 -2.638104  6.971133 6.97
936 4.333029 -2.638104  6.971133 6.97
937 4.333029 -2.638104  6.971133 6.97
938 4.333029 -2.638104  6.971133 6.97
939 4.333029 -2.638104  6.971133 6.97
940 4.333029 -2.638104  6.971133 6.97
941 4.333029 -2.638104  6.971133 6.97
942 4.333029 -2.638104  6.971133 6.97
943 4.333029 -2.638104  6.971133 6.97
944 4.333029 -2.638104  6.971133 6.97
945 4.333029 -2.638104  6.971133 6.97
946 4.333029 -2.638104  6.971133 6.97
947 4.333029 -2.638104  6.971133 6.97
948 4.333029 -2.638104  6.971133 6.97
949 4.333029 -2.638104  6.971133 6.97
950 4.333029 -2.638104  6.971133 6.97
951 4.333029 -2.638104  6.971133 6.97
952 4.333029 -2.638104  6.971133 6.97
953 4.333029 -2.638104  6.971133 6.97
954 4.333029 -2.638104  6.971133 6.97
955 4.333029 -2.638104  6.971133 6.97
956 4.333029 -2.638104  6.971133 6.97
957 4.333029 -2.638104  6.971133 6.97
958 4.333029 -2.638104  6.971133 6.97
959 4.333029 -2.638104  6.971133 6.97
960 4.333029 -2.638104  6.971133 6.97
961 4.333029 -2.638104  6.971133 6.97
962 4.333029 -2.638104  6.971133 6.97
963 4.333029 -2.638104  6.971133 6.97
964 4.333029 -2.638104  6.971133 6.97
965 4.333029 -2.638104  6.971133 6.97
966 4.333029 -2.638104  6.971133 6.97
967 4.333029 -2.638104  6.971133 6.97
968 4.333029 -2.638104  6.971133 6.97
969 4.333029 -2.638104  6.971133 6.97
970 4.333029 -2.638104  6.971133 6.97
971 4.333029 -2.638104  6.971133 6.97
972 4.333029 -2.638104  6.971133 6.97
973 4.333029 -2.638104  6.971133 6.97
974 4.333029 -2.638104  6.971133 6.97
975 4.333029 -2.638104  6.971133 6.97
976 4.333029 -2.638104  6.971133 6.97
977 4.333029 -2.638104  6.971133 6.97
978 4.333029 -2.638104  6.971133 6.97
979 4.333029 -2.638104  6.971133 6.97
980 4.333029 -2.638104  6.971133 6.97
981 4.333029 -2.638104  6.971133 6.97
982 4.333029 -2.638104  6.971133 6.97
983 4.333029 -2.638104  6.971133 6.97
984 4.333029 -2.638104  6.971133 6.97
985 4.333029 -2.638104  6.971133 6.97
986 4.333029 -2.638104  6.971133 6.97
987 4.333029 -2.638104  6.971133 6.97
988 4.333029 -2.638104  6.971133 6.97
989 4.333029 -2.638104  6.971133 6.97
990 4.333029 -2.638104  6.971133 6.97
991 4.333029 -2.638104  6.971133 6.97
992 4.333029 -2.638104  6.971133 6.97
993 4.333029 -2.638104  6.971133 6.97
994 4.333029 -2.638104  6.971133 6.97
995 4.333029 -2.638104  6.971133 6.97
996 4.333029 -2.638104  6.971133 6.97
997 4.333029 -2.638104  6.971133 6.97
998 4.333029 -2.638104  6.971133 6.97
999 4.333029 -2.638104  6.971133 6.97
